,Unnamed: 0,slot,intervall,counts,avgcpu,avgmem,maxcpu,maxmem
569,569,570,14313.0,57,108000269.88983154,80597465.51513672,295550269.1268921,83343114.85290527
570,570,571,14781.0,68,117877642.63153076,81344635.96343994,314263431.54907227,84287533.7600708
571,571,572,14819.0,66,99672108.65020752,79301363.94500732,374620340.3472901,81397052.76489258
572,572,573,14221.0,50,105295145.98846436,73639078.14025879,235882461.5478516,78567453.38439941
573,573,574,14047.0,48,116868154.52575684,75429800.98724365,396111139.29748535,77632988.92974854
574,574,575,14211.0,63,109205660.82000732,77861784.93499756,374037606.2393189,79645750.04577637
575,575,576,14252.0,69,115827898.979187,79129163.74206543,316687184.33380127,80948139.19067383
576,576,577,13969.0,68,113769900.32196043,76094655.99060059,285297472.0001221,78988896.36993408
577,577,578,13687.0,56,113511700.630188,75537241.93572998,284967232.7041626,77945343.97125244
578,578,579,13117.0,44,108390020.3704834,75534870.14770508,275882564.54467773,77259292.60253906
579,579,580,13339.0,60,111926375.38909912,74628019.33288574,314188822.74627686,77860454.55932617
580,580,581,12728.0,51,109096525.19226074,74616493.22509766,360207527.16064453,77735412.59765625
581,581,582,14533.0,106,103816781.04400636,80713150.02441406,421466150.2838135,85745682.71636963
582,582,583,14719.0,93,118505424.49951172,83693139.07623291,446807614.32647705,87506907.46307373
583,583,584,14507.0,62,116287013.05389404,85221837.99743652,411619380.9509277,88506021.49963379
584,584,585,15943.0,77,119444071.76971436,88334742.54608154,392838465.6906128,93379995.34606934
585,585,586,15841.0,65,116162625.31280518,91315947.5326538,383161186.2182617,98315591.8121338
586,586,587,15985.0,71,120419179.91638184,89300063.13323975,352439694.40460205,98345338.82141112
587,587,588,15799.0,54,117610354.42352296,87764770.5078125,304211730.95703125,92949932.09838869
588,588,589,15464.0,62,116779753.68499756,85653064.7277832,298522399.9023437,89219511.03210449
589,589,590,14698.0,60,114966317.17681883,82043650.62713623,370329303.7414551,87224670.41015625
590,590,591,14952.0,69,121969874.38201904,80196540.83251953,362830425.2624512,85666305.54199219
591,591,592,14944.0,55,117355845.45135498,79444805.14526367,301440219.8791504,83914102.55432129
592,592,593,15553.0,67,124875631.33239746,80700097.08404541,290291218.7576294,83891970.63446045
593,593,594,16033.0,67,121783702.8503418,83054934.50164795,1073456747.0550536,87774574.27978516
594,594,595,15802.0,83,110391750.33569336,75118013.38195801,294362846.3745117,78308601.37939453
595,595,596,15921.0,78,109845270.15686037,76085262.29858398,251521608.35266116,77729086.87591553
596,596,597,15630.0,72,114527583.12225342,77159621.2387085,422941790.5807495,84901163.10119629
597,597,598,15485.0,61,128518078.80401611,85166476.24969482,293684778.213501,87773983.00170898
598,598,599,15099.0,59,104876701.35498048,76651486.39678955,302580396.6522217,80089239.1204834
599,599,600,15458.0,75,106229596.13800047,78637743.94989014,377195506.09588623,81364619.25506592
600,600,601,16094.0,66,110237375.2593994,81188219.07043457,320014135.3607178,84326325.41656494
601,601,602,16103.0,72,104711350.440979,77544612.88452148,286816973.68621826,82276927.94799805
602,602,603,15750.0,61,103783221.244812,76740178.10821533,307550647.7355957,79305759.42993164
603,603,604,15658.0,63,109320948.60076904,78409244.53735352,265423175.8117676,80898354.53033447
604,604,605,15503.0,60,107737256.05010986,77310861.58752441,305906424.5223999,80889894.48547363
605,605,606,15548.0,58,109023554.80194092,79880627.63214111,277036204.33807373,82744577.40783691
606,606,607,15826.0,61,104740032.19604492,82494949.34082031,347007410.0494385,84596143.72253418
607,607,608,16562.0,65,117180811.88201904,81171993.25561523,270818662.6434326,85202136.9934082
608,608,609,16473.0,56,104600319.86236572,78712416.64886475,291632560.72998047,81534138.6795044
609,609,610,16172.0,58,107692175.86517334,77732234.95483398,288919411.6592407,81140717.50640869
610,610,611,16053.0,76,111849536.89575195,76055549.62158203,365592932.7011109,78267219.54345703
611,611,612,16411.0,112,116977909.08813477,76856093.40667725,330215450.28686523,79483882.90405273
612,612,613,16193.0,97,108441901.2069702,78462898.25439453,298692639.3508911,80761260.98632812
613,613,614,15815.0,59,111945265.7699585,79738278.38897705,303614902.4963379,82229728.69873047
614,614,615,16204.0,70,106686153.41186523,80837454.7958374,307950507.16400146,84632976.53198242
615,615,616,16200.0,54,106267261.50512695,78776550.29296875,280968189.23950195,82558250.4272461
616,616,617,16200.0,54,110397148.13232422,79647731.78100586,282891368.8659668,82650661.46850586
617,617,618,15772.0,74,118283065.79589844,78870036.1251831,288189740.18096924,80995068.55010986
618,618,619,16183.0,90,114655186.6531372,78053668.02215576,417813637.7334595,82172432.8994751
619,619,620,15316.0,79,113927621.84143066,73660781.86035156,338384375.5722046,76715397.83477783
620,620,621,16996.0,118,109110631.94274902,78848329.54406738,416398481.36901855,81880440.7119751
621,621,622,17155.0,104,111832853.31726074,78574704.17022705,717022850.9902954,81062664.03198242
622,622,623,16156.0,114,114152420.99761964,75012948.03619385,287648059.8449707,80240082.74078369
623,623,624,15431.0,85,105784159.66033936,72691898.34594727,343775634.765625,75820371.62780762
624,624,625,15224.0,71,110781336.7843628,75585938.45367432,279625182.15179443,78781426.42974854
625,625,626,15055.0,64,117454526.90124512,77298233.03222656,317260738.37280273,79714712.14294434
626,626,627,15453.0,64,111073667.52624512,76535851.47857666,427684125.90026855,80509047.50823975
627,627,628,15303.0,52,92503792.76275636,74655095.10040283,277957125.6637573,78343534.46960449
628,628,629,15048.0,51,106585073.47106934,75936492.91992188,314015571.5942383,79323015.2130127
629,629,630,16074.0,70,119624647.14050291,79665408.13446045,393136569.9768066,83330414.77203369
630,630,631,15736.0,70,118839943.88580322,77460795.40252686,365680161.47613525,80443973.54125977
631,631,632,15973.0,98,99589394.56939696,77073930.74035645,366428071.0220337,79846157.07397461
632,632,633,15565.0,92,110748119.35424805,77976010.3225708,367926136.97052,79615676.87988281
633,633,634,15490.0,69,113806756.01959229,77239772.79663086,379129129.4097901,79943676.94854736
634,634,635,15526.0,69,108885463.7145996,77744822.50213623,276154611.5875244,79613904.95300293
635,635,636,15160.0,51,111453418.73168944,76814537.04833984,303445415.4968262,80428581.23779297
636,636,637,16036.0,112,118648929.59594728,82795824.05090332,329546147.3464966,86556488.03710938
637,637,638,15046.0,71,121466958.04595947,79720046.99707031,416612557.41119385,81920389.17541504
638,638,639,14749.0,66,113981362.34283447,74736248.97003174,385249569.8928833,79454153.06091309
639,639,640,14790.0,80,128259162.90283205,79908324.24163818,549996584.892273,85215220.45135498
640,640,641,16678.0,78,126077599.52545166,82834022.52197266,330777617.4545288,86290549.27825928
641,641,642,16116.0,59,117329594.61212158,77574076.65252686,353659606.9335937,84911993.0267334
642,642,643,16436.0,92,122783523.55957033,77056666.37420654,441961635.5895996,81312354.08782959
643,643,644,16279.0,78,119532808.303833,78424605.36956787,300875737.1902466,80875401.4968872
644,644,645,14754.0,72,116870845.79467772,75385873.79455566,318917245.86486816,78699449.53918457
645,645,646,14513.0,65,104773677.82592772,72134190.5593872,345931839.9429321,74741422.65319824
646,646,647,14296.0,74,121167948.72283936,78542954.44488525,339482054.7103882,85288909.91210938
647,647,648,14601.0,81,120876952.17132568,78048185.34851074,465732224.4644165,87297416.68701172
648,648,649,14329.0,75,125152230.26275636,84858352.66113281,331758182.5256348,87629246.71173096
649,649,650,14069.0,49,124310748.10028076,84827116.96624756,366400652.885437,87821175.57525635
650,650,651,13760.0,50,117854475.97503662,84062239.64691162,280437414.1693115,86201133.72802734
651,651,652,13679.0,47,126067804.33654784,84541603.0883789,544134712.2192383,86759071.35009766
652,652,653,14526.0,88,107951817.5125122,75954088.21105957,483802350.9979248,79349738.12103271
653,653,654,13725.0,58,116744583.1298828,75161786.07940674,280932703.0181885,79993063.92669678
654,654,655,15083.0,81,112616640.09094238,78045054.43572998,291704686.164856,80946344.37561035
655,655,656,14457.0,73,112096242.90466309,74545981.40716553,352292301.1779785,77915746.68884277
656,656,657,14094.0,64,105228704.45251463,73531135.55908203,417299860.0006104,76608822.8225708
657,657,658,14852.0,89,115315455.43670654,78268969.53582764,392463890.0756836,81230860.71014404
658,658,659,15148.0,76,118438246.72698976,78340446.47216797,369323704.71954346,80152070.99914551
659,659,660,15274.0,62,125770507.8125,81408303.26080322,350074048.9959717,86050415.0390625
660,660,661,14745.0,51,118959611.8927002,79385776.51977539,260585454.9407959,81707176.2084961
661,661,662,14487.0,52,115804814.33868408,78585822.10540771,323403013.2293701,82953837.39471436
662,662,663,14400.0,48,116104316.71142578,79557323.45581055,245659732.81860352,82949924.46899414
663,663,664,14174.0,51,118811805.72509766,79804699.89776611,306943412.7807617,83009834.28955078
664,664,665,14897.0,52,120418955.80291748,78820136.07025146,278228339.19525146,83026511.19232178
665,665,666,14630.0,50,120915019.98901369,78377265.93017578,304460678.10058594,81785606.38427734
666,666,667,14770.0,50,122321529.38842772,79966087.3413086,311858539.5812988,83371028.90014648
667,667,668,14659.0,49,119573616.02783205,78145881.65283203,290614143.37158203,82731674.19433594
668,668,669,14328.0,51,126012454.98657228,73444351.19628906,291070842.7429199,76359699.24926758
669,669,670,14496.0,49,134127342.2241211,76528175.3540039,299150825.5004883,79836696.62475586
670,670,671,14310.0,48,131128864.28833008,76610126.49536133,307493476.8676758,80916881.5612793
671,671,672,14108.0,50,113807219.50531006,78563646.31652832,249226093.29223636,82601589.20288086
672,672,673,14038.0,47,118990922.92785645,78749830.24597168,278115249.63378906,82355194.09179688
673,673,674,14162.0,48,112291046.14257812,76252382.27844238,250634487.1520996,80661849.97558594
674,674,675,14100.0,48,122780879.97436523,78196735.38208008,309533420.56274414,81945865.63110352
675,675,676,13909.0,49,110901295.66192628,76456893.92089844,269853055.9539795,80406650.54321289
676,676,677,13800.0,46,116998100.28076172,75928401.94702148,256404304.50439453,78602027.8930664
677,677,678,13760.0,46,115853214.26391602,75881042.48046875,297218933.10546875,80671901.70288086
678,678,679,13520.0,48,120958271.02661131,74613437.65258789,272221069.3359375,78826951.98059082
679,679,680,13500.0,45,110198879.24194336,76403045.65429688,281511497.4975586,79899215.69824219
680,680,681,13527.0,52,132462925.9109497,75390157.69958496,335533590.31677246,79580686.56921387
681,681,682,13855.0,50,122976245.88012695,75256146.43096924,276955234.5275879,78778634.0713501
682,682,683,13501.0,52,112775662.42218018,74128884.31549072,273404428.48205566,77334772.10998535
683,683,684,13444.0,53,113953309.05914308,73340155.60150146,260739395.1416016,77609591.48406982
684,684,685,12996.0,53,111224576.95007324,74051999.09210205,271248136.52038574,77882900.23803711
685,685,686,13836.0,59,120776033.40148926,73033130.64575195,358534993.1716919,75335042.95349121
686,686,687,14809.0,59,109395262.71820068,74233983.03985596,300511582.37457275,77419253.3493042
687,687,688,14069.0,66,118601512.90893556,76116787.91046143,508383338.92822266,78637203.21655273
688,688,689,14212.0,57,117851906.77642822,77116149.90234375,248651401.5197754,80336320.8770752
689,689,690,14282.0,54,115664443.01605225,74426749.22943115,282964804.649353,79871583.93859863
690,690,691,14100.0,47,107009124.75585938,73228168.48754883,243772315.9790039,78938484.19189453
691,691,692,14114.0,51,112993515.01464844,74751181.60247803,241799110.4125977,78731079.1015625
692,692,693,15234.0,73,109897184.37194824,73295699.11956787,344032884.5977783,75796476.36413574
693,693,694,15099.0,101,110877735.13793944,71358265.87677002,324929963.11187744,75164853.0960083
694,694,695,14852.0,79,112905004.50134276,73275989.5324707,299859216.6900635,77310936.92779541
695,695,696,14697.0,75,123426370.62072754,74256901.74102783,328945073.1277466,78152915.95458984
696,696,697,14667.0,108,118265292.16766356,71886019.70672607,402288142.2042847,76147289.27612305
697,697,698,15563.0,103,113453724.86114502,75555800.43792725,287452849.38812256,79528944.96917725
698,698,699,14958.0,56,109440388.6795044,74612105.36956787,285861853.59954834,77930127.14385986
699,699,700,15048.0,70,108119522.09472656,72861003.87573242,238875736.23657227,76930027.96173096
700,700,701,15052.0,59,109791713.7145996,72231614.112854,283999907.4935913,75526985.16845703
701,701,702,15940.0,74,113780971.5270996,76102926.25427246,318020075.79803467,80330656.05163574
702,702,703,15950.0,62,123660155.29632568,77820740.69976807,305435313.2247925,82041195.8694458
703,703,704,16096.0,65,119371468.54400636,78086665.15350342,685636021.6140747,81608606.33850098
704,704,705,15700.0,57,115447292.32788086,78767444.6105957,433119327.545166,81298019.40917969
705,705,706,15680.0,69,112139174.46136476,76495560.64605713,630244370.4605103,81791829.1091919
706,706,707,15658.0,85,109767642.97485352,76298106.19354248,314900944.70977783,81778858.18481445
707,707,708,15913.0,71,121873905.18188477,79476477.62298584,286999620.4376221,84987916.94641113
708,708,709,15697.0,65,107869901.65710448,75586240.76843262,279844337.4633789,83527907.371521
709,709,710,15512.0,52,117371707.91625977,77142581.93969727,240468360.9008789,81187252.04467773
710,710,711,15115.0,55,116540682.79266356,73754970.55053711,287255960.46447754,79190311.43188477
711,711,712,15888.0,81,119272706.03179932,74892764.0914917,298267086.02905273,77664181.70928955
712,712,713,15866.0,88,115581968.30749512,75846972.46551514,270455883.97979736,78321180.34362793
713,713,714,15304.0,53,118978939.05639648,72619201.66015625,265644377.70843503,76394132.61413574
714,714,715,15190.0,51,117830238.34228516,73718910.21728516,240974311.82861328,76124572.75390625
715,715,716,15372.0,56,120934169.76928712,74337401.39007568,288006797.79052734,76628242.49267578
716,716,717,15342.0,52,117687217.71240234,73953723.9074707,269741683.95996094,78160491.94335938
717,717,718,15300.0,51,124189281.46362305,73047351.8371582,278114032.7453613,76958656.31103516
718,718,719,15300.0,51,111996746.06323242,73756885.52856445,231915950.77514648,76722621.91772461
719,719,720,15015.0,54,115927845.0012207,72750548.36273193,285327002.5253296,75883094.78759766
720,720,721,14874.0,50,111978218.07861328,70035839.08081055,288564079.284668,72603675.84228516
721,721,722,15616.0,71,118313847.54180908,73842521.66748047,448757394.7906494,77478772.16339111
722,722,723,15145.0,54,116151422.50061037,74209390.64025879,279043052.67333984,76653636.93237305
723,723,724,15367.0,65,111250993.7286377,74935117.72155762,294327610.01586914,77903789.52026367
724,724,725,15149.0,77,110173017.50183104,71621943.47381592,348599466.32385254,77056295.39489746
725,725,726,14699.0,65,113279049.87335204,72044228.55377197,252958613.3956909,74675582.88574219
726,726,727,15381.0,66,112895931.24389648,73704449.65362549,304537408.8287353,75728397.36938477
727,727,728,15581.0,55,111685194.96917725,69963511.46697998,282036827.08740234,74436071.39587402
728,728,729,15025.0,58,112531360.6262207,71131518.36395264,302611921.3104248,74754153.25164795
729,729,730,15584.0,68,118037699.69940186,75008363.72375488,276818321.22802734,76839485.16845703
730,730,731,16321.0,60,112293502.8076172,73624853.13415527,278106234.5504761,77656036.37695312
731,731,732,16505.0,60,113543247.2229004,74375376.70135498,292339893.34106445,77765221.59576416
732,732,733,17000.0,62,114779781.34155272,78824892.04406738,273719547.2717285,82219358.44421387
733,733,734,17130.0,74,110490489.00604248,80133554.45861816,293589333.5342407,86706870.07904053
734,734,735,16902.0,73,125699098.58703612,81334111.21368408,264893509.86480716,85171394.34814453
735,735,736,16737.0,56,132277421.95129396,83495143.89038086,339809463.50097656,87479118.34716797
736,736,737,16628.0,57,129722763.06152344,84029624.93896484,333426243.78204346,87115148.54431152
737,737,738,15234.0,84,115295754.43267822,79740627.28881836,276191888.8092041,82712034.22546387
738,738,739,15626.0,110,115412587.16583252,77019155.50231934,276315459.2514038,79235856.05621338
739,739,740,15356.0,91,115423973.0834961,77246840.47698975,292446452.1408081,79612627.02941895
740,740,741,14986.0,99,123292288.7802124,76288996.69647217,351232850.07476807,78128570.55664062
741,741,742,14538.0,117,109738221.16851808,73644076.34735107,249999964.7140503,77362913.13171387
742,742,743,14626.0,129,117248605.7281494,76376823.42529297,359160758.972168,78866246.2234497
743,743,744,14738.0,85,125025382.99560548,76563108.44421387,309247941.0171509,80097243.309021
744,744,745,15070.0,78,119854681.01501463,78510149.0020752,259240399.36065677,83788123.13079834
745,745,746,14804.0,61,117768191.33758543,75714198.1124878,394572707.1762085,78308169.3649292
746,746,747,153.0,9,632426.2619018555,480037.6892089844,1756744.384765625,852747.917175293
747,747,748,14770.0,55,108019660.94970705,75349455.83343506,230870300.29296875,78861426.35345459
748,748,749,15288.0,92,112977028.84674072,77800062.17956543,331149794.57855225,83010069.84710693
749,749,750,15851.0,91,111710339.5462036,78868598.93798828,245151117.3248291,83088754.65393066
750,750,751,15019.0,63,111778071.40350342,78462479.59136963,288571987.1520996,81280993.46160889
751,751,752,15051.0,101,108294610.02349854,77151564.5980835,288305574.41711426,80928574.56207275
752,752,753,15382.0,87,115229268.07403564,78178696.63238525,285158545.4940796,81225770.95031738
753,753,754,14947.0,129,117239504.81414796,77882460.59417725,292562887.19177246,80352911.94915771
754,754,755,14866.0,85,114229338.64593506,78647612.57171631,273078295.70770264,81810208.32061768
755,755,756,14883.0,75,113986976.62353516,76500405.31158447,252998763.0844116,78458825.11138916
756,756,757,14445.0,56,115798216.81976318,77963639.25933838,254560068.1304932,80135070.80078125
757,757,758,14731.0,93,117841741.56188963,79471496.58203125,281899374.961853,81789577.48413086
758,758,759,14415.0,51,118867343.90258788,79934017.18139648,306322947.50213623,82680565.83404541
759,759,760,14151.0,52,108666748.046875,75981036.18621826,275606414.7949219,80242809.2956543
760,760,761,15916.0,62,111152051.92565918,76862858.77227783,319810023.3078003,79567467.68951416
761,761,762,16139.0,83,119137083.05358888,76596079.82635498,311976037.02545166,79788545.60852051
762,762,763,16089.0,66,115637482.64312744,78809387.20703125,313469693.1838989,81740295.41015625
763,763,764,15804.0,56,114746138.57269289,78284750.93841553,241159364.70031735,81333443.6416626
764,764,765,15424.0,54,109769199.37133788,76296910.2859497,285477110.86273193,80175641.05987549
765,765,766,15558.0,79,108927846.90856934,75209145.54595947,218023970.60394287,78272086.14349365
766,766,767,15725.0,80,106577116.96624756,73478176.11694336,284726206.77948,76324864.3875122
767,767,768,15355.0,62,110348183.63189696,75992460.25085449,228327301.9790649,78394120.21636963
768,768,769,15029.0,69,114295522.68981934,77096030.23529053,299947632.7896118,79212882.04193115
769,769,770,17309.0,73,111669952.39257812,77134387.9699707,342396374.7024536,82328580.85632324
770,770,771,15751.0,76,118002017.0211792,77797513.00811768,292867119.78912354,81416658.40148926
771,771,772,16548.0,85,121809418.67828368,77647168.15948486,253324280.73883057,80716843.6050415
772,772,773,16933.0,64,113771015.16723631,78812554.35943604,260957433.70056152,82268544.19708252
773,773,774,16497.0,62,110925291.06140137,76196349.14398193,268468751.90734863,80858489.03656006
774,774,775,15535.0,86,116781177.52075195,73621644.02008057,290150995.2545166,75850406.64672852
775,775,776,16389.0,80,115663559.91363524,78657764.43481445,263306998.25286865,82662901.87835693
776,776,777,16516.0,75,118866139.41192628,78896362.3046875,279842671.39434814,81003785.13336182
777,777,778,16921.0,100,113903843.8796997,74704047.20306396,296588395.1187134,79498452.18658447
778,778,779,16475.0,127,114890095.7107544,72963908.1954956,308105658.53118896,76085139.27459717
779,779,780,16847.0,87,113426575.66070557,75401033.40148926,322941633.2244873,77119272.23205566
780,780,781,16979.0,125,118449851.03607178,75576285.36224365,244950136.1846924,79062493.32427979
781,781,782,16529.0,70,122301320.07598875,77935705.18493652,307562729.83551025,81193306.9229126
782,782,783,16613.0,64,136521706.58111572,81363548.2788086,375387521.7437744,85263101.57775879
783,783,784,16009.0,59,127895069.12231444,81372524.26147461,243155579.5669556,83832802.77252197
784,784,785,15659.0,64,119734317.77954102,75720208.16802979,269626137.7334595,79055284.50012207
785,785,786,15813.0,97,114370488.16680908,74636055.9463501,272825997.3526001,77121967.31567383
786,786,787,16445.0,83,114762753.4866333,78487175.94146729,312842969.8944092,81317544.93713379
787,787,788,17357.0,77,111090101.24206544,78218686.1038208,256777039.52789307,81853564.26239014
788,788,789,17521.0,75,121428564.07165527,78948931.69403076,321000385.2844238,82583729.74395752
789,789,790,16916.0,64,110668075.56152344,80963473.32000732,265597604.7515869,84045624.73297119
790,790,791,17029.0,62,109703753.47137453,80313108.44421387,255021672.24884036,83473261.83319092
791,791,792,16988.0,78,118023956.29882812,77471320.15228271,369671685.21881104,80584340.09552002
792,792,793,16722.0,63,117595555.30548096,80451807.02209473,310390110.01586914,82307726.86004639
793,793,794,17597.0,71,120879985.80932616,83387871.74224854,252616892.81463623,85431913.37585449
794,794,795,17697.0,60,128371870.99456789,82992043.49517822,308990177.154541,88431065.5593872
795,795,796,18441.0,70,112715017.3187256,85763033.86688232,290271945.95336914,89190431.59484863
796,796,797,18310.0,69,128474569.32067873,86415592.19360352,340799236.2976074,89590801.23901367
797,797,798,18171.0,61,126945717.81158447,85953752.5177002,303884508.1329346,89048910.14099121
798,798,799,18049.0,67,121121811.86676024,84109256.74438477,262951677.3223877,88334218.97888184
799,799,800,17816.0,60,130268875.12207033,85401889.80102539,297218395.2331543,89062274.93286133
800,800,801,17917.0,84,112697888.3743286,86810038.56658936,291407290.4586792,89665182.11364746
801,801,802,17908.0,93,125105533.59985352,86632149.6963501,290548878.6697388,90922744.75097656
802,802,803,17584.0,59,125663452.1484375,83738063.81225586,275276348.1140137,86066776.27563477
803,803,804,17413.0,65,120846232.4142456,82422484.39788818,267923044.2047119,85965569.49615479
804,804,805,17363.0,58,120947444.91577148,83395793.91479492,296803058.6242676,86480480.1940918
805,805,806,17440.0,62,125935403.82385254,82046698.57025146,303002955.43670654,86722427.36816406
806,806,807,17282.0,58,123194343.56689452,85015983.58154297,252640560.15014648,87565670.01342773
807,807,808,17351.0,66,122804768.5623169,84245252.60925293,306970474.24316406,86505916.59545898
808,808,809,16755.0,64,124116274.8336792,81374657.63092041,323465143.2037353,84320621.49047852
809,809,810,16700.0,75,128935101.50909424,78100151.06201172,396924019.8135376,80487425.80413818
810,810,811,17630.0,88,133631017.68493652,80876684.18884277,305358063.69781494,82974735.26000977
811,811,812,17589.0,82,134189429.28314207,81193248.7487793,333265708.92333984,84708170.8908081
812,812,813,17406.0,81,124467947.0062256,81995730.40008545,285985455.5130005,83603290.55786133
813,813,814,17345.0,67,125335348.12927246,80685059.54742432,305789478.30200195,83786261.55853271
814,814,815,16935.0,66,124349401.47399902,78975034.71374512,333129725.4562378,81454473.4954834
815,815,816,17684.0,111,124236500.74005128,79525171.27990723,318323077.20184326,76044385.91003418
816,816,817,17649.0,88,120185482.9788208,89960640.9072876,370799322.1282959,77862037.6586914
817,817,818,17501.0,75,119961102.48565674,90352426.52893066,242227243.4234619,77120445.25146484
818,818,819,18156.0,92,120375814.4378662,89382007.59887695,366535243.9880371,77687011.71875
819,819,820,19184.0,117,122531936.6455078,92503675.46081544,399899378.7765503,81801286.6973877
820,820,821,19004.0,94,122736444.4732666,96941615.1046753,371221212.38708496,82972362.51831055
821,821,822,18815.0,67,127563861.84692384,97338644.02770996,342239841.46118164,83488306.04553223
822,822,823,18551.0,62,126952167.51098631,96527130.12695312,302546531.6772461,81116958.61816406
823,823,824,18471.0,63,124591008.18634032,96584293.36547852,359270277.0233154,82486648.55957031
824,824,825,18693.0,64,125378261.56616212,97922279.35791016,338458372.11608887,83170707.70263672
825,825,826,18685.0,65,111048967.3614502,97350631.7138672,329083047.8668213,82757793.42651367
826,826,827,17712.0,62,96098882.6751709,86017095.5657959,262392345.4284668,79513406.75354004
827,827,828,18252.0,112,116382252.69317628,79385429.38232422,375422004.69970703,84217438.69781494
828,828,829,17994.0,77,117959201.81274414,79901806.83135986,411349972.72491455,83702940.94085693
829,829,830,17908.0,67,117358160.0189209,79763550.75836182,349485615.73028564,85064990.04364014
830,830,831,17688.0,60,101632198.33374023,76973178.86352539,245849876.4038086,81170276.6418457
831,831,832,17712.0,61,113783302.3071289,77315872.19238281,318186584.47265625,80085662.84179688
832,832,833,19296.0,79,119606307.98339844,80626553.53546143,350059868.81256104,83792595.86334229
833,833,834,17909.0,75,115050705.909729,80577941.89453125,276408456.80236816,83410236.35864258
834,834,835,18550.0,80,117617025.3753662,81689192.77191162,318172366.14227295,83905979.15649414
835,835,836,17985.0,64,110419616.69921876,79009280.20477295,370026827.8121948,82547430.03845215
836,836,837,18649.0,69,110725158.69140624,80954195.97625732,308076269.1497803,83985844.61212158
837,837,838,18880.0,73,118009617.80548096,81495484.35211182,265294644.35577396,83873271.94213867
838,838,839,19221.0,77,112637118.33953856,83945268.63098145,287529101.37176514,93032839.77508543
839,839,840,18331.0,74,123328904.1519165,90598545.07446288,275147130.0125122,93195651.05438232
840,840,841,18422.0,68,122504050.25482178,91704439.163208,344646127.70080566,95285796.16546632
841,841,842,18236.0,62,116630744.93408205,89248989.10522461,291939510.345459,94520660.40039062
842,842,843,18628.0,66,103176289.55841064,79687593.46008301,257385200.50048828,85605770.11108398
843,843,844,18769.0,78,129176803.5888672,85201372.14660645,349378231.048584,87660815.23895264
844,844,845,18588.0,77,129772140.50292967,88716709.13696289,301431748.3901977,95554339.40887453
845,845,846,18609.0,64,133311801.9104004,94430362.70141602,464046527.8625488,101511737.82348631
846,846,847,18955.0,108,142663937.56866455,96869872.09320068,394046863.5559082,101734619.140625
847,847,848,18402.0,66,132006935.1196289,92630038.26141356,385270359.0393066,100756339.07318117
848,848,849,18500.0,70,119335656.16607666,90892380.7144165,314519565.5822754,96733718.87207033
849,849,850,18207.0,63,116090038.29956056,91856916.4276123,258350889.20593265,94515415.1916504
850,850,851,18065.0,63,122025995.2545166,92124704.36096191,301200986.8621826,94201416.015625
851,851,852,17977.0,62,114983596.8017578,92139646.53015137,284896306.99157715,95328693.38989258
852,852,853,17995.0,61,113818095.20721436,90251617.43164062,313197513.58032227,93898334.50317384
853,853,854,18627.0,72,115613294.60144044,92599557.87658691,291531667.7093506,95784214.0197754
854,854,855,18151.0,70,123054711.34185793,93569685.93597412,329792929.649353,95813698.76861572
855,855,856,18292.0,64,114354545.59326172,93829725.26550291,285417316.4367676,97903028.48815918
856,856,857,18325.0,62,114937862.39624023,91791198.73046876,256087215.423584,94642524.71923828
857,857,858,18416.0,63,114877552.0324707,91488426.2084961,307457744.5983887,93942359.9243164
858,858,859,18640.0,66,121966160.77423096,93349197.38769533,349337527.27508545,95945140.83862305
859,859,860,18858.0,71,118131740.57006836,93680520.05767822,307049642.5628662,97859966.27807616
860,860,861,19036.0,65,121997577.66723631,94092090.60668944,312146556.85424805,99773200.98876952
861,861,862,18496.0,68,110521928.78723145,83946851.73034668,290168262.48168945,89140789.03198242
862,862,863,18494.0,65,127202223.777771,91253826.14135742,282553119.6594238,96183845.52001952
863,863,864,18550.0,77,115103897.09472656,88477841.3772583,341676569.93865967,93158885.00213625
864,864,865,18253.0,63,112182360.64910889,90657076.83563232,285362682.3425293,97250319.480896
865,865,866,17633.0,73,98797900.19989014,80368361.4730835,280346834.18273926,83336942.67272949
866,866,867,18389.0,75,101534944.53430176,79994073.86779785,294934171.67663574,83482235.9085083
867,867,868,18032.0,84,120499785.4232788,83048513.41247559,273381825.4470825,85379074.09667969
868,868,869,18432.0,76,117838895.79772948,83905584.33532715,300012742.0425415,87083463.66882324
869,869,870,18108.0,73,110628072.73864746,84080913.54370117,277726516.7236328,86270342.82684326
870,870,871,18881.0,100,116171705.24597168,86889662.74261475,320348350.52490234,90798667.90771484
871,871,872,18929.0,72,117871878.6239624,88841251.37329102,303734533.3099365,91932186.12670898
872,872,873,18944.0,73,104937320.70922852,85289065.36102295,309385949.13482666,88246760.36834717
873,873,874,18405.0,68,112521427.15454102,84255201.33972168,300237997.0550537,86183774.94812012
874,874,875,18723.0,102,104663111.68670654,81385831.83288574,297734303.47442627,86486405.37261963
875,875,876,18772.0,83,106844009.39941406,81327171.3256836,277730215.07263184,84081095.6954956
876,876,877,18500.0,83,108517416.0003662,81253873.82507324,322843381.88171387,83849138.2598877
877,877,878,18806.0,102,109964553.8330078,82065099.71618652,322165900.2304077,84832906.72302246
878,878,879,18927.0,98,119282333.37402344,84103325.84381104,271499228.477478,86588474.27368164
879,879,880,18762.0,90,112430165.29083252,83937526.70288086,294488414.7644043,87161780.35736084
880,880,881,18304.0,62,107288646.69799805,81983558.65478516,253003520.96557617,85803886.41357422
881,881,882,18643.0,67,111596767.42553712,83014418.60198975,682490764.6179199,86872929.57305908
882,882,883,18307.0,64,103587373.73352052,83004673.9578247,258429775.2380371,85506924.62921143
883,883,884,18300.0,62,109084167.48046876,83987079.62036133,245703804.01611328,86323734.28344727
884,884,885,18135.0,64,103742974.28131104,83378993.98803711,236463523.8647461,85058307.64770508
885,885,886,17900.0,61,103649665.83251952,81631523.13232422,231345417.02270508,84101158.14208984
886,886,887,18498.0,74,103753573.41766356,81650205.61218262,300835971.8322754,83433944.70214844
887,887,888,18565.0,75,103978779.79278564,81742731.09436035,314587311.74468994,84070793.15185547
888,888,889,19030.0,69,103543663.02490234,82185072.89886475,282930591.58325195,83864053.72619629
889,889,890,19242.0,75,106403991.69921876,82805976.86767578,296592811.58447266,84637457.84759521
890,890,891,18764.0,79,106013587.95166016,82572155.95245361,276871551.5136719,85611400.60424805
891,891,892,18957.0,64,109305416.10717772,84044185.63842773,247821529.38842773,86439764.02282715
892,892,893,19272.0,76,125362933.15887453,86591395.3781128,303354207.0388794,91138804.43572998
893,893,894,18761.0,69,103947130.20324709,83910594.94018555,254191913.60473636,87887102.1270752
894,894,895,18686.0,63,108770071.02966309,84213581.08520508,263209016.7999268,87281333.92333984
895,895,896,18860.0,69,116991185.18829346,84853263.85498047,247706611.6333008,88593878.74603271
896,896,897,19143.0,75,120886198.99749756,93341520.30944824,322657474.51782227,98343707.08465576
897,897,898,18900.0,63,131081771.85058594,93317985.53466795,360926914.2150879,97030162.8112793
898,898,899,18900.0,63,124233627.31933594,92556667.32788086,282049942.0166016,96028518.6767578
899,899,900,18850.0,64,107084186.55395508,83748935.69946289,297093162.5366211,93129920.95947266
900,900,901,19217.0,68,125410984.03930664,87371237.75482178,269210094.4519043,90316298.48480225
901,901,902,18885.0,79,115393306.73217772,82766141.89147949,277874941.8258667,84943177.22320557
902,902,903,18827.0,78,116604918.47991943,83530096.05407715,256289818.7637329,86014349.93743896
903,903,904,18085.0,62,108377624.51171876,82841880.79833984,290260810.8520508,85064065.93322754
904,904,905,17986.0,66,96575625.4196167,81730960.84594727,247396461.4868164,84695715.90423584
905,905,906,17622.0,76,104223881.72149658,81117832.18383789,251500395.7748413,84049842.83447266
906,906,907,18898.0,117,107197065.35339355,83382576.94244385,300274221.4202881,86345427.51312256
907,907,908,18813.0,82,111697381.9732666,84415164.94750977,254252430.9158325,88985894.20318604
908,908,909,18537.0,94,110492159.84344482,83597108.84094238,288665081.0241699,86296296.11968994
909,909,910,18033.0,95,112655751.22833252,82867868.42346191,281714665.41290283,85825821.87652588
910,910,911,17992.0,101,115472509.38415527,84102262.49694824,287495091.43829346,87647644.99664307
911,911,912,17983.0,90,111346727.37121582,84464416.50390625,270765838.6230469,87576631.54602051
912,912,913,17856.0,66,101960422.51586914,83077482.22351074,270203888.89312744,86390548.70605469
913,913,914,18268.0,78,110142053.60412598,82371323.58551025,278546010.97106934,85339247.70355225
914,914,915,18238.0,79,105764222.14508057,82538611.41204834,310788721.0845947,85601208.68682861
915,915,916,18067.0,87,119658759.11712646,84852801.32293701,335366971.0159302,87311034.20257568
916,916,917,17796.0,77,113985647.20153809,81877891.54052734,271532861.7095947,87521868.70574951
917,917,918,17700.0,60,108093700.40893556,80700302.12402344,260185718.53637692,83071517.94433594
918,918,919,17700.0,59,104844474.79248048,79335880.27954102,342222404.47998047,82660961.15112305
919,919,920,17700.0,61,120540721.89331056,81689310.07385254,430010683.0596924,84735923.76708984
920,920,921,17510.0,61,113276932.71636964,83145565.9866333,254147627.83050537,86356494.90356445
921,921,922,17400.0,59,111625282.28759766,83020305.63354492,292621971.1303711,87370639.80102539
922,922,923,17400.0,58,104788112.64038086,82649517.05932617,244486713.40942383,85251331.3293457
923,923,924,17400.0,59,115917922.9736328,78586208.34350586,289543846.1303711,82290088.65356445
924,924,925,17400.0,58,125600337.98217772,78068733.21533203,258084869.3847656,79971885.68115234
925,925,926,17346.0,60,117273496.62780762,76981012.34436035,495780206.68029785,79930772.78137207
926,926,927,17454.0,61,112912433.62426758,77795116.42456055,276115398.4069824,80777557.37304688
927,927,928,17400.0,59,100472526.55029295,78109359.74121094,284271450.0427246,82401180.26733398
928,928,929,17515.0,77,105636574.74517822,78348248.48175049,226667889.5950317,83569651.60369873
929,929,930,17614.0,86,112373335.83831789,80089075.08850098,288567710.87646484,83997186.6607666
930,930,931,18338.0,82,121369703.29284668,84193533.8973999,333240911.48376465,88504254.34112549
931,931,932,18648.0,83,116099463.4628296,86513821.60186768,319087872.505188,89711093.90258789
932,932,933,18008.0,63,113403865.81420898,87149356.84204102,270966670.98999023,90012074.47052002
933,933,934,17833.0,62,107436938.28582764,86329089.16473389,286631251.33514404,90024141.31164551
934,934,935,17586.0,59,108539474.48730467,83757431.03027344,236560123.44360352,87259117.12646484
935,935,936,17653.0,63,109387056.350708,85349379.53948975,289557060.2416992,88461776.73339844
936,936,937,17660.0,74,118465578.07922363,86629755.0201416,263486272.81188965,89911713.60015869
937,937,938,16375.0,75,113053188.3239746,84925786.01837158,273437788.9633179,89402429.58068848
938,938,939,16200.0,54,104172706.6040039,84469985.96191406,255532836.9140625,90505313.87329102
939,939,940,16149.0,55,111855611.80114746,86152427.67333984,261696493.1488037,89085079.19311523
940,940,941,15916.0,56,111310827.25524902,82157121.6583252,264565011.9781494,86969911.57531738
941,941,942,15865.0,54,108897393.22662354,80292161.94152832,252348255.1574707,84172801.97143555
942,942,943,16274.0,62,113971081.7337036,82429867.7444458,267729761.12365723,85932099.34234619
943,943,944,16261.0,77,105908555.03082275,81096333.50372314,301354685.78338623,84912090.30151367
944,944,945,16490.0,83,111979560.85205078,79418487.54882812,303097457.8857422,83557547.5692749
945,945,946,16811.0,106,112223722.45788574,81235256.19506836,326640248.298645,84965603.82843018
946,946,947,17041.0,136,104574817.6574707,82330785.75134277,229229510.307312,86218399.04785156
947,947,948,16936.0,128,103902909.27886964,82065909.38568115,285269345.2835083,85737319.94628906
948,948,949,17161.0,112,111095119.47631836,78478050.2319336,318670686.72180176,83390208.24432373
949,949,950,17344.0,133,110414629.93621826,80418452.26287842,280656661.0336304,84169720.64971924
950,950,951,17039.0,88,114428294.18182372,83902599.3347168,299093999.8626709,86069553.37524414
951,951,952,17070.0,96,108219354.6295166,82774781.22711182,283355961.7996216,86576690.67382812
952,952,953,16867.0,84,109069757.46154784,80871485.71014404,308268270.4925537,83048359.87091064
953,953,954,16756.0,93,111021410.94207764,78793812.75177002,239588005.065918,81335502.62451172
954,954,955,16585.0,91,109312925.33874512,78924854.27856445,266391188.621521,81044104.57611084
955,955,956,16819.0,73,111317279.81567384,80094365.11993408,232986736.29760745,82056237.22076416
956,956,957,16708.0,59,106893636.7034912,79267669.67773438,281663122.177124,81848159.79003906
957,957,958,16507.0,58,115059183.12072754,79868773.46038818,228923814.7735596,81617283.82110596
958,958,959,16566.0,60,110971436.50054932,81138681.41174316,302395862.5793457,83938733.10089111
959,959,960,16500.0,56,105949954.98657228,80406536.10229492,244895648.95629883,83315277.09960938
960,960,961,16500.0,55,110515022.27783205,77848148.34594727,284409427.64282227,80127239.22729492
961,961,962,16837.0,101,119649880.40924072,78738963.12713623,359232212.0666504,81280723.57177734
962,962,963,16729.0,83,113064410.20965576,80446312.90435791,250300666.80908203,83033882.14111328
963,963,964,16067.0,57,113209658.6227417,81191865.92102051,248224718.09387207,83088934.89837646
964,964,965,15427.0,61,109151103.01971436,78702289.58129883,296145841.59851074,82779219.62738037
965,965,966,15300.0,52,101897075.65307616,77296398.1628418,245338447.5708008,79769611.35864258
966,966,967,15553.0,92,108434852.60009766,78917550.0869751,293532855.9875488,80929202.07977295
967,967,968,17087.0,116,112682175.6362915,78486542.70172119,316882521.6293335,82618766.78466797
968,968,969,16831.0,66,108816456.79473875,79780187.60681152,274077592.84973145,82604698.18115234
969,969,970,16800.0,57,107719195.36590576,81359260.55908203,259591272.354126,84068298.33984375
970,970,971,16800.0,56,114963912.9638672,80441379.54711914,252864360.80932617,83416843.41430664
971,971,972,16352.0,67,108711734.77172852,78734418.86901855,262315395.3552246,82950116.15753174
972,972,973,16200.0,54,117942810.05859376,80687141.41845703,242792129.5166016,82702732.08618164
973,973,974,16059.0,55,102939632.41577148,80152484.89379883,280952121.73461914,82640636.4440918
974,974,975,16341.0,56,106961650.84838869,77819721.22192383,242318847.65625,81130516.0522461
975,975,976,16013.0,67,109879872.32208252,78092671.39434814,316838515.28167725,80563417.43469238
976,976,977,18004.0,111,106836301.80358888,80537121.77276611,224722609.5199585,82714145.66040039
977,977,978,16890.0,79,115691081.0470581,79925811.76757812,272518081.66503906,82916043.28155518
978,978,979,16408.0,97,104814336.7767334,80985871.31500244,225332836.15112305,84735657.69195557
979,979,980,17279.0,83,110306738.8534546,81711444.85473633,285193402.29034424,85240227.69927979
980,980,981,17162.0,64,108301438.331604,80028138.16070557,271742618.560791,85614309.31091309
981,981,982,17861.0,94,116489892.95959473,82199850.08239746,296845938.6825561,85686546.3256836
982,982,983,17097.0,88,118156467.43774414,81491948.12774658,288520086.28845215,84840618.13354492
983,983,984,17791.0,77,121242465.9729004,84102506.63757324,299392955.7800293,90175704.00238036
984,984,985,16821.0,66,112762392.9977417,82231817.2454834,300286875.7247925,86520554.5425415
985,985,986,16243.0,74,107932806.01501463,77261655.80749512,291413053.51257324,80484839.43939209
986,986,987,17907.0,84,112168918.60961914,81297887.80212402,263026564.5980835,85458585.73913574
987,987,988,17015.0,87,108199071.88415527,81165185.92834473,275043610.57281494,84910470.0088501
988,988,989,16747.0,56,110728935.24169922,80551944.73266602,268698841.0949707,85002029.41894531
989,989,990,17897.0,79,115661761.28387453,82275046.34857178,305209274.2919922,85216463.08898926
990,990,991,17306.0,76,114506778.71704102,82970693.58825684,249711603.16467285,86321613.31176758
991,991,992,16584.0,60,107447055.8166504,80514144.89746094,274150418.2815552,84417267.79937744
992,992,993,16207.0,57,99494252.20489502,79657670.97473145,229055957.79418945,82050349.23553467
993,993,994,16200.0,55,109956573.48632812,81194114.6850586,309344512.9394531,82845783.23364258
994,994,995,16645.0,62,104499314.3081665,78951074.60021973,248376693.72558597,81599864.9597168
995,995,996,16795.0,71,113563304.90112305,81800038.33770752,297981691.36047363,85116721.15325928
996,996,997,16290.0,59,116096954.34570312,84216659.54589844,270305873.8708496,86885757.44628906
997,997,998,16304.0,59,112874725.34179688,83823491.09649658,291142419.8150635,86427631.37817383
998,998,999,16200.0,54,112132358.5510254,82790279.38842773,255967140.1977539,84496021.27075195
999,999,1000,16200.0,55,108621795.65429688,82532165.52734375,253343322.75390625,84683891.29638672
1000,1000,1001,16200.0,54,108747768.4020996,82382011.41357422,281192207.3364258,86024951.93481445
1001,1001,1002,16200.0,55,111416522.97973631,84055995.94116211,273700759.8876953,86759357.45239258
1002,1002,1003,16200.0,54,116095733.64257812,84192466.73583984,274900245.6665039,86903285.98022461
1003,1003,1004,16200.0,55,117271156.31103516,82710170.74584961,265761356.35375977,85956287.3840332
1004,1004,1005,16200.0,54,117891025.54321288,84046554.56542969,264460945.12939453,85988330.84106445
1005,1005,1006,16200.0,55,114550346.37451172,84842491.14990234,264610130.3100586,87064727.78320312
1006,1006,1007,16200.0,54,112728595.73364258,84499168.3959961,262355232.23876956,86403751.37329102
1007,1007,1008,16200.0,55,123166275.02441406,85597362.51831055,277772312.16430664,88169403.07617188
1008,1008,1009,15956.0,54,115858259.2010498,84888830.18493652,246264492.0349121,87294851.30310059
1009,1009,1010,15997.0,59,120633839.60723875,83912768.36395264,280943327.9037476,88594736.09924316
1010,1010,1011,15936.0,54,112319000.24414062,83827938.07983398,245758094.7875977,87544258.11767578
1011,1011,1012,15900.0,54,118692546.84448242,84700382.23266602,278376071.92993164,88347042.08374023
1012,1012,1013,15900.0,53,119978427.88696288,86359691.61987305,265521526.33666992,88536357.87963867
1013,1013,1014,15900.0,54,124253540.0390625,86599033.35571289,274824176.7883301,89001136.77978516
1014,1014,1015,15900.0,53,108812713.62304688,83972167.96875,305225944.51904297,88442516.3269043
1015,1015,1016,15900.0,54,111499176.02539062,82886981.96411133,317710838.3178711,87178668.97583008
1016,1016,1017,15900.0,53,116541481.0180664,85994911.19384766,356390762.3291016,89547443.38989258
1017,1017,1018,15900.0,54,116157951.35498048,85596084.59472656,306407737.7319336,88610782.62329102
1018,1018,1019,15900.0,53,116386127.47192384,83965587.6159668,259443283.0810547,87884330.74951172
1019,1019,1020,15900.0,54,120321510.3149414,84118492.12646484,304303665.1611328,87643260.95581055
1020,1020,1021,16115.0,87,118711989.402771,85908529.28161621,262937179.5654297,89056058.88366699
1021,1021,1022,16038.0,70,118107422.82867432,87376305.58013916,305702100.7537842,90471166.61071776
1022,1022,1023,16159.0,92,109492134.09423828,84532170.29571533,281260342.5979614,89570312.5
1023,1023,1024,15952.0,63,117367267.60864258,84511654.8538208,257356775.28381348,88761083.60290527
1024,1024,1025,15900.0,53,115890598.29711914,85184669.4946289,284034919.73876953,88140964.50805664
1025,1025,1026,15900.0,54,114539165.49682616,85276794.43359375,277652622.2229004,88189022.06420898
1026,1026,1027,16173.0,89,111305807.11364746,83684464.45465088,288126145.362854,87504812.24060059
1027,1027,1028,16279.0,60,114880208.9691162,87216108.32214355,247380853.6529541,89719734.19189453
1028,1028,1029,16053.0,55,120984706.87866212,87455627.44140625,301397029.876709,89322360.99243164
1029,1029,1030,16350.0,59,105224288.94042967,84618083.0001831,254529033.66088867,89837668.41888428
1030,1030,1031,16172.0,59,110019741.0583496,81599107.74230957,263341690.06347656,84020523.07128906
1031,1031,1032,16297.0,60,123813787.46032716,82528638.83972168,323069139.4805908,85063295.36437988
1032,1032,1033,16330.0,86,126079424.85809326,83205455.7800293,285497282.02819824,85872654.91485596
1033,1033,1034,16446.0,71,119052164.0777588,85365509.03320312,265058989.5248413,88128922.46246338
1034,1034,1035,16406.0,87,112350159.64508057,85637615.20385742,261946328.16314697,89198234.55810547
1035,1035,1036,16129.0,80,113624998.09265137,83305260.65826416,291946868.8964844,86078521.72851562
1036,1036,1037,16201.0,103,114856261.25335692,81989320.75500488,320605105.40008545,84629428.86352539
1037,1037,1038,16231.0,98,117611631.39343262,82914653.77807617,437562336.9216919,85850002.28881836
1038,1038,1039,15731.0,76,116749504.08935548,80539121.62780762,268165896.41571045,82563877.10571289
1039,1039,1040,16628.0,103,104601975.440979,78754051.2084961,291936290.7409668,82139883.99505615
1040,1040,1041,17033.0,80,110477694.51141356,79797593.11676025,298067378.99780273,81238851.54724121
1041,1041,1042,16557.0,78,108564209.93804932,81045965.19470215,272852758.4075928,82815093.99414062
1042,1042,1043,16442.0,69,113507429.1229248,79473385.81085205,235760879.5166016,83014148.7121582
1043,1043,1044,16200.0,55,105356098.17504884,78741710.6628418,239383914.94750977,81895286.5600586
1044,1044,1045,16061.0,54,114506824.4934082,79430038.45214844,289893039.70336914,80934268.95141602
1045,1045,1046,16342.0,59,112093245.50628662,80434583.66394043,253233138.0844116,82667330.74188232
1046,1046,1047,16946.0,87,111884282.11212158,79099133.49151611,294828907.01293945,81258947.37243652
1047,1047,1048,17382.0,99,118775056.83898926,80849604.60662842,323149801.25427246,83751260.75744629
1048,1048,1049,17498.0,103,114749647.14050291,81427961.3494873,255312035.5606079,84391283.03527832
1049,1049,1050,16094.0,55,120249919.89135742,80027812.95776367,252931125.64086917,82057735.44311523
1050,1050,1051,16390.0,62,110951976.77612305,80649543.76220703,252102981.5673828,82152388.57269287
1051,1051,1052,16500.0,56,109917812.34741212,78431282.04345703,403121967.3156738,81932201.38549805
1052,1052,1053,16903.0,90,123588627.81524658,78194132.8048706,417357410.4309082,81223988.53302002
1053,1053,1054,17802.0,139,108120203.01818848,79881591.796875,335063903.8085937,81599920.27282715
1054,1054,1055,17753.0,75,116241109.84802246,83869996.07086182,257392849.92218015,87420114.51721191
1055,1055,1056,17157.0,61,112717473.98376463,81286402.70233154,278331611.6333008,86782420.15838623
1056,1056,1057,18149.0,68,117493104.93469238,84053874.0158081,332954517.36450195,89127763.74816895
1057,1057,1058,18162.0,68,117854011.53564452,85748634.3383789,286152148.24676514,90052824.97406006
1058,1058,1059,18741.0,68,115332041.74041748,83779946.32720947,331927126.88446045,89330777.16827393
1059,1059,1060,18606.0,76,121927542.6864624,84661546.70715332,325972777.3666382,89008957.862854
1060,1060,1061,18164.0,69,116450042.72460938,83785369.87304688,273743599.8916626,88820573.8067627
1061,1061,1062,17783.0,77,121235630.9890747,81135425.56762695,283855687.14141846,85048167.22869873
1062,1062,1063,18091.0,92,128789958.0001831,82252590.17944336,384606083.8699341,85472708.7020874
1063,1063,1064,17776.0,66,105812981.6055298,81444840.43121338,363755522.7279663,85064909.93499756
1064,1064,1065,17848.0,60,114998294.83032228,81827228.54614258,260787448.88305664,84574150.08544922
1065,1065,1066,17444.0,64,113388539.31427002,81308998.10791016,269963396.0723877,83692882.5378418
1066,1066,1067,17400.0,58,105937957.76367188,79929542.5415039,245200824.73754883,82365417.48046875
1067,1067,1068,17250.0,61,110250352.85949709,80750982.2845459,306762630.4626465,82574197.76916504
1068,1068,1069,17106.0,58,111932270.05004884,81229534.14916992,286796619.4152832,83610809.32617188
1069,1069,1070,17100.0,58,105395496.3684082,80364990.234375,280920352.935791,83719757.08007812
1070,1070,1071,16766.0,60,108037343.97888184,79346522.3312378,229279628.7536621,80765201.56860352
1071,1071,1072,17330.0,71,119163677.21557616,80312647.81951904,312809539.7949219,83209018.70727539
1072,1072,1073,19148.0,84,104586477.27966309,82144942.28363037,261511060.71472168,84197087.28790283
1073,1073,1074,18600.0,63,107958778.38134766,81196609.49707031,273079193.1152344,83099681.85424805
1074,1074,1075,18468.0,64,107444602.01263428,77953148.84185791,287209037.7807617,81009808.54034424
1075,1075,1076,17566.0,92,112308213.23394775,79415334.70153809,276087285.9954834,83980555.5343628
1076,1076,1077,17275.0,63,116998967.17071532,83374917.98400879,299313285.8276367,89017301.55944824
1077,1077,1078,17320.0,67,117827791.21398926,82046473.5031128,282321764.9459839,88001664.16168213
1078,1078,1079,17589.0,93,122049221.03881836,86376724.24316406,315271259.3078613,88741490.3640747
1079,1079,1080,18250.0,82,107595494.2703247,83779335.02197266,290094734.19189453,89170914.64996338
1080,1080,1081,18000.0,62,122841890.335083,82372848.51074219,318888895.9884644,84715447.42584229
1081,1081,1082,18168.0,90,120421881.6757202,82419128.41796875,330242897.9873657,85832366.94335938
1082,1082,1083,17723.0,83,112208462.71514893,79950699.80621338,280122724.53308105,83286000.25177002
1083,1083,1084,18000.0,117,105492083.54949953,82194992.06542969,265427452.08740237,85555600.1663208
1084,1084,1085,17639.0,99,108257579.8034668,81614091.87316895,297078665.7333374,83984354.97283936
1085,1085,1086,18049.0,107,115052071.5713501,81079240.7989502,296187060.35614014,84246273.04077148
1086,1086,1087,17825.0,89,109460186.958313,81512489.31884766,254832744.59838867,83843453.4072876
1087,1087,1088,17926.0,79,106399716.3772583,81613714.21813965,280191983.2229614,83476613.99841309
1088,1088,1089,17795.0,71,106939987.1826172,79422749.51934814,276407102.58483887,81832553.86352539
1089,1089,1090,18192.0,74,116508848.19030762,83018811.22589111,278516560.5545044,87772108.07800293
1090,1090,1091,18269.0,68,111486996.6506958,86104427.33764648,251598316.19262692,88848348.61755371
1091,1091,1092,17769.0,69,100886639.59503174,79310323.71520996,229862082.48138428,84111426.35345459
1092,1092,1093,17700.0,59,116366672.51586914,80066871.6430664,303206062.31689453,82903003.69262695
1093,1093,1094,17781.0,62,103062412.26196288,81329079.62799072,271215389.251709,84749150.27618408
1094,1094,1095,17231.0,64,100546696.66290285,80775494.57550049,483669019.6990967,85175765.03753662
1095,1095,1096,17400.0,60,106816516.8762207,81275820.7321167,283446098.3276367,84483809.47113037
1096,1096,1097,18680.0,98,115364970.20721436,85921969.41375732,342778316.49780273,91004379.27246094
1097,1097,1098,17666.0,95,108824585.91461182,79999984.74121094,253341079.7119141,83050620.07904053
1098,1098,1099,17279.0,58,106575881.0043335,79807208.06121826,295188856.1248779,82803533.55407715
1099,1099,1100,17620.0,76,115534616.47033691,82731462.4786377,246553339.9581909,84805824.27978516
1100,1100,1101,17579.0,64,102016719.81811523,83886619.5678711,283480482.1014404,85333790.77911377
1101,1101,1102,18112.0,75,105821992.87414552,80664986.6104126,294241323.47106934,82466094.97070312
1102,1102,1103,18582.0,69,108229596.13800047,82767861.36627197,273883443.83239746,84698643.6843872
1103,1103,1104,18667.0,66,116022353.17230225,83877943.03894043,242652665.13824463,85986718.17779541
1104,1104,1105,18185.0,70,107302163.12408447,81670808.79211426,279524703.9794922,85811725.61645508
1105,1105,1106,17903.0,79,113519326.21002196,81711506.8435669,294641318.321228,84084596.63391113
1106,1106,1107,17411.0,72,114498407.3638916,82216547.0123291,240963203.43017575,85429080.00946045
1107,1107,1108,17671.0,95,115386284.82818604,81823972.70202637,332732584.9533081,85180880.54656982
1108,1108,1109,17604.0,103,104709332.46612547,83587254.52423096,298847384.4528198,87180918.69354248
1109,1109,1110,17593.0,107,114385045.0515747,86103408.81347656,304117832.1838379,89962683.67767334
1110,1110,1111,17581.0,80,114857362.74719238,85033944.12994385,294560988.4262085,89405408.85925293
1111,1111,1112,18643.0,74,105892384.52911375,84966864.58587646,245047846.7941284,87284795.7611084
1112,1112,1113,18238.0,61,105152614.59350586,84236089.7064209,276357891.0827637,89468753.81469727
1113,1113,1114,18031.0,66,111142207.14569092,85810627.9373169,244568456.64978027,88935916.90063477
1114,1114,1115,17834.0,72,101594751.35803224,85453276.63421631,298175867.0806885,88079538.34533691
1115,1115,1116,17701.0,90,105451212.8829956,79468970.29876709,261327717.7810669,82276140.2130127
1116,1116,1117,18417.0,112,94355793.9529419,79505497.93243408,265682226.18103027,82395863.53302002
1117,1117,1118,18177.0,97,103818291.66412354,81022558.21228027,274520562.17193604,83167280.19714355
1118,1118,1119,17984.0,97,99897934.91363524,81699670.79162598,281526837.348938,83083676.3381958
1119,1119,1120,18164.0,127,104252558.70819092,80103630.06591797,261916733.74176025,83534639.35852051
1120,1120,1121,18976.0,111,104588515.28167725,81655306.81610107,314656055.45043945,83973900.79498291
1121,1121,1122,18496.0,71,103445936.20300291,82698073.387146,239704486.84692383,84805003.16619873
1122,1122,1123,18300.0,61,99912929.53491212,80465412.13989258,289986133.57543945,83785629.27246094
1123,1123,1124,18300.0,62,97118637.08496094,80936908.72192383,276478557.5866699,83519432.0678711
1124,1124,1125,18311.0,105,101211423.87390137,81748516.08276367,298245020.86639404,83557113.64746094
1125,1125,1126,18543.0,107,104650749.20654295,80048810.00518799,325312566.75720215,82970609.66491699
1126,1126,1127,18160.0,147,95295670.50933838,80058029.17480469,238685110.0921631,81761721.61102295
1127,1127,1128,19381.0,127,108249674.7970581,81938481.33087158,426468780.5175781,83487641.33453369
1128,1128,1129,18873.0,110,103814556.12182616,80699575.42419434,310035471.91619873,83488647.4609375
1129,1129,1130,18923.0,116,113150922.77526855,81517308.23516846,285570986.7477417,85406036.37695312
1130,1130,1131,18101.0,87,116258411.4074707,81081522.94158936,277392875.6713867,84708199.5010376
1131,1131,1132,17682.0,60,107037258.14819336,81314445.49560547,280543628.6926269,83921829.22363281
1132,1132,1133,18052.0,70,112472993.850708,80625053.40576172,277513434.4100952,85129146.57592773
1133,1133,1134,18463.0,109,121180007.93457033,81907566.07055664,313693537.7120972,84984953.88031006
1134,1134,1135,18489.0,86,114225330.3527832,82768309.59320068,259040840.14892575,85299248.69537354
1135,1135,1136,18310.0,84,117707581.52008057,83816524.50561523,305244665.145874,85797434.80682373
1136,1136,1137,18008.0,63,118539716.72058104,81083592.41485596,274598791.1224365,85030093.1930542
1137,1137,1138,18000.0,61,127584926.6052246,80063522.33886719,310158390.045166,82540798.18725586
1138,1138,1139,18054.0,69,122609355.92651369,80315878.86810303,281835846.90093994,83674298.28643799
1139,1139,1140,18000.0,61,123725097.65625,81906669.61669922,267138347.6257324,83721462.24975586
1140,1140,1141,18000.0,60,119608211.51733398,82455539.70336914,273687744.140625,84517478.9428711
1141,1141,1142,18000.0,61,121911792.75512695,83743961.33422852,301612186.4318848,85806278.22875977
1142,1142,1143,18000.0,60,112039375.30517578,79078960.41870117,259488201.14135745,81135177.61230469
1143,1143,1144,18137.0,84,115541431.42700195,80112833.9767456,290258228.30200195,82211935.99700928
1144,1144,1145,18186.0,86,121798650.74157716,82126419.06738281,305127183.9141846,84170484.54284668
1145,1145,1146,18000.0,61,118696983.33740234,83134460.44921875,277290332.79418945,85277992.24853516
1146,1146,1147,18000.0,61,122439334.86938477,84561824.79858398,290929306.03027344,86002519.60754395
1147,1147,1148,18000.0,62,113626909.25598145,82547023.77319336,248472686.76757807,86048072.8149414
1148,1148,1149,17876.0,61,117587024.6887207,80876869.20166016,306502460.4797363,84065341.94946289
1149,1149,1150,18124.0,63,120314552.3071289,82069488.52539062,257885631.5612793,84300292.96875
1150,1150,1151,18000.0,60,115289783.4777832,83438587.1887207,304938697.8149414,85689640.04516602
1151,1151,1152,18000.0,61,114229202.2705078,82200431.82373047,266939449.31030276,86020088.19580078
1152,1152,1153,18067.0,73,112114424.70550536,81827495.57495117,304656492.2332764,84986182.21282959
1153,1153,1154,18447.0,118,112321642.8756714,82153843.8796997,367423626.8997192,85985980.98754883
1154,1154,1155,18899.0,85,111012686.72943117,81018400.19226074,290180925.3692627,84823927.8793335
1155,1155,1156,19068.0,96,116520895.95794678,82128841.40014648,463391625.4043579,84782946.58660889
1156,1156,1157,19241.0,101,119021950.72174072,84318883.89587402,303819075.5844116,86928725.24261475
1157,1157,1158,19054.0,74,114440985.67962646,85237587.92877197,288764611.24420166,87714178.08532715
1158,1158,1159,19228.0,67,120757287.97912598,84671266.55578613,298530408.8592529,88241941.45202637
1159,1159,1160,19018.0,65,124215871.81091309,83598985.67199707,333704658.5083008,85943826.67541504
1160,1160,1161,18810.0,70,92660821.91467284,83122985.83984375,274054430.0079346,85210185.05096436
1161,1161,1162,18989.0,76,101808571.81549072,82993294.71588135,288293716.43066406,85375654.22058105
1162,1162,1163,18692.0,73,98921227.45513916,80367309.5703125,299601197.2427368,81941835.40344238
1163,1163,1164,18600.0,64,102019885.0631714,79589967.72766113,270588523.8647461,82559552.19268799
1164,1164,1165,18526.0,62,97631095.88623048,79511032.10449219,250714101.79138184,81369983.6730957
1165,1165,1166,18633.0,71,112091599.4644165,81005012.51220703,354576537.1322632,83149773.59771729
1166,1166,1167,18573.0,74,109366208.07647704,82468398.09417725,289677190.78063965,84387790.67993164
1167,1167,1168,18759.0,76,101527738.571167,81049131.39343262,280431264.87731934,85210713.38653564
1168,1168,1169,19243.0,71,112797669.41070557,81747417.44995117,254936121.9406128,85208006.85882568
1169,1169,1170,19283.0,69,108160848.61755373,84912318.2296753,745268790.2450562,87604929.92401123
1170,1170,1171,18725.0,73,108495115.28015137,83670021.0571289,284155202.8656006,86221533.77532959
1171,1171,1172,18322.0,68,104242361.0687256,81065094.94781494,275051101.6845703,84555048.94256592
1172,1172,1173,18300.0,61,100450515.74707033,80593013.76342773,268597412.109375,82538223.26660156
1173,1173,1174,18456.0,63,107878646.85058594,82513607.02514648,303123859.4055176,84715827.94189453
1174,1174,1175,18546.0,67,112605106.35375977,82442125.32043457,255921756.7443848,85720813.7512207
1175,1175,1176,18329.0,68,103330893.51654053,80400012.9699707,276545243.2632446,85901429.17633057
1176,1176,1177,18300.0,61,102828884.12475586,81483364.10522461,261263751.98364255,83904361.72485352
1177,1177,1178,17995.0,64,105375531.19659424,80632515.9072876,286964837.0742798,82519192.69561768
1178,1178,1179,19311.0,70,114776092.52929688,83699842.45300293,258673645.01953125,85704110.14556885
1179,1179,1180,18904.0,66,109807918.54858398,82978290.55786133,319333818.43566895,85430606.84204102
1180,1180,1181,18609.0,64,102471618.65234376,82572945.5947876,281857509.6130371,84386738.77716064
1181,1181,1182,18600.0,63,109426677.70385742,81033100.12817383,253349910.736084,83746330.26123047
1182,1182,1183,18600.0,64,110764818.19152832,82047821.04492188,292847386.36016846,84948635.10131836
1183,1183,1184,18600.0,63,99258270.26367188,81914806.3659668,342276439.66674805,84670543.6706543
1184,1184,1185,18330.0,65,102876993.17932127,80145579.33807373,281009208.6791992,83978827.47650146
1185,1185,1186,18712.0,85,101598567.00897215,80879188.53759766,287602714.5385742,83893488.88397217
1186,1186,1187,18915.0,88,104744291.305542,82887650.48980713,286884033.203125,85804287.91046143
1187,1187,1188,19622.0,87,108702205.65795898,83293001.17492676,280107923.5076904,87843165.39764404
1188,1188,1189,19200.0,64,103038024.90234376,83228588.10424805,266118907.9284668,85773754.11987305
1189,1189,1190,19200.0,65,122471378.32641602,85215927.12402344,294123405.45654297,87555164.3371582
1190,1190,1191,19176.0,64,112043266.29638672,82844467.16308594,318694061.2792969,86696125.03051758
1191,1191,1192,18624.0,69,106681552.88696288,81582831.38275146,256288975.7156372,85495887.75634766
1192,1192,1193,18600.0,62,103866863.25073242,82318782.80639648,277957248.68774414,85308837.890625
1193,1193,1194,18550.0,63,106241336.82250977,83618206.02416992,282234607.6965332,86314762.11547852
1194,1194,1195,18650.0,63,100605869.29321288,81346988.67797852,237275171.27990723,84717559.81445312
1195,1195,1196,18873.0,77,117127689.36157228,81159366.60766602,342680839.5385742,84175408.36334229
1196,1196,1197,19188.0,75,112805974.96032716,81968536.37695312,333476851.4633179,84599861.14501953
1197,1197,1198,18655.0,70,109008335.1135254,82069285.39276123,257000079.15496823,85138674.73602295
1198,1198,1199,18600.0,62,102947616.57714844,80389022.82714844,253483486.1755371,82932758.33129883
1199,1199,1200,18468.0,63,103227073.6694336,82450595.85571289,243354335.7849121,85102397.91870117
1200,1200,1201,18520.0,65,109376373.29101562,83088380.81359863,273386371.6125488,86886453.62854004
1201,1201,1202,18054.0,63,112677640.914917,82385468.48297119,279373624.80163574,85585853.57666016
1202,1202,1203,17755.0,66,106425840.37780762,80649015.42663574,246045117.3782349,83839110.37445068
1203,1203,1204,17553.0,60,112734718.3227539,80790721.89331055,283619819.6411133,83562820.43457031
1204,1204,1205,17716.0,60,107417654.9911499,81187655.44891357,234645156.8603516,84739540.10009766
1205,1205,1206,17831.0,63,108844202.9953003,82839179.99267578,315465738.2965088,86165384.29260254
1206,1206,1207,17700.0,60,115470770.83587646,82239877.70080566,298406570.4345703,85642501.83105469
1207,1207,1208,17595.0,60,107422088.62304688,80976184.8449707,248773548.1262207,85054515.83862305
1208,1208,1209,17700.0,60,106589698.7915039,80541744.23217773,256684470.1766968,84108524.32250977
1209,1209,1210,17805.0,61,106690020.56121826,82589921.95129395,235997371.673584,85753412.2467041
1210,1210,1211,17700.0,59,110252952.5756836,80326080.32226562,291919898.9868164,83547306.06079102
1211,1211,1212,17700.0,61,113723872.18475342,81471708.29772949,407809782.98187256,83974222.18322754
1212,1212,1213,17700.0,60,114599781.03637695,81158908.84399414,261414909.36279297,83947261.81030273
1213,1213,1214,17700.0,61,100078353.88183594,80902359.00878906,240834325.79040527,83746780.39550781
1214,1214,1215,17572.0,59,101487205.5053711,80746681.2133789,245959178.92456052,83256546.02050781
1215,1215,1216,18213.0,72,108739233.97064207,83410107.61260986,317221185.6842041,86105826.37786865
1216,1216,1217,18562.0,81,111049866.67633057,83896943.09234619,247170995.71228027,86739271.16394043
1217,1217,1218,18212.0,77,106359271.04949953,82639488.22021484,334804996.4904785,85440679.5501709
1218,1218,1219,18065.0,62,107146213.53149414,83975478.17230225,381262378.69262695,86944724.08294678
1219,1219,1220,17989.0,61,105899957.65686037,84374841.69006348,298937774.6582031,87248043.06030273
1220,1220,1221,18011.0,61,114504183.76922607,82621086.12060547,303661048.88916016,86077390.67077637
1221,1221,1222,18000.0,62,103911069.86999512,82467691.42150879,264898560.5239868,84391132.35473633
1222,1222,1223,18000.0,61,104369144.43969728,83793754.57763672,278053550.72021484,86147518.15795898
1223,1223,1224,17893.0,61,102144388.19885254,84084812.16430664,240126884.4604492,87302598.95324707
1224,1224,1225,18309.0,93,109504943.84765624,82306883.81195068,336670802.11639404,85993935.58502197
1225,1225,1226,18123.0,75,109057779.3121338,83182893.75305176,246820246.69647217,86388634.68170166
1226,1226,1227,18000.0,61,112883266.4489746,84963768.0053711,348715900.4211426,87193763.73291016
1227,1227,1228,18000.0,62,101325275.42114258,83432918.54858398,266111694.3359375,87656864.16625977
1228,1228,1229,18000.0,61,107875202.17895508,81466197.9675293,267618118.2861328,83511997.22290039
1229,1229,1230,18000.0,61,111456504.82177734,81831150.05493164,250948551.1779785,84660198.21166992
1230,1230,1231,18000.0,60,102809715.2709961,81762027.74047852,265182781.2194824,85220432.28149414
1231,1231,1232,18000.0,62,105588029.8614502,82250301.36108398,253686342.23937988,85087808.60900879
1232,1232,1233,17846.0,63,106665181.15997314,81251756.66809082,244912356.37664795,85282571.79260254
1233,1233,1234,17566.0,60,104795626.64031982,80967100.14343262,277762045.8602905,84108837.12768555
1234,1234,1235,18017.0,61,110498143.19610596,83655484.19952393,284792784.69085693,86275663.37585449
1235,1235,1236,17705.0,64,103936348.9151001,82421191.21551514,273288434.9822998,85146056.17523193
1236,1236,1237,17694.0,59,112995958.32824709,81019866.94335938,252345502.85339355,84506011.96289062
1237,1237,1238,17706.0,62,103948473.93035889,82576096.534729,264402338.0279541,85489922.52349854
1238,1238,1239,17624.0,59,105247848.5107422,83553977.9663086,271624675.7507324,85830062.86621094
1239,1239,1240,17776.0,61,112645328.52172852,83685878.75366211,257247516.63208008,85743114.47143555
1240,1240,1241,17700.0,59,105658435.8215332,81466197.9675293,281300640.1062012,86120796.20361328
1241,1241,1242,17515.0,59,106207817.07763672,81848131.17980957,261008661.2701416,85771417.61779785
1242,1242,1243,17885.0,61,111352613.44909668,84019947.05200195,300497453.6895752,87957153.3203125
1243,1243,1244,17700.0,60,116895870.20874023,83249828.33862305,299329547.8820801,86259384.15527344
1244,1244,1245,17655.0,59,109011225.70037842,81710729.59899902,230387821.19750977,84624109.26818848
1245,1245,1246,17745.0,61,110285851.47857666,83151485.44311523,259285942.07763672,86242654.80041504
1246,1246,1247,17908.0,89,106056400.29907228,84648952.48413086,279047499.65667725,87121721.2677002
1247,1247,1248,17846.0,81,109344684.60083008,83519949.9130249,282136890.4113769,86820448.87542725
1248,1248,1249,17933.0,94,107176927.56652832,81686039.92462158,262463649.74975583,84470798.49243164
1249,1249,1250,17882.0,78,111797862.05291748,82017910.95733643,343414900.7797241,85084275.2456665
1250,1250,1251,17920.0,92,110079852.104187,82859337.80670166,227549031.2576294,85585178.37524414
1251,1251,1252,17743.0,61,118359741.2109375,84167898.17810059,254770235.0616455,86677709.57946777
1252,1252,1253,17514.0,59,111943191.52832033,83596172.33276367,306112800.59814453,86188350.67749023
1253,1253,1254,17889.0,66,113739772.79663086,83752123.83270264,232289099.69329837,88833649.63531494
1254,1254,1255,17661.0,59,120293772.69744872,83694648.74267578,263040819.1680908,86408580.7800293
1255,1255,1256,17739.0,61,121367330.55114746,84866743.08776855,247729792.59490967,87015069.96154785
1256,1256,1257,17683.0,59,116343564.98718262,85371685.02807617,314504247.6654053,87030435.56213379
1257,1257,1258,17717.0,61,111815770.14923096,83025411.60583496,251766514.7781372,87014083.86230469
1258,1258,1259,17700.0,59,107852268.21899414,82562541.96166992,239348030.09033203,86110496.5209961
1259,1259,1260,17601.0,60,106268683.43353271,83487133.02612305,249701568.6035156,86184602.73742676
1260,1260,1261,17799.0,60,110604083.06121826,83926197.05200195,233850191.116333,86775186.53869629
1261,1261,1262,17594.0,62,113573427.20031738,82292813.30108643,327331516.26586914,84940101.62353516
1262,1262,1263,18143.0,103,118454995.15533447,83941967.01049805,331379710.19744873,86301954.26940918
1263,1263,1264,17716.0,64,118271652.22167967,82550008.77380371,320806157.1121216,85695618.62945557
1264,1264,1265,17700.0,59,111082363.12866212,82837486.26708984,273023700.7141113,85111427.3071289
1265,1265,1266,17700.0,61,111482831.95495604,81037910.46142578,284519512.1765137,85732524.87182617
1266,1266,1267,17700.0,59,119859695.43457033,82455539.70336914,265054607.39135745,85401821.13647461
1267,1267,1268,17640.0,61,114084709.16748048,83076965.33203125,273469211.57836914,86141437.53051758
1268,1268,1269,17760.0,61,105974842.0715332,82207876.20544434,268370206.8328857,84816270.82824707
1269,1269,1270,17700.0,61,106619127.27355956,81068759.91821289,265349937.43896484,83962238.31176758
1270,1270,1271,17700.0,60,106515120.50628662,82291889.19067383,245469416.6183472,85370862.96081543
1271,1271,1272,17700.0,60,106639251.70898438,83105098.72436523,243240730.28564453,85151798.24829102
1272,1272,1273,17667.0,59,106553060.5316162,82563400.26855469,261266510.0097656,85672925.94909668
1273,1273,1274,17660.0,62,109726708.4121704,82292192.45910645,290324100.4943848,85077907.56225586
1274,1274,1275,17773.0,60,109412342.0715332,81881582.26013184,276567037.58239746,85165750.50354004
1275,1275,1276,17700.0,61,104342792.51098631,82251483.91723633,286112094.8791504,85694953.91845703
1276,1276,1277,17700.0,59,116753196.7163086,82041263.58032227,258880519.86694336,84938621.5209961
1277,1277,1278,17700.0,61,119614070.89233398,84428092.95654297,315553810.1196289,87418056.48803711
1278,1278,1279,17700.0,59,115439987.1826172,84532356.26220703,275955677.0324707,87596225.73852539
1279,1279,1280,17654.0,60,105396696.09069824,83280124.66430664,295776920.3186035,86280887.60375977
1280,1280,1281,17714.0,77,105799584.38873293,82605988.50250244,316288296.6995239,85690838.81378174
1281,1281,1282,18085.0,91,110345325.4699707,84630710.60180664,256863853.45458984,87168839.45465088
1282,1282,1283,17860.0,82,111146029.47235107,85227885.24627686,393862268.447876,87537870.40710449
1283,1283,1284,17598.0,83,113589211.46392822,84076328.27758789,441091032.98187256,88021912.57476807
1284,1284,1285,17400.0,59,105706657.40966795,83773899.07836914,255610660.5529785,85766315.46020508
1285,1285,1286,17400.0,58,108984661.10229492,82645511.62719727,286457347.86987305,86256980.8959961
1286,1286,1287,17400.0,58,100425338.7451172,82062721.2524414,257007122.0397949,84168148.04077148
1287,1287,1288,17357.0,58,108772010.80322266,82131048.20251465,261641677.8564453,85179761.88659668
1288,1288,1289,17158.0,62,108166526.7944336,81211757.65991211,265989682.1975708,84677083.96911621
1289,1289,1290,17100.0,58,104181518.5546875,83461189.27001953,242214859.00878903,86201805.1147461
1290,1290,1291,17100.0,57,103149032.59277344,84237098.69384766,245613956.451416,86448097.2290039
1291,1291,1292,17100.0,58,104296073.91357422,82663822.17407227,267386627.1972656,86485977.17285156
1292,1292,1293,17100.0,57,103855991.3635254,83662033.08105469,276167964.93530273,85614109.03930664
1293,1293,1294,17100.0,58,107434024.81079102,83346328.73535156,268047752.3803711,86401882.17163086
1294,1294,1295,17100.0,57,109139728.54614258,81139183.0444336,253841114.04418945,84461116.79077148
1295,1295,1296,17100.0,57,108765792.84667967,82535076.14135742,286327743.53027344,85319995.88012695
1296,1296,1297,17100.0,57,102221775.05493164,83005142.21191406,244280719.75708008,84902286.52954102
1297,1297,1298,17100.0,58,106561368.94226074,80915737.15209961,249498825.0732422,84779743.19458008
1298,1298,1299,17100.0,57,101075649.2614746,81996917.72460938,246886825.56152344,84704017.63916016
1299,1299,1300,17053.0,57,104976648.33068848,82342613.22021484,242792866.7068481,84904245.37658691
1300,1300,1301,16859.0,58,108095840.45410156,80542884.82666016,266261201.8585205,83814476.0131836
1301,1301,1302,16636.0,65,109354835.5102539,78880814.55230713,246554807.66296387,81614635.4675293
1302,1302,1303,16452.0,55,104173450.4699707,80428688.0493164,259362487.79296875,82889968.87207031
1303,1303,1304,16548.0,56,108554100.0366211,81506927.49023438,265042591.0949707,83180625.91552734
1304,1304,1305,16383.0,55,103441354.75158691,79353412.62817383,284795728.6834717,82673051.83410645
1305,1305,1306,16208.0,57,106232625.0076294,80889463.42468262,260125492.09594727,83216542.24395752
1306,1306,1307,16341.0,55,100939867.01965332,79678285.59875488,255930444.71740723,81748138.42773438
1307,1307,1308,16243.0,58,109634788.5131836,78505316.73431396,247655920.0286865,82195319.17572021
1308,1308,1309,16200.0,54,108861064.91088869,79886913.29956055,261139011.38305664,82420921.3256836
1309,1309,1310,16114.0,54,115504276.27563477,80726346.96960449,330783153.53393555,82846403.12194824
1310,1310,1311,16614.0,100,105029378.8909912,78971156.1203003,345708168.9834595,82601175.30822754
1311,1311,1312,16337.0,75,112074877.73895264,78899592.39959717,282025632.8582764,81889721.87042236
1312,1312,1313,16524.0,100,123802124.0234375,80759778.97644043,266408481.5979004,83162727.35595703
1313,1313,1314,16418.0,81,104015947.34191896,80228045.46356201,264702627.18200684,82890850.06713867
1314,1314,1315,16305.0,73,107537886.61956789,79176515.57922363,254800421.7147827,81926285.74371338
1315,1315,1316,16366.0,85,104873768.80645752,81557790.75622559,262914650.9170532,84044785.49957275
1316,1316,1317,16151.0,61,112447587.96691896,80710409.16442871,307320215.2252197,84267904.28161621
1317,1317,1318,18274.0,75,110720944.40460204,81071619.9874878,295206840.5151367,84651709.55657959
1318,1318,1319,17759.0,60,112794654.8461914,82197719.57397461,302259674.0722656,85161434.17358398
1319,1319,1320,17700.0,59,104626750.94604492,79779624.93896484,261405944.82421875,84208488.46435547
1320,1320,1321,17239.0,64,106983551.97906494,79073229.78973389,263451951.0269165,81828321.45690918
1321,1321,1322,16569.0,66,105478316.30706789,79986631.39343262,261270009.0408325,82316580.7723999
1322,1322,1323,16200.0,55,99872197.15118408,77102279.66308594,211727206.2301636,80129419.32678223
1323,1323,1324,16200.0,54,109648418.42651369,78787422.18017578,254092884.0637207,81255340.57617188
1324,1324,1325,16200.0,54,107657718.65844728,79001998.90136719,310547733.3068848,81549453.73535156
1325,1325,1326,16101.0,54,103848289.4897461,79359460.83068848,259116256.7138672,83209379.19616699
1326,1326,1327,16299.0,55,114577434.53979492,80139427.1850586,265641437.5305176,82255720.1385498
1327,1327,1328,16200.0,54,106136512.75634766,79706382.75146484,325437355.0415039,83249187.46948242
1328,1328,1329,16439.0,89,112879935.2645874,78813123.70300293,288776637.07733154,81743476.86767578
1329,1329,1330,16286.0,64,105007889.74761964,80497963.90533447,230576642.9901123,83213926.31530762
1330,1330,1331,16200.0,54,108353233.33740234,79311847.68676758,266205024.71923828,83135318.75610352
1331,1331,1332,16200.0,54,112200736.99951172,80087184.90600586,271591472.6257324,83040904.9987793
1332,1332,1333,16200.0,54,106815719.6044922,81187248.22998047,261391067.5048828,83543300.62866211
1333,1333,1334,16324.0,71,111621132.85064696,79903342.24700928,247172101.9744873,83841269.49310303
1334,1334,1335,16411.0,81,108267096.5194702,79485870.36132812,289761597.6333618,81343811.03515625
1335,1335,1336,16463.0,91,107183728.2180786,80410172.46246338,262992097.85461423,82685035.7055664
1336,1336,1337,16259.0,62,100671292.30499268,79196429.25262451,218675559.04388428,82359948.15826416
1337,1337,1338,16200.0,54,114731884.00268556,79301834.10644531,302258777.6184082,82790279.38842773
1338,1338,1339,16200.0,55,108041400.90942384,80435371.39892578,224641933.4411621,82849826.81274414
1339,1339,1340,16200.0,54,106400299.07226562,80800437.9272461,252892112.7319336,82894134.52148438
1340,1340,1341,16226.0,70,109997138.97705078,78281773.5671997,309178981.78100586,80375141.14379883
1341,1341,1342,16499.0,88,103601727.48565674,78928824.42474365,234234681.1294556,80828269.9584961
1342,1342,1343,16516.0,99,103557289.12353516,80043651.58081055,326419612.8845215,82412934.30328369
1343,1343,1344,16793.0,103,110170121.19293211,79821129.79888916,247374511.71875,82489156.72302246
1344,1344,1345,16749.0,91,106292168.61724854,79421749.11499023,296319149.9710083,81259964.94293213
1345,1345,1346,16750.0,87,105811101.91345216,78592079.16259766,243363839.1494751,80277624.13024902
1346,1346,1347,16988.0,127,108715227.1270752,78567062.37792969,297300362.5869751,81004788.39874268
1347,1347,1348,16795.0,95,106847214.6987915,79407278.06091309,291203668.59436035,81652353.28674316
1348,1348,1349,16812.0,99,111279781.34155272,79588348.38867188,301847122.1923828,82452871.32263184
1349,1349,1350,16703.0,86,103992318.15338136,79120658.87451172,267859534.26361084,81781394.00482178
1350,1350,1351,16445.0,84,103563998.22235107,76955536.84234619,249421046.25701904,78485087.39471436
1351,1351,1352,17401.0,140,116557682.03735352,79425747.87139893,340657182.69348145,81220162.3916626
1352,1352,1353,16739.0,134,97819476.12762453,78346251.48773193,272709365.84472656,80859687.80517578
1353,1353,1354,16635.0,101,114993100.1663208,78864078.52172852,268097953.79638672,80994724.27368164
1354,1354,1355,16589.0,71,112902263.64135742,78773446.08306885,278536191.9403076,80811363.22021484
1355,1355,1356,16893.0,65,102257552.14691162,77763279.91485596,257751020.43151852,80103403.09143066
1356,1356,1357,16507.0,60,106235988.61694336,76792237.28179932,271283863.0676269,79725098.60992432
1357,1357,1358,16463.0,71,115423480.03387453,78914435.38665771,339231451.0345459,81390448.57025146
1358,1358,1359,17282.0,95,103791267.39501952,79746363.63983154,285616950.98876953,81872415.54260254
1359,1359,1360,17108.0,88,116127607.34558104,80383441.92504883,301336056.70928955,82994251.2512207
1360,1360,1361,17864.0,92,118153953.5522461,82165931.70166016,273087832.4508667,84924842.83447266
1361,1361,1362,17219.0,71,114620351.79138184,83395861.62567139,275209537.5061035,85181365.01312256
1362,1362,1363,17798.0,87,111514299.3927002,82728436.47003174,321306936.2640381,85643626.21307373
1363,1363,1364,17521.0,69,118734070.77789308,81880858.42132568,302885828.0181885,84499572.75390625
1364,1364,1365,17104.0,75,120406222.34344482,82017110.82458496,290090836.5249634,83977613.44909668
1365,1365,1366,17441.0,96,113156475.06713869,81028318.40515137,239993196.4874268,85132703.78112793
1366,1366,1367,17025.0,89,114881337.16583252,80331647.8729248,289340948.1048584,82947959.89990234
1367,1367,1368,17292.0,110,107185708.9996338,81721980.09490967,248439594.26879883,83526428.22265625
1368,1368,1369,17073.0,106,113606588.36364746,81364446.64001465,309469572.06726074,83236060.14251709
1369,1369,1370,18111.0,74,114354885.10131836,81768722.53417969,260966194.15283203,84448907.85217285
1370,1370,1371,17465.0,60,120709829.33044434,81798378.94439697,259715168.9529419,84411606.78863525
1371,1371,1372,17402.0,69,112949564.93377686,82988753.31878662,306502915.38238525,85125207.90100098
1372,1372,1373,17213.0,81,107621384.6206665,81126423.8357544,267310887.33673096,85128556.25152588
1373,1373,1374,16797.0,59,114617331.50482178,81212524.4140625,264992946.62475583,83537967.68188477
1374,1374,1375,16843.0,63,111154981.61315918,82077412.60528564,324633625.0305176,84213334.08355713
1375,1375,1376,16976.0,100,113379425.04882812,79783116.3406372,310144501.6860962,83577443.12286377
1376,1376,1377,17147.0,100,113398998.26049805,80345794.67773438,339083323.47869873,83375981.33087158
1377,1377,1378,17018.0,103,111198213.57727052,79591903.68652344,279967172.62268066,82702402.11486816
1378,1378,1379,17046.0,102,115498050.68969728,81041783.3328247,294994847.29766846,83832730.29327393
1379,1379,1380,16978.0,74,101575622.55859376,80445741.65344238,238102923.3932495,83369606.0180664
1380,1380,1381,16902.0,59,110513420.10498048,80681556.70166016,235155614.85290527,82868482.58972168
1381,1381,1382,16721.0,57,111476482.39135742,81066890.71655273,271642786.026001,83291336.05957031
1382,1382,1383,16911.0,59,116762335.77728271,82268604.27856445,293008319.8547363,83751129.15039062
1383,1383,1384,16493.0,56,108581805.229187,79540760.0402832,253827445.98388672,82389671.3256836
1384,1384,1385,17153.0,78,108476104.73632812,81560824.39422607,302048349.3804932,83781594.27642822
1385,1385,1386,17199.0,65,112807445.52612305,79709581.37512207,265584636.6882324,82182321.54846191
1386,1386,1387,17655.0,119,116471715.92712402,76530575.7522583,321055126.19018555,78940187.45422363
1387,1387,1388,17588.0,111,105940387.72583008,74271316.52832031,289484913.8259888,77188355.44586182
1388,1388,1389,17835.0,82,118542117.11883543,78093032.83691406,467868247.0321655,80747942.92449951
1389,1389,1390,16916.0,70,116606333.73260498,75096221.92382812,301874913.2156372,77918071.74682617
1390,1390,1391,17604.0,91,103499852.18048096,76551537.51373291,258098687.17193604,79413304.32891846
1391,1391,1392,17174.0,60,106473957.06176758,77309004.78363037,269285537.71972656,79196707.7255249
1392,1392,1393,16977.0,60,105422996.5209961,75429522.51434326,301557781.2194824,78955452.91900635
1393,1393,1394,17468.0,84,114109031.6772461,77807730.67474365,338319557.1899414,80755856.51397705
1394,1394,1395,16663.0,66,114791795.73059082,78515811.92016602,249682363.51013184,80254543.30444336
1395,1395,1396,16645.0,65,123004301.071167,79173914.9093628,359571842.1936035,81387088.77563477
1396,1396,1397,16540.0,56,114559229.85076904,75982975.00610352,289421354.29382324,79727756.50024414
1397,1397,1398,16588.0,60,127035716.05682372,78117934.22698975,265309423.44665527,81061888.69476318
1398,1398,1399,16547.0,56,109756350.51727296,78975725.1739502,253765751.83868408,81626697.5402832
1399,1399,1400,16376.0,57,111579139.70947266,77163978.57666016,266510463.7145996,80904674.5300293
1400,1400,1401,16212.0,59,101956519.12689207,75121085.16693115,224315192.2225952,77860507.01141357
1401,1401,1402,16200.0,54,114014339.44702148,76802158.35571289,334498500.8239746,78958225.25024414
1402,1402,1403,16584.0,87,112217185.02044678,77322767.25769043,326550159.4543457,79547897.33886719
1403,1403,1404,17800.0,118,113921239.85290527,76133083.34350586,281056050.30059814,79892669.67773438
1404,1404,1405,17258.0,120,109108693.12286375,75471207.61871338,314375379.5623779,78223880.76782227
1405,1405,1406,16664.0,63,107261966.70532228,77224267.00592041,295624043.46466064,79964091.30096436
1406,1406,1407,18561.0,70,106997320.1751709,79461375.23651123,301813048.36273193,81744604.11071777
1407,1407,1408,18864.0,68,115532788.27667236,77273519.51599121,297002948.7609863,79951659.20257568
1408,1408,1409,18997.0,68,109493484.49707033,78678702.35443115,267908308.0291748,81097236.63330078
1409,1409,1410,18719.0,67,111890273.09417725,78916596.41265869,250695194.2443848,81340571.40350342
1410,1410,1411,18279.0,62,114033076.28631592,76364814.75830078,259885885.23864743,80206058.50219727
1411,1411,1412,18065.0,72,112297529.22058104,78201495.17059326,280486297.6074219,80946291.92352295
1412,1412,1413,19033.0,75,102608997.3449707,79241560.93597412,269945128.44085693,81743223.19030762
1413,1413,1414,19273.0,70,108459076.88140868,76865449.90539551,256125317.57354736,81539054.87060547
1414,1414,1415,18894.0,96,120661397.93395996,77288640.97595215,355469028.4729004,80091629.02832031
1415,1415,1416,18816.0,95,108109326.36260986,78892098.42681885,268828502.6550293,82176244.73571777
1416,1416,1417,18536.0,102,103185119.62890624,78344558.71582031,247946456.9091797,80646368.0267334
1417,1417,1418,18944.0,101,110456215.85845947,77661685.94360352,307431442.2607422,79535132.40814209
1418,1418,1419,19330.0,87,122719798.08807372,78127069.4732666,242028503.41796875,80274743.08013916
1419,1419,1420,18917.0,73,117693922.04284668,77822219.84863281,317538018.22662354,80781577.11029053
1420,1420,1421,18382.0,72,108780629.15802002,77021715.16418457,402457719.8028565,79443927.76489258
1421,1421,1422,18393.0,63,112620668.41125488,76833774.56665039,210119904.51812744,79471965.78979492
1422,1422,1423,18548.0,76,104806230.54504396,78348862.64801025,284678791.0461426,80211666.10717773
1423,1423,1424,19038.0,80,108061813.3544922,79516745.56732178,242835833.5494995,82437314.98718262
1424,1424,1425,18699.0,67,105687010.76507568,76924967.7658081,274596321.10595703,80662821.76971436
1425,1425,1426,18668.0,68,122298918.72406006,78306940.07873535,314681136.1312866,80320786.47613525
1426,1426,1427,18843.0,78,106670777.32086182,79522538.18511963,256363647.4609375,81600343.70422363
1427,1427,1428,19055.0,67,101993654.25109863,77954741.47796631,282335026.74102783,81275332.4508667
1428,1428,1429,18953.0,74,117672168.73168944,78803634.64355469,370829613.6856079,81005266.1895752
1429,1429,1430,19213.0,69,104119874.95422363,79907486.91558838,352922456.741333,82770092.96417236
1430,1430,1431,18882.0,67,101773872.37548828,77674217.2241211,255743000.0305176,81153587.3413086
1431,1431,1432,18998.0,64,106509670.25756836,79257305.14526367,244626430.5114746,81381954.19311523
1432,1432,1433,19019.0,80,94492734.90905762,79761754.0359497,251531250.95367432,81925702.09503174
1433,1433,1434,19220.0,67,105869283.67614746,79948045.73059082,228990368.8430786,81516837.12005615
1434,1434,1435,19134.0,68,113088685.03570557,78004903.79333496,283456251.1444092,82945443.15338135
1435,1435,1436,19152.0,67,106599823.9517212,78582468.03283691,347184611.3204956,80866325.37841797
1436,1436,1437,19325.0,79,107485015.86914062,80017552.37579346,263414901.73339844,82098523.13995361
1437,1437,1438,19200.0,64,111401653.28979492,79329586.02905273,334533405.3039551,81718254.08935547
1438,1438,1439,19200.0,65,109743465.42358398,80970668.79272461,234582206.72607425,82539520.26367188
1439,1439,1440,18978.0,64,102714513.77868652,78253274.91760254,274549915.3137207,80904874.80163574
1440,1440,1441,19192.0,77,106446622.84851074,80862184.52453613,216399070.7397461,83303032.87506104
1441,1441,1442,19297.0,65,105224039.0777588,80651721.00067139,296989776.6113281,82818162.91809082
1442,1442,1443,18953.0,73,94688455.58166504,77776193.61877441,384765123.3673096,80140663.14697266
1443,1443,1444,18937.0,85,110503126.14440918,78434646.60644531,304204212.1887207,80464176.17797852
1444,1444,1445,19388.0,68,99229936.59973145,78879161.8347168,279491077.4230957,82293739.31884766
1445,1445,1446,19200.0,64,103388786.31591795,80364990.234375,253982162.47558597,82841205.59692383
1446,1446,1447,19045.0,64,101774912.83416748,80391471.86279297,409754966.73583984,82798561.0961914
1447,1447,1448,19355.0,67,103790966.98760986,78343517.3034668,246639985.0845337,82803844.4519043
1448,1448,1449,19091.0,64,101045827.8656006,79003581.0470581,281427888.87023926,81997433.66241455
1449,1449,1450,18921.0,92,102121527.67181396,80293281.55517578,291525176.0482788,83180872.9171753
1450,1450,1451,19174.0,93,99760771.7514038,79950720.78704834,266840768.8140869,82878792.76275635
1451,1451,1452,19205.0,105,107738498.68774414,79117852.21099854,286896707.53479004,82501705.16967773
1452,1452,1453,19345.0,82,109437658.30993652,79984048.84338379,263342827.79693604,82360618.5913086
1453,1453,1454,18192.0,78,111600012.77923584,80205661.77368164,266379618.6447144,82507138.2522583
1454,1454,1455,17869.0,77,105926781.65435793,78177322.38769531,254510239.60113525,80762864.112854
1455,1455,1456,17562.0,61,104902791.97692873,77290294.6472168,316111869.8120117,79385429.38232422
1456,1456,1457,17880.0,61,107746092.79632568,79834377.28881836,275294727.32543945,82138851.16577148
1457,1457,1458,17568.0,59,103793083.19091795,78758789.0625,747698272.7050781,81224842.0715332
1458,1458,1459,17587.0,64,116903235.43548584,78590097.42736816,279768110.2752685,82042562.48474121
1459,1459,1460,17253.0,60,96379260.0631714,77639976.50146484,260304721.8322754,80214427.94799805
1460,1460,1461,17506.0,60,114400532.72247314,79785495.75805664,308450311.6607666,81271110.53466797
1461,1461,1462,17076.0,61,105062482.8338623,78715999.60327148,223204943.6569214,80651454.92553711
1462,1462,1463,18649.0,91,109422019.00482178,79628539.08538818,260774682.0449829,81454681.39648438
1463,1463,1464,18179.0,81,112382433.8912964,79291960.71624756,273435352.32543945,81776951.78985596
1464,1464,1465,18214.0,85,108801921.84448242,79097378.73077393,270862393.3792114,81831150.05493164
1465,1465,1466,18752.0,86,114354784.01184082,77286710.73913574,260744647.026062,81490105.62896729
1466,1466,1467,18675.0,71,109296873.09265137,80434105.87310791,276202705.3833008,82841247.55859375
1467,1467,1468,19630.0,75,113261816.9784546,80915784.83581543,269352797.50823975,83327344.89440918
1468,1468,1469,19287.0,74,110190870.28503418,80809592.24700928,301529335.02197266,82989714.62249756
1469,1469,1470,19464.0,95,116463644.98138428,79881731.0333252,294152070.9991455,86059007.64465332
1470,1470,1471,19219.0,80,116936842.918396,82647642.13562012,289644320.4879761,87412678.7185669
1471,1471,1472,18616.0,68,109631567.00134276,83681801.79595947,291327966.6900635,87755741.11938477
1472,1472,1473,18600.0,62,104815292.35839844,83779621.12426758,268554496.7651367,87850570.67871094
1473,1473,1474,18568.0,63,107967754.36401369,82416202.54516602,266932575.22583008,84938220.9777832
1474,1474,1475,18207.0,64,115194796.56219482,81443154.33502197,318543925.28533936,86401373.86322021
1475,1475,1476,18947.0,74,101978047.37091064,82438350.67749023,312518145.56121826,86489459.03778076
1476,1476,1477,19352.0,83,103482512.47406006,82460400.58135986,253732377.05230716,85199165.34423828
1477,1477,1478,19534.0,68,104224132.5378418,81389895.43914795,281598857.8796387,86489792.8237915
1478,1478,1479,19478.0,65,108498579.02526855,80658365.24963379,268984294.8913574,83430040.35949707
1479,1479,1480,19211.0,68,110143902.77862547,81256690.02532959,274649136.5432739,83289695.7397461
1480,1480,1481,18911.0,68,107710429.19158936,80006468.77288818,276909311.29455566,83211506.8435669
1481,1481,1482,18787.0,65,98353591.91894533,78729244.23217773,248740009.30786133,83265933.99047852
1482,1482,1483,18608.0,69,122247599.6017456,75797284.12628174,309835687.6373291,79498392.10510254
1483,1483,1484,18701.0,66,109678125.38146973,77780103.68347168,256665127.75421143,80261262.89367676
1484,1484,1485,18507.0,62,109211391.4489746,77579521.17919922,332434146.8811035,80839765.54870605
1485,1485,1486,18693.0,64,115451906.20422363,79635248.1842041,304131900.7873535,83072160.7208252
1486,1486,1487,18600.0,62,116526317.59643556,80877113.34228516,288295841.217041,84059143.06640625
1487,1487,1488,18600.0,65,112022589.68353271,81445943.83239746,256464429.85534668,84893934.24987793
1488,1488,1489,18600.0,62,113487052.91748048,82164287.56713867,291501331.3293457,84867668.15185547
1489,1489,1490,18928.0,107,109088743.20983888,81871778.48815918,311629945.7550049,87289185.52398682
1490,1490,1491,18383.0,68,111103055.95397948,80462314.60571289,255058746.33789065,84955095.2911377
1491,1491,1492,18131.0,64,121596275.32958984,81404090.88134766,367005809.7839356,86322521.2097168
1492,1492,1493,18389.0,63,122439079.28466795,82086288.45214844,281202505.11169434,88684368.13354492
1493,1493,1494,18380.0,63,113102039.3371582,83657546.99707031,316379222.86987305,89061256.4086914
1494,1494,1495,18262.0,61,112754217.14782716,82920562.74414062,259504974.3652344,87388763.42773438
1495,1495,1496,18338.0,64,115850336.0748291,84727531.43310547,315284488.6779785,89140197.75390625
1496,1496,1497,18209.0,61,120915294.6472168,83674243.92700195,290704559.3261719,87268474.57885742
1497,1497,1498,18391.0,63,124831043.2434082,86648700.71411133,305198230.7434082,89286727.90527344
1498,1498,1499,18198.0,61,121314245.22399902,81678337.09716797,302949657.44018555,87364013.671875
1499,1499,1500,18402.0,63,118137701.0345459,81965881.34765625,297666608.8104248,86072994.23217773
1500,1500,1501,18202.0,61,121491788.86413574,82584720.61157227,293488815.3076172,85132022.85766602
1501,1501,1502,18398.0,63,121541872.02453612,81669708.25195312,280877986.907959,86042259.2163086
1502,1502,1503,18077.0,66,116947633.74328612,79315700.53100586,297856593.13201904,83556445.12176514
1503,1503,1504,17864.0,60,122252109.52758788,79834377.28881836,273150245.6665039,84106540.67993164
1504,1504,1505,18136.0,62,121611487.38861084,81012937.54577637,302894721.9848633,85665212.63122559
1505,1505,1506,18000.0,61,119969306.94580078,81757141.11328125,266728454.58984372,85032211.30371094
1506,1506,1507,17963.0,60,113462476.73034668,81233346.93908691,297716339.1113281,84948823.92883301
1507,1507,1508,17940.0,63,122363606.4529419,80232112.88452148,263071287.15515137,83025163.6505127
1508,1508,1509,18402.0,99,115588616.3711548,81906957.62634277,275380022.0489502,85382344.24591064
1509,1509,1510,18112.0,78,114920043.9453125,82865830.42144775,286110345.8404541,86126835.82305908
1510,1510,1511,18278.0,99,114209636.68823242,81091988.5635376,322861869.8120117,84887928.0090332
1511,1511,1512,18000.0,62,118853672.02758788,82628047.94311523,285104259.4909668,86300945.28198242
1512,1512,1513,18000.0,61,119025953.29284668,83652318.95446777,305553268.4326172,86686008.45336914
1513,1513,1514,18000.0,61,116631172.18017578,83013545.98999023,261323375.7019043,85197456.35986328
1514,1514,1515,17964.0,60,117617271.42333984,80133636.47460938,294382232.6660156,82807022.09472656
1515,1515,1516,18036.0,62,123890113.8305664,81853553.77197266,290040378.57055664,85202091.21704102
1516,1516,1517,18000.0,61,130802631.37817384,83051490.7836914,335984382.62939453,85735912.32299805
1517,1517,1518,18000.0,63,113385784.14916992,83462192.53540039,264839881.89697263,86113723.75488281
1518,1518,1519,18000.0,60,111415958.40454102,81489658.35571289,261218833.92333984,85806083.67919922
1519,1519,1520,17961.0,61,119431383.13293456,82061119.07958984,293893801.68914795,84087066.65039062
1520,1520,1521,18039.0,61,120361321.4492798,82661058.42590332,282554609.29870605,85300025.9399414
1521,1521,1522,17904.0,61,115051952.36206056,83013198.85253906,299224845.88623047,85706863.40332031
1522,1522,1523,18096.0,62,121284261.7034912,82566101.07421875,264241413.11645508,86955287.93334961
1523,1523,1524,17988.0,62,122840496.06323242,81518791.19873047,292104965.20996094,84298721.31347656
1524,1524,1525,18012.0,61,128044178.0090332,81394306.18286133,297938209.5336914,86179653.16772461
1525,1525,1526,18000.0,62,127890827.17895508,81935348.51074219,321004451.751709,85289600.37231445
1526,1526,1527,18000.0,62,123314749.7177124,82690544.12841797,284759336.4715576,86122016.90673828
1527,1527,1528,17971.0,61,118420631.4086914,83704330.44433594,310954277.0385742,86763404.8461914
1528,1528,1529,18029.0,62,120444538.11645508,84203208.92333984,311046970.36743164,87429595.94726562
1529,1529,1530,17937.0,61,128441326.14135742,81039890.28930664,344024158.4777832,87099323.27270508
1530,1530,1531,18063.0,62,120848247.52807616,82939922.33276367,286242542.2668457,86404815.67382812
1531,1531,1532,17729.0,64,124024076.461792,82774477.9586792,331032266.6168213,86763039.58892822
1532,1532,1533,17826.0,61,128760074.61547852,84301914.21508789,267475282.66906735,87693199.15771484
1533,1533,1534,17562.0,60,124274398.80371094,82490043.64013672,304084980.0109863,86420009.61303711
1534,1534,1535,17838.0,62,106736724.85351562,81126506.80541992,312958774.5666504,87053955.078125
1535,1535,1536,17665.0,60,107509595.87097168,79506195.06835938,336805637.35961914,82892059.32617188
1536,1536,1537,17396.0,61,118591133.11767578,79512639.04571533,299912544.2504883,82662042.61779785
1537,1537,1538,17414.0,60,123886339.18762209,79902446.74682617,302833528.5186768,83431747.43652344
1538,1538,1539,17400.0,58,124152088.1652832,81970310.21118164,316219997.40600586,86476707.4584961
1539,1539,1540,17400.0,59,126981590.2709961,83085952.75878906,277310279.8461914,86974811.55395508
1540,1540,1541,17343.0,60,123010272.97973631,83475994.11010742,360374401.0925293,86540355.68237305
1541,1541,1542,17332.0,60,123175429.34417725,81953104.01916504,344755893.7072754,85906528.47290039
1542,1542,1543,17435.0,59,122101669.31152344,80760993.95751953,328223972.32055664,84393148.42224121
1543,1543,1544,17395.0,59,123887076.37786864,81601943.96972656,2403138637.5427246,86345567.70324707
1544,1544,1545,17434.0,60,126695969.581604,82302505.49316406,298391451.8356323,86319879.53186035
1545,1545,1546,17461.0,59,130060695.64819336,83509113.31176758,327958343.5058594,87658634.18579102
1546,1546,1547,17400.0,58,122923564.91088869,83210277.55737305,268165397.64404297,86735057.83081055
1547,1547,1548,17110.0,60,122229037.28485107,80768703.46069336,312377400.3982544,85569607.73468018
1548,1548,1549,17034.0,57,121893442.15393066,80447364.8071289,251642097.47314453,84663414.00146484
1549,1549,1550,17042.0,59,123204423.90441896,81039051.0559082,323436563.4918213,85573333.74023438
1550,1550,1551,17050.0,58,127103677.7496338,82864105.22460938,291755065.91796875,86778652.19116211
1551,1551,1552,16867.0,62,127660802.84118652,83110155.10559082,342162141.7999268,85992109.29870605
1552,1552,1553,16746.0,56,127830785.75134276,83167316.43676758,348246128.0822754,86636238.09814453
1553,1553,1554,16707.0,58,123168275.83312988,80423526.76391602,313782335.2813721,86460868.83544922
1554,1554,1555,17027.0,91,128320414.54315186,79859382.62939453,290271198.2727051,83926362.03765869
1555,1555,1556,17116.0,74,128338527.67944336,80865520.47729492,291723680.4962158,84919680.59539795
1556,1556,1557,16786.0,56,120417232.51342772,81375007.62939453,246353702.545166,84567695.61767578
1557,1557,1558,16814.0,57,116304264.06860352,81596584.32006836,321386623.3825684,84732658.38623047
1558,1558,1559,16706.0,56,124260189.05639648,80384853.36303711,268819458.0078125,84899974.82299805
1559,1559,1560,16885.0,59,126217547.416687,80216297.1496582,321819476.1276245,83979504.58526611
1560,1560,1561,16963.0,60,123894874.5727539,82371660.23254395,335290908.81347656,86406578.06396484
1561,1561,1562,16507.0,59,119331830.02471924,81639269.82879639,309723335.2661133,84971011.1618042
1562,1562,1563,16590.0,60,114856927.8717041,82314273.83422852,265691608.42895508,85892263.41247559
1563,1563,1564,16593.0,56,117369363.78479004,79557283.40148926,301807840.34729004,84202526.0925293
1564,1564,1565,16677.0,56,120253761.2915039,80629451.75170898,310276350.9750366,84438265.80047607
1565,1565,1566,16419.0,59,121102231.0256958,80081385.6124878,310559174.5376587,82729544.6395874
1566,1566,1567,16586.0,56,133608711.24267578,81650680.54199219,305805564.8803711,84022552.49023438
1567,1567,1568,16461.0,55,129731815.33813477,80412260.05554199,300392332.0770264,84253211.97509766
1568,1568,1569,16539.0,57,116960723.87695312,80512790.67993164,277008470.5352783,85010541.91589355
1569,1569,1570,16500.0,56,132541637.4206543,82025920.86791992,262239624.0234375,84795783.99658203
1570,1570,1571,15940.0,60,118485814.09454346,80931057.92999268,269418416.9769287,84650673.86627197
1571,1571,1572,15338.0,57,108599437.71362305,77660785.67504883,219660549.1638184,82369287.49084473
1572,1572,1573,15306.0,52,115524444.58007812,80112144.47021484,308449893.951416,83710636.13891602
1573,1573,1574,15300.0,52,121098767.2805786,80160713.19580078,260246704.1015625,84468574.52392578
1574,1574,1575,15120.0,51,128656192.77954102,78164707.18383789,337784126.2817383,83080299.3774414
1575,1575,1576,15480.0,54,122047313.69018556,79338661.19384766,281884471.89331055,84386997.22290039
1576,1576,1577,15292.0,56,121628259.65881348,79854687.69073486,309815059.66186523,83315609.9319458
1577,1577,1578,15300.0,51,120648193.359375,77879619.59838867,250505733.48999023,82617187.5
1578,1578,1579,15300.0,52,119431102.75268556,78421211.24267578,295841125.48828125,82138904.5715332
1579,1579,1580,15300.0,52,118486030.57861328,79626846.31347656,259090869.90356445,83182350.1586914
1580,1580,1581,15346.0,58,121318136.21520996,78658411.9796753,292024574.2797852,83995096.20666504
1581,1581,1582,15475.0,90,123872185.70709229,80377683.63952637,310216861.7248535,84207689.28527832
1582,1582,1583,16428.0,65,131461663.2461548,81098010.06317139,331566997.5280762,84150263.78631592
1583,1583,1584,16914.0,99,112087156.29577637,81696817.39807129,292044824.6002197,85633779.52575684
1584,1584,1585,16589.0,66,119420369.1482544,80620748.51989746,335231041.90826416,85744551.65863037
1585,1585,1586,16448.0,55,117740360.26000977,81332565.30761719,288564002.99072266,85917808.53271484
1586,1586,1587,16268.0,61,120784177.78015137,81852526.66473389,286464925.7659912,85058281.89849854
1587,1587,1588,16385.0,55,126018185.61553957,82294845.58105469,525075969.6960449,86326384.54437256
1588,1588,1589,17010.0,62,120199353.2180786,80259433.74633789,406254891.3955689,85559819.22149658
1589,1589,1590,16540.0,63,111208040.23742676,79476763.72528076,307721677.78015137,81909955.02471924
1590,1590,1591,16174.0,60,104852160.4537964,80124855.99517822,312448560.7147217,82746674.53765869
1591,1591,1592,16197.0,95,120175933.83789062,77990311.62261963,295049102.7832031,82966567.99316406
1592,1592,1593,16137.0,86,117176961.89880373,78614603.04260254,270534668.9224243,82180755.61523438
1593,1593,1594,16031.0,76,124963459.01489258,80285634.04083252,250617524.1470337,81972879.40979004
1594,1594,1595,15886.0,94,114142681.12182616,78750317.57354736,270677725.79193115,82536638.2598877
1595,1595,1596,15840.0,92,120334918.02215576,80202323.91357422,344353317.2607422,84694674.49188232
1596,1596,1597,15636.0,53,122626075.7446289,80940616.60766602,277038860.3210449,84723724.36523438
1597,1597,1598,15600.0,52,114412879.94384766,77707386.0168457,282212162.01782227,82647228.2409668
1598,1598,1599,15600.0,52,122200298.30932616,78645801.54418945,251574325.56152344,82048702.23999023
1599,1599,1600,15600.0,52,121572875.9765625,78955364.22729492,307846069.3359375,82753944.39697266
1600,1600,1601,15553.0,52,115082674.98016356,78134132.3852539,258356952.66723636,83722568.51196289
1601,1601,1602,15815.0,92,105461784.36279295,76973587.03613281,352334224.70092773,79515866.27960205
1602,1602,1603,16144.0,75,114292157.17315674,79176204.68139648,327169390.67840576,81088921.54693604
1603,1603,1604,17513.0,93,106665219.3069458,79487174.03411865,349699689.8651123,82994654.65545654
1604,1604,1605,16800.0,56,109282207.48901369,76653671.26464844,287454700.4699707,79254913.33007812
1605,1605,1606,16800.0,56,110081577.3010254,75646591.18652344,285206222.5341797,77593517.3034668
1606,1606,1607,16800.0,56,116934013.36669922,75904655.45654297,305629348.7548828,78060150.14648438
1607,1607,1608,16800.0,57,116887405.3955078,77212425.2319336,273306194.3054199,79315319.0612793
1608,1608,1609,16800.0,56,112422466.27807616,78138542.17529297,280008888.2446289,80105781.55517578
1609,1609,1610,16800.0,56,110938453.6743164,79455184.93652344,272205162.04833984,81429004.66918945
1610,1610,1611,16800.0,56,105819511.41357422,76698589.32495117,309576988.22021484,79286670.68481445
1611,1611,1612,16871.0,59,106415238.38043211,79349233.62731934,304180070.8770752,81829240.7989502
1612,1612,1613,18287.0,87,111643632.88879396,83100504.8751831,315571907.99713135,85268472.67150879
1613,1613,1614,18916.0,79,108129647.25494383,81649433.13598633,329537313.4613037,86322111.12976074
1614,1614,1615,18722.0,65,107932802.20031738,80893331.52770996,263754953.3843994,84279314.0411377
1615,1615,1616,17995.0,77,116888719.55871582,82558586.12060547,277620080.947876,85165356.63604736
1616,1616,1617,17653.0,69,119968348.5031128,82868270.87402344,309088020.32470703,87703836.44104004
1617,1617,1618,18242.0,72,129516025.54321288,82772104.26330566,289744892.1203613,87068680.76324463
1618,1618,1619,17877.0,73,113270936.96594238,81469301.22375488,314086082.4584961,87065704.34570312
1619,1619,1620,18775.0,71,116208246.2310791,83556864.73846436,446616828.918457,87367465.97290039
1620,1620,1621,17979.0,64,109088223.45733644,82626644.13452148,271256561.2792969,87275699.61547852
1621,1621,1622,17412.0,64,99447116.85180664,80808536.52954102,298418699.2645264,84743593.21594238
1622,1622,1623,17305.0,58,105705084.8007202,81246795.65429688,359597578.04870605,83645505.90515137
1623,1623,1624,18717.0,99,106069246.29211426,81303294.18182373,305261929.5120239,85888767.24243164
1624,1624,1625,17716.0,65,108349430.08422852,78876012.80212402,280570171.3562012,82062633.5144043
1625,1625,1626,17742.0,61,112537513.73291016,80635354.04205322,369178665.1611328,84079170.22705078
1626,1626,1627,19001.0,72,116407641.41082764,84001027.10723877,302510503.7689209,86822620.3918457
1627,1627,1628,18914.0,65,119108266.83044434,83660440.44494629,346095845.22247314,86349416.73278809
1628,1628,1629,18317.0,67,114920236.5875244,81435603.14178467,272056473.7319946,84040198.32611084
1629,1629,1630,17794.0,65,108210184.09729004,82394463.53912354,281860956.1920166,85298603.05786133
1630,1630,1631,17408.0,70,108041692.73376463,82764757.15637207,267149036.4074707,86042860.03112793
1631,1631,1632,18476.0,123,104888339.04266356,82885346.41265869,283916670.7992554,86195107.46002197
1632,1632,1633,18349.0,105,110240414.6194458,83925265.31219482,260540383.33892825,87270048.14147949
1633,1633,1634,18688.0,79,112333686.82861328,85155629.15802002,336719685.5545044,88463956.83288574
1634,1634,1635,19326.0,80,109247260.09368896,83845140.45715332,290135481.8344116,87293630.59997559
1635,1635,1636,18684.0,69,111993338.5848999,83459773.06365967,263397429.4662476,86067516.3269043
1636,1636,1637,19045.0,69,110419876.0986328,85802612.3046875,284670665.7409668,89803159.71374512
1637,1637,1638,19039.0,72,116742080.68847656,84202229.4998169,834176024.4369507,86415795.32623291
1638,1638,1639,19153.0,108,108187686.92016602,83917205.81054688,282334330.55877686,86368198.39477539
1639,1639,1640,18806.0,64,112542245.86486816,83441463.47045898,281980607.0327759,86391263.96179199
1640,1640,1641,18934.0,65,114869958.87756348,86079830.16967773,374336944.5800781,88255601.88293457
1641,1641,1642,18481.0,67,110309696.19750977,83316329.95605469,231652298.92730716,86311998.36730957
1642,1642,1643,18251.0,64,112864311.21826172,81772420.88317871,301240123.7487793,84783439.63623047
1643,1643,1644,17883.0,81,113345555.30548096,82144437.78991699,317448727.60772705,85802895.54595947
1644,1644,1645,17787.0,126,116264269.8287964,82961380.95855713,311865147.5906372,88459041.59545898
1645,1645,1646,17276.0,87,117841565.13214111,84405112.26654053,332500766.7541504,87946097.3739624
1646,1646,1647,17422.0,68,117352121.3531494,85229874.61090088,297114322.6623535,89109106.06384277
1647,1647,1648,17100.0,57,116939163.2080078,83670330.04760742,338600635.52856445,88487148.28491211
1648,1648,1649,17006.0,57,114593366.6229248,84469032.28759766,294809101.1047363,88624698.63891602
1649,1649,1650,17087.0,58,115814050.67443848,85063669.20471191,261223123.55041504,89045902.25219727
1650,1650,1651,16847.0,61,123698557.85369872,83548404.69360352,368783645.6298828,87041959.76257324
1651,1651,1652,18398.0,78,123369389.53399658,84288875.57983398,283982743.2632446,88653332.71026611
1652,1652,1653,17700.0,60,115574260.71166992,82879543.30444336,315166385.6506348,88262569.42749023
1653,1653,1654,17700.0,59,118573665.61889648,82000637.05444336,326408386.23046875,85988330.84106445
1654,1654,1655,17700.0,59,126955604.55322266,82469272.61352539,319645786.2854004,88061714.17236328
1655,1655,1656,18026.0,101,124762714.38598631,82340076.4465332,326090950.01220703,86479071.61712646
1656,1656,1657,17757.0,68,120421303.74908447,84819013.59558105,334428659.4390869,88780724.52545166
1657,1657,1658,17513.0,102,126838016.51000977,85075021.74377441,363517141.3421631,88562960.62469482
1658,1658,1659,17160.0,67,126185849.1897583,83275651.9317627,308656802.1774292,88394909.85870361
1659,1659,1660,17405.0,102,114085322.38006592,81700982.09381104,306703057.28912354,86741222.3815918
1660,1660,1661,16768.0,64,118745659.82818604,82503538.13171387,297560407.6385498,86947221.75598145
1661,1661,1662,16513.0,96,119120011.32965088,84175654.41131592,350560574.5315552,88836877.82287598
1662,1662,1663,16987.0,102,115860470.77178957,82546174.04937744,280539714.8132324,87693175.31585693
1663,1663,1664,16937.0,92,120601196.2890625,82855612.75482178,301822529.79278564,88869540.21453857
1664,1664,1665,17675.0,86,119448118.20983888,85937479.97283936,270679216.3848877,91602520.942688
1665,1665,1666,17759.0,73,119782498.35968018,85719330.78765869,306725034.7137451,89011952.40020752
1666,1666,1667,17825.0,101,118240564.34631348,83886099.81536865,300058718.68133545,89605319.97680664
1667,1667,1668,17326.0,73,119466413.4979248,82876561.16485596,405544845.5810547,87119156.83746338
1668,1668,1669,18502.0,100,118453811.6455078,85280068.39752197,272479873.65722656,88335013.3895874
1669,1669,1670,18631.0,76,119319077.49176024,84426606.17828369,317388260.8413696,88316016.19720459
1670,1670,1671,18660.0,81,116417472.83935548,83553356.1706543,290628923.4161377,87317581.17675781
1671,1671,1672,18173.0,64,111331212.0437622,84727315.90270996,276084309.5779419,87444570.54138184
1672,1672,1673,18768.0,79,117083136.55853271,86942437.17193604,262597707.7484131,89841990.47088623
1673,1673,1674,18800.0,70,107309550.28533936,83535030.36499023,277240908.6227417,86887990.95153809
1674,1674,1675,18705.0,65,128668617.24853516,83979180.33599854,315734742.1646118,87013050.0793457
1675,1675,1676,19484.0,93,121259099.96032716,84385234.83276367,511063465.1184082,88210122.10845947
1676,1676,1677,19606.0,66,121235887.52746582,86257698.05908203,613340251.9226074,91144916.53442384
1677,1677,1678,18834.0,67,114079902.64892578,85280366.89758301,341673474.3118286,88518529.89196777
1678,1678,1679,18454.0,69,109749612.80822754,84799372.67303467,232053213.11950684,89537712.09716797
1679,1679,1680,18175.0,66,106343755.7220459,82336108.20770264,321195457.4584961,85387458.80126953
1680,1680,1681,18005.0,61,120912742.6147461,82874140.73944092,315642728.805542,85432467.46063232
1681,1681,1682,18583.0,81,111121729.85076904,81791564.94140625,290695203.7811279,86371401.7868042
1682,1682,1683,18292.0,88,111424615.85998537,83985935.21118164,272074575.42419434,87513782.5012207
1683,1683,1684,18419.0,91,113645770.072937,85082159.0423584,310357701.3015747,89028018.95141602
1684,1684,1685,19455.0,103,118457985.87799072,86821111.67907715,301062372.2076416,90197732.92541504
1685,1685,1686,19173.0,78,115206635.47515868,83163460.73150635,367327230.4534912,88503356.93359375
1686,1686,1687,19130.0,89,123786018.37158205,83844927.78778076,391595522.8805542,87946823.12011719
1687,1687,1688,18381.0,82,124919062.61444092,82478835.105896,302791332.24487305,86461154.93774414
1688,1688,1689,18434.0,79,113021748.54278564,83239483.83331299,261207784.65271,86612580.29937744
1689,1689,1690,18092.0,76,107952738.76190186,82094030.38024902,289864440.91796875,85419078.8269043
1690,1690,1691,17928.0,70,110167914.39056396,81773411.75079346,283919888.4963989,85049139.97650146
1691,1691,1692,18575.0,86,124961268.4249878,84353590.01159668,411631961.82250977,88037573.81439209
1692,1692,1693,18328.0,77,113843820.5718994,81580741.88232422,323754966.73583984,84661277.7709961
1693,1693,1694,18214.0,64,124460697.17407228,81851764.67895508,311698623.65722656,84894710.54077148
1694,1694,1695,18288.0,67,106456124.3057251,83301306.72454834,280205198.28796387,86542009.3536377
1695,1695,1696,18365.0,65,111473505.97381592,84432502.74658203,322467221.2600708,87531925.20141602
1696,1696,1697,18303.0,74,114239909.1720581,82321111.67907715,317043883.32366943,87732407.56988525
1697,1697,1698,19017.0,97,112425097.46551514,82767874.7177124,295241519.9279785,86287246.70410156
1698,1698,1699,18811.0,109,116018977.16522215,83209954.26177979,374059495.9259033,85822103.50036621
1699,1699,1700,18912.0,130,116403350.83007812,84353847.50366211,359556564.3310547,86865626.33514404
1700,1700,1701,18985.0,89,119980833.05358888,87539153.09906006,385019997.5967407,91984924.31640624
1701,1701,1702,19548.0,77,120828289.03198242,87859052.65808105,294809132.5759888,91875552.1774292
1702,1702,1703,19121.0,70,119358628.27301024,86007822.03674316,252643269.5388794,88948965.07263184
1703,1703,1704,18614.0,68,123922435.76049805,85649282.45544434,333127646.446228,88926021.57592773
1704,1704,1705,18411.0,70,125057816.50543211,85806763.64898682,311212493.8964844,88007347.1069336
1705,1705,1706,18300.0,61,113807773.59008788,82597160.33935547,275872421.26464844,87739276.88598633
1706,1706,1707,18300.0,61,105041599.27368164,82578849.79248047,268054962.15820312,85043048.85864258
1707,1707,1708,18009.0,64,113945753.09753418,83329292.29736328,265831207.27539065,86381473.54125977
1708,1708,1709,18668.0,79,114218201.63726808,85146747.58911133,317889463.4246826,87694214.82086182
1709,1709,1710,19003.0,76,115418713.56964111,84168634.41467285,242657785.4156494,88055844.3069458
1710,1710,1711,18806.0,76,113059214.59197998,83778173.44665527,297857501.02996826,87776709.55657959
1711,1711,1712,18709.0,78,115570927.61993408,84250888.82446289,259829404.83093265,87870335.57891846
1712,1712,1713,18755.0,92,118032298.08807372,83210846.90093994,358133890.15197754,88238224.02954102
1713,1713,1714,19587.0,81,117375997.54333496,84599117.27905273,290940403.93829346,89242774.9633789
1714,1714,1715,19193.0,66,117719479.56085204,85209577.5604248,318631563.1866455,89310523.9868164
1715,1715,1716,19013.0,77,118008810.99700928,87186445.23620605,315202672.958374,90507053.37524414
1716,1716,1717,19258.0,78,114347643.85223389,84551678.65753174,314443818.0923462,89650320.05310059
1717,1717,1718,19076.0,69,109124116.897583,84395729.0649414,264915720.93963623,88550830.84106445
1718,1718,1719,19111.0,75,108121683.12072754,85881155.9677124,302238421.4401245,89686762.80975342
1719,1719,1720,19406.0,80,118449357.9864502,89175804.1381836,308998875.61798096,94088751.79290771
1720,1720,1721,19368.0,78,122073253.6315918,87228205.68084717,379728816.03240967,91852520.942688
1721,1721,1722,19223.0,70,115876213.07373048,87179359.43603516,283643177.0324707,91796470.64208984
1722,1722,1723,19138.0,64,113468944.54956056,88505001.06811523,304571529.38842773,92476135.25390624
1723,1723,1724,19262.0,68,110529884.3383789,89459638.59558105,235635637.2833252,92808345.79467772
1724,1724,1725,19126.0,64,111814903.25927734,86535224.91455078,314896419.5251465,92432510.37597656
1725,1725,1726,19262.0,71,113096850.39520264,87152454.3762207,276347818.3746338,91068576.81274414
1726,1726,1727,19069.0,65,114747479.43878174,88875028.61022949,284026902.1987915,92225294.11315918
1727,1727,1728,19302.0,66,105656953.81164552,88142820.35827637,414851402.2827149,92237197.87597656
1728,1728,1729,19244.0,65,110951431.27441406,86615989.6850586,340250789.642334,90553142.54760742
1729,1729,1730,18975.0,67,111206443.7866211,87025432.58666992,318976351.7379761,91081328.3920288
1730,1730,1731,18900.0,64,110865470.88623048,86606025.69580078,282817951.2023926,92297744.75097656
1731,1731,1732,18781.0,64,107819197.65472412,86900882.72094727,307822656.6314697,90536973.95324709
1732,1732,1733,19096.0,78,114292775.15411375,84090274.81079102,354567290.3060913,88042630.19561768
1733,1733,1734,19500.0,81,112444986.3433838,82817145.34759521,254884856.2240601,86459582.32879639
1734,1734,1735,249.0,17,6890957.832336426,2954013.8244628906,11866776.466369629,3184189.796447754
1735,1735,1740,4869.0,72,44990553.855896,38594923.973083496,214164225.5783081,67315477.37121582
1736,1736,1741,7820.0,56,138986710.54840088,101660470.0088501,1264035617.8283691,113373775.48217772
1737,1737,1742,5431.0,37,112395033.83636476,66830847.74017334,282678750.038147,81585658.0734253
1738,1738,1743,8119.0,54,123218220.7107544,70927491.18804932,758789519.3099976,104287899.9710083
1739,1739,1744,8906.0,54,160293518.06640625,105591268.53942873,549661167.1447754,118581504.82177734
1740,1740,1745,10354.0,47,170792169.57092285,116369443.89343262,467209780.6930542,126396678.92456056
1741,1741,1746,9494.0,33,156243907.9284668,108649761.19995116,411123931.8847656,120359806.06079102
1742,1742,1747,9419.0,33,164750774.38354492,105976112.36572266,527319656.3720703,122817436.21826172
1743,1743,1748,9587.0,36,152570182.80029297,91304944.99206544,517693466.1865234,120227199.55444336
1744,1744,1749,10099.0,38,156531066.89453125,108866208.07647704,463162752.15148926,125612339.9734497
1745,1745,1750,10115.0,36,160338129.0435791,116585338.5925293,507684331.8939209,126736392.97485352
1746,1746,1751,7738.0,62,135690163.61236572,88932452.20184326,383959302.9022217,114143784.52301024
1747,1747,1752,9107.0,46,142786593.43719482,92554531.09741212,484400606.1553955,121541513.44299316
1748,1748,1753,9256.0,49,140977990.15045166,100857563.01879884,433260083.19854736,110737939.83459473
1749,1749,1754,8940.0,48,123594418.5256958,88959897.99499512,419149726.8676758,106128594.39849854
1750,1750,1755,8808.0,75,103428162.57476808,66569429.39758301,387320606.2316895,84814822.19696045
1751,1751,1756,7832.0,43,138273165.70281982,75243841.17126465,330182525.6347656,82446182.25097656
1752,1752,1757,6695.0,44,93120318.41278076,36060470.58105469,294729670.5245972,54934967.99468994
1753,1753,1758,6447.0,34,107617613.79241943,48951469.42138672,239892625.80871585,59902840.61431885
1754,1754,1759,7097.0,33,90030104.637146,42945373.53515625,278769426.3458252,60089653.01513672
1755,1755,1760,7797.0,40,108889276.5045166,56522982.597351074,259336627.96020508,69065347.67150879
1756,1756,1761,7700.0,39,108150065.4220581,54593417.16766357,342602861.40441895,71527530.67016602
1757,1757,1762,8074.0,31,97585465.43121338,51029850.00610352,259515706.0623169,70619002.34222412
1758,1758,1763,8300.0,38,127483147.6211548,73743882.17926025,361156529.4265747,92703877.44903564
1759,1759,1764,7686.0,33,112771165.84777832,72284848.2131958,312793432.2357178,83941097.25952148
1760,1760,1765,7979.0,30,125693292.61779784,78981872.55859375,373120780.9448242,91572559.35668944
1761,1761,1766,7039.0,32,129988913.53607178,78470347.40447998,319051983.833313,86609537.12463379
1762,1762,1767,6815.0,26,118781301.49841309,72456785.20202637,298110034.9426269,87084457.39746094
1763,1763,1768,7014.0,25,119700431.82373048,84481079.1015625,358676498.41308594,92786190.03295898
1764,1764,1769,6900.0,25,130054618.83544922,86534225.46386719,316951412.20092773,90901542.66357422
1765,1765,1770,6422.0,31,110653402.3284912,66287030.22003174,290353403.09143066,74804910.65979004
1766,1766,1771,7190.0,27,108423542.02270508,60293258.66699219,326106018.06640625,69344047.54638672
1767,1767,1772,6900.0,24,125618316.65039062,65007396.69799805,333614204.4067383,76419456.4819336
1768,1768,1773,6884.0,24,125060123.44360352,66783214.5690918,284015460.9680176,72190807.3425293
1769,1769,1774,7299.0,41,112988891.6015625,61111784.93499756,300808410.64453125,74685637.47406006
1770,1770,1775,6093.0,45,82373317.71850586,38246107.10144043,225656650.5432129,49075698.85253906
1771,1771,1776,5972.0,27,102866620.06378174,44161228.17993164,254904631.61468503,51246664.04724121
1772,1772,1777,6574.0,34,114409261.7034912,44107377.05230713,238551592.8268433,53636700.63018799
1773,1773,1778,5635.0,20,101754074.09667967,32355792.999267574,250467742.91992188,42904392.24243164
1774,1774,1779,4703.0,33,77743912.69683838,20434645.652771,201462442.3980713,27105888.36669922
1775,1775,1780,5971.0,34,90633782.3867798,24713971.13800049,289865317.3446655,31331896.781921387
1776,1776,1781,5633.0,36,83472096.44317627,25727023.124694824,170795239.44854736,30243264.198303223
1777,1777,1782,5334.0,43,79154356.95648193,25193246.841430664,153674004.55474854,27561006.546020508
1778,1778,1783,4665.0,21,69292891.50238037,18260810.85205078,128946706.7718506,20223129.272460938
1779,1779,1784,6404.0,29,80035245.89538574,27163634.300231934,194864261.62719727,31962209.70153809
1780,1780,1785,5905.0,35,79615063.66729736,22953419.68536377,174704078.6743164,27495534.896850582
1781,1781,1786,5795.0,34,78393692.01660156,24267436.98120117,181781907.081604,27003915.786743164
1782,1782,1787,5589.0,28,75526587.48626709,26366254.806518555,160888528.82385254,29566637.992858887
1783,1783,1788,5430.0,20,72912837.98217773,29503828.04870605,146485331.53533936,31218269.34814453
1784,1784,1789,6377.0,34,85696009.6359253,33432600.97503662,195925909.9960327,36580134.39178467
1785,1785,1790,6454.0,31,87264597.89276123,32536523.818969727,198847189.90325928,38519824.02801514
1786,1786,1791,6219.0,23,81939011.5737915,34425070.76263428,160036282.53936768,36090074.53918457
1787,1787,1792,5910.0,23,79142626.76239014,29847757.33947754,185513067.2454834,36507606.506347656
1788,1788,1793,5724.0,22,86285492.89703369,30283727.645874023,177099921.22650146,32816622.734069824
1789,1789,1794,5700.0,19,80834484.1003418,31137657.165527344,144534587.86010742,33944606.78100586
1790,1790,1795,5700.0,19,86806583.40454102,31697559.356689453,221831417.08374023,35464954.3762207
1791,1791,1796,5700.0,19,88357257.84301758,27758502.96020508,184100818.6340332,32829380.03540039
1792,1792,1797,5200.0,25,73807479.85839844,25538198.471069336,163042030.33447266,28153181.076049805
1793,1793,1798,6373.0,43,75763842.58270264,36815242.767333984,162886682.51037598,42257631.30187988
1794,1794,1799,7358.0,31,61405210.49499512,38584529.87670898,169576240.53955078,47915760.0402832
1795,1795,1800,6571.0,27,59816550.25482178,39148738.861083984,152706132.88879395,44190889.35852051
1796,1796,1801,7880.0,32,86773405.07507324,45145797.72949219,205334872.24578857,50246685.02807617
1797,1797,1802,7722.0,35,79229789.73388672,44863686.56158447,181635104.17938232,49276162.14752197
1798,1798,1803,7663.0,33,76314260.48278809,43683935.16540527,210668172.8363037,47954206.466674805
1799,1799,1804,8317.0,51,82307281.49414062,44239150.047302246,170144539.83306885,46733311.65313721
1800,1800,1805,7912.0,40,63512997.6272583,42550949.09667969,149823163.03253174,48250144.958496094
1801,1801,1806,8040.0,39,58585301.39923096,41876396.17919922,171888432.50274658,47449475.28839111
1802,1802,1807,8106.0,47,76129487.99133301,45320366.85943604,183101481.4376831,49924953.46069336
1803,1803,1808,8447.0,38,81675503.73077393,50000555.03845215,182572205.54351807,54668551.44500733
1804,1804,1809,7794.0,67,77780503.27301025,45451788.90228272,214622099.8764038,48536095.61920166
1805,1805,1810,7398.0,42,73852613.44909668,43686302.185058594,172135097.5036621,48075063.705444336
1806,1806,1811,6952.0,35,63259468.07861328,41116247.17712402,152122790.3366089,43344995.49865723
1807,1807,1812,7768.0,41,70557158.47015381,42880503.65447998,230388082.5042725,47969215.393066406
1808,1808,1813,8021.0,32,74970824.24163818,44703715.324401855,204652065.2770996,48673562.04986572
1809,1809,1814,8010.0,43,69006332.39746094,44745720.863342285,191650871.27685547,50645925.521850586
1810,1810,1815,8229.0,36,64032937.04986572,48032800.67443848,219159769.05822757,53221894.26422119
1811,1811,1816,8715.0,49,76940396.30889893,44931487.08343506,242441432.9528809,51066804.88586426
1812,1812,1817,9096.0,95,74685111.99951172,46695621.49047852,221144218.44482425,54265422.82104492
1813,1813,1818,8180.0,57,65359492.30194092,43030855.17883301,171063484.19189453,47369798.66027832
1814,1814,1819,8439.0,48,66416296.00524902,46387085.91461182,195884567.2607422,52164320.94573975
1815,1815,1820,8209.0,52,74507612.22839355,44085893.630981445,175177399.63531494,47523618.69812012
1816,1816,1821,8289.0,43,74520676.612854,47660689.35394287,227992399.21569824,50317198.75335693
1817,1817,1822,7434.0,34,70607642.17376709,45812972.06878662,173874233.2458496,48068847.65625
1818,1818,1823,8138.0,44,61212723.73199463,44626344.68078613,177185593.6050415,47902943.61114502
1819,1819,1824,8570.0,45,58998079.29992676,42882705.68847656,196259010.3149414,44310828.20892334
1820,1820,1825,8513.0,69,62315296.1730957,47206723.2131958,188563364.98260495,51523143.76831055
1821,1821,1826,8286.0,72,64184121.13189697,47767889.976501465,186674698.82965088,49624949.45526123
1822,1822,1827,7793.0,47,68516676.902771,50136270.52307129,240821465.4922485,54776473.04534912
1823,1823,1828,7694.0,35,72597766.8762207,51539282.79876709,207590115.54718015,54818875.312805176
1824,1824,1829,8307.0,38,75388583.18328857,55203310.9664917,237583134.65118408,59198670.38726807
1825,1825,1830,7640.0,26,72374359.13085938,53340404.51049805,222340930.9387207,57199623.10791016
1826,1826,1831,7626.0,38,59463046.07391357,52937230.11016846,194908510.20812988,55790068.62640381
1827,1827,1832,7001.0,27,71209819.79370117,49665819.16809082,214561275.48217773,51897506.71386719
1828,1828,1833,7715.0,43,75148944.85473633,52812144.27947998,204305768.9666748,58271972.65625
1829,1829,1834,7059.0,24,57980243.68286133,51558963.775634766,189747539.52026367,55939785.00366211
1830,1830,1835,6990.0,28,57940834.99908447,49756978.034973145,212196987.1520996,51920178.41339111
1831,1831,1836,7329.0,28,62512279.51049805,55305623.0545044,185382057.1899414,61041718.48297119
1832,1832,1837,8100.0,37,67501607.89489746,55051432.609558105,188470446.5866089,58367443.0847168
1833,1833,1838,8450.0,41,55008606.91070557,56874435.42480469,188638260.84136963,59987474.44152832
1834,1834,1839,8347.0,40,61655944.82421875,59824582.09991455,222467228.88946533,67579765.31982422
1835,1835,1840,8557.0,35,58756000.51879883,59603702.545166016,201351039.8864746,64359883.308410645
1836,1836,1841,8623.0,33,60236422.53875733,60018573.76098633,184019726.7532349,64627002.71606445
1837,1837,1842,8852.0,41,58780435.56213379,62858271.59881592,200754343.0328369,68733953.47595215
1838,1838,1843,9135.0,31,61961231.23168945,67328882.21740723,231127281.18896484,72767186.16485596
1839,1839,1844,8886.0,30,89098388.671875,60990119.93408203,255232131.9580078,70217720.03173828
1840,1840,1845,8542.0,37,92327384.94873048,57725275.03967285,235188880.92041016,64513433.4564209
1841,1841,1846,8880.0,45,85681684.49401855,59579335.21270752,239509759.9029541,64960279.46472168
1842,1842,1847,9055.0,43,85711825.37078857,60115102.767944336,236036487.5793457,63918726.92108154
1843,1843,1848,8857.0,41,90827401.16119383,60957796.09680176,245279888.15307617,68352366.44744873
1844,1844,1849,9286.0,57,95040774.34539796,65978730.20172119,260257317.5430298,71976338.38653564
1845,1845,1850,8879.0,38,95491188.0493164,66763222.69439697,238146865.84472656,71021441.45965576
1846,1846,1851,8867.0,36,85895811.08093262,65164299.01123047,249368858.33740237,70422597.88513184
1847,1847,1852,9261.0,59,96281965.2557373,62729641.91436768,256802448.27270508,69932696.34246826
1848,1848,1853,9169.0,43,95718177.79541016,63685187.33978272,284249408.7219238,70430093.76525879
1849,1849,1854,9047.0,40,92595729.82788086,64812988.28125,280469064.7125244,71241680.14526367
1850,1850,1855,8953.0,44,90252850.53253174,62786125.18310547,265033363.3422852,68424014.0914917
1851,1851,1856,8535.0,43,83634256.36291504,60358340.2633667,242312528.6102295,66424352.64587402
1852,1852,1857,9140.0,43,97300098.41918944,64744198.7991333,249847717.28515625,69492262.840271
1853,1853,1858,9068.0,44,96300100.32653809,64953905.10559082,277874315.2618408,70521363.25836182
1854,1854,1859,9035.0,42,96470124.24468994,71762577.05688477,256236135.4827881,76747848.51074219
1855,1855,1860,8726.0,36,95511619.5678711,67083874.70245361,279264648.4375,71024888.03863525
1856,1856,1861,8806.0,46,96821394.92034912,67302829.74243164,260891693.1152344,73577349.66278076
1857,1857,1862,8728.0,35,95431171.41723631,66728536.60583496,229352401.73339844,73561964.03503418
1858,1858,1863,8669.0,44,88120523.45275879,67147402.7633667,263340574.2645264,73235889.43481445
1859,1859,1864,8756.0,41,94400665.28320312,65923102.378845215,244146774.2919922,73400294.30389404
1860,1860,1865,9205.0,42,88070048.33221436,64905230.52215576,265942653.65600583,73505898.47564697
1861,1861,1866,9202.0,40,94556228.63769533,66419519.42443848,258750251.77001956,72863229.75158691
1862,1862,1867,8942.0,39,96629724.50256348,67087301.25427246,232630383.4915161,73752811.43188477
1863,1863,1868,8482.0,43,93671895.02716064,65310066.22314453,262664152.1453857,71308432.57904053
1864,1864,1869,8062.0,38,93547561.6455078,65050259.590148926,272019674.30114746,69654787.06359863
1865,1865,1870,8453.0,37,97796773.91052246,69341030.12084961,276602855.68237305,75472189.90325928
1866,1866,1871,8209.0,37,98645904.54101562,69146144.86694336,272631519.3176269,73714722.63336182
1867,1867,1872,8045.0,33,93239376.06811523,65668510.43701172,271596145.6298828,70771371.84143066
1868,1868,1873,8450.0,42,91241260.52856444,67617094.99359131,243602869.9874878,72658638.00048828
1869,1869,1874,8587.0,36,90357801.43737791,69772603.03497314,253590278.62548828,74458698.27270508
1870,1870,1875,8314.0,31,91477102.27966309,65268112.18261719,239670257.56835935,69794294.3572998
1871,1871,1876,8447.0,38,91831828.1173706,64820291.51916504,239060218.8110352,71331236.83929443
1872,1872,1877,9005.0,48,83191516.8762207,64891417.50335693,269288387.298584,73104153.63311768
1873,1873,1878,8342.0,44,92029489.51721191,61920675.27770996,277626369.4763184,71724571.22802734
1874,1874,1879,8190.0,44,95893544.19708252,61351824.76043701,224925514.2211914,70126080.51300049
1875,1875,1880,8079.0,35,96367832.18383788,63069292.068481445,231841888.4277344,68269001.00708008
1876,1876,1881,8030.0,37,95530321.12121582,63007559.77630615,239759910.5834961,67654469.49005127
1877,1877,1882,8641.0,43,94459506.9885254,58961023.33068848,249545829.7729492,68407095.90911865
1878,1878,1883,8250.0,38,90749222.75543211,62026679.99267578,248730216.97998047,68423558.23516846
1879,1879,1884,8296.0,40,95799730.30090332,63142090.79742432,244624563.2171631,69568049.43084717
1880,1880,1885,8391.0,47,98994104.38537598,63698361.39678955,286876100.54016113,69679624.55749512
1881,1881,1886,8391.0,35,94677335.73913574,62744338.98925781,265426437.3779297,68622799.87335205
1882,1882,1887,8142.0,41,90048673.62976074,65343840.59906006,221104465.48461917,70483847.61810303
1883,1883,1888,8149.0,35,95587276.45874023,68791898.72741699,258105369.5678711,73819266.3192749
1884,1884,1889,8402.0,35,94134569.16809082,68379192.35229492,270058830.26123047,74809385.29968262
1885,1885,1890,8398.0,35,96354740.14282228,65594783.78295898,258685043.3349609,70969230.65185547
1886,1886,1891,8434.0,35,90806826.5914917,64604486.4654541,293535423.2788086,71589150.42877197
1887,1887,1892,8090.0,38,95579637.52746582,64488698.959350586,247270225.52490237,69726886.74926758
1888,1888,1893,8217.0,38,94991368.2937622,63889355.65948486,232349380.4931641,69301267.62390137
1889,1889,1894,8149.0,51,88130208.96911621,61891731.26220703,274879650.1159668,68876691.8182373
1890,1890,1895,8319.0,34,98307386.39831544,63550922.39379883,289002906.7993164,69388732.91015625
1891,1891,1896,8334.0,35,95167110.44311523,63258754.73022461,209094673.15673828,66984096.52709961
1892,1892,1897,8599.0,46,98064049.72076416,64691835.40344238,267906692.5048828,69805362.70141602
1893,1893,1898,8473.0,38,99073944.09179688,65576201.43890381,218617786.4074707,72084864.61639404
1894,1894,1899,8422.0,40,94459163.66577148,61948581.69555664,259638740.5395508,69165904.04510498
1895,1895,1900,7978.0,47,95642318.72558594,63690543.17474365,252991044.04449463,68799591.06445312
1896,1896,1901,8111.0,35,94686748.50463869,64277041.4352417,270488929.7485352,69957946.77734375
1897,1897,1902,8633.0,48,98727083.20617676,63142430.30548096,263185600.2807617,69333593.36853027
1898,1898,1903,8131.0,35,95352467.53692628,60940372.467041016,234150962.82958984,67796899.79553223
1899,1899,1904,7916.0,35,95984556.19812012,60237524.98626709,240420660.0189209,66661502.838134766
1900,1900,1905,8058.0,41,94388157.84454346,63154731.75048828,254086195.94573972,69722550.39215088
1901,1901,1906,7622.0,36,97616361.618042,63517781.2576294,244446403.503418,69000096.32110596
1902,1902,1907,7938.0,49,93369673.72894289,59187389.3737793,257198843.95599365,67157712.93640137
1903,1903,1908,8455.0,47,96175535.20202637,62719603.53851318,253955101.0131836,70124939.91851807
1904,1904,1909,8383.0,37,97328970.90911864,64255105.01861572,241813588.14239505,71818223.95324707
1905,1905,1910,8587.0,40,92228702.54516602,67792956.35223389,237516679.76379395,73623017.31109619
1906,1906,1911,8443.0,47,69274682.99865723,65384589.195251465,247488508.2244873,73015458.10699463
1907,1907,1912,8574.0,58,98280848.5031128,63963217.73529053,240655059.81445312,68649995.80383301
1908,1908,1913,8383.0,58,84072596.5499878,62223640.44189453,187314397.81188965,67497519.49310303
1909,1909,1914,8324.0,57,98930641.1743164,62858094.21539307,273938623.4283447,68623211.86065674
1910,1910,1915,8122.0,48,88320881.8435669,63671568.87054443,230448019.02771,67965945.24383545
1911,1911,1916,8121.0,32,95162414.55078124,67489408.49304199,257095335.00671387,71820272.44567871
1912,1912,1917,8207.0,28,96475203.51409912,69034862.51831055,261799488.06762692,72022628.78417969
1913,1913,1918,7260.0,34,80123469.35272217,59872084.617614746,236293291.09191892,62016967.7734375
1914,1914,1919,7380.0,52,86801134.10949707,52366560.93597412,259430956.84051517,54681868.55316162
1915,1915,1920,8232.0,46,58480746.26922608,58729596.13800049,226025618.5531616,65416406.63146973
1916,1916,1921,8164.0,45,79213934.89837646,57878602.02789307,259134233.47473145,62894433.97521973
1917,1917,1922,9016.0,40,90498535.15625,58990959.16748047,287415686.60736084,61803893.08929443
1918,1918,1923,9562.0,47,93660660.74371338,60017167.09136963,248270895.9579468,62532545.08972168
1919,1919,1924,9465.0,52,94126267.4331665,58399877.54821777,235089263.9160156,63814100.26550293
1920,1920,1925,9460.0,40,97288372.03979492,58560137.74871826,238369918.8232422,62336613.65509033
1921,1921,1926,9566.0,43,95671190.26184082,59299185.75286865,253019180.2978516,62871626.85394287
1922,1922,1927,9543.0,52,94661343.57452393,60643667.221069336,241238023.75793457,65095561.027526855
1923,1923,1928,9740.0,42,79653793.33496094,59646245.00274658,280825057.98339844,66169062.61444092
1924,1924,1929,9713.0,42,97844772.3388672,65041356.08673096,279547115.32592773,69712197.30377197
1925,1925,1930,9337.0,36,97131630.89752196,64343070.0302124,255123643.87512207,67725604.05731201
1926,1926,1931,9203.0,31,97323691.36810304,68088495.2545166,265773427.96325684,73473994.25506592
1927,1927,1932,9740.0,41,72985292.43469238,66825274.46746826,251768276.2145996,69101807.59429932
1928,1928,1933,9687.0,56,94080531.1203003,64262852.66876221,241293793.6782837,66145533.56170654
1929,1929,1934,9857.0,53,94812315.94085692,63815029.14428711,236609604.83551025,65934762.0010376
1930,1930,1935,9830.0,46,95545708.65631104,66374079.70428467,264161453.2470703,69705052.37579346
1931,1931,1936,9829.0,57,87540093.42193604,61052805.90057373,274889177.3223877,68020293.23577881
1932,1932,1937,9088.0,45,98116913.7954712,63164990.42510986,256501936.91253665,67759559.63134766
1933,1933,1938,9158.0,57,98428515.43426514,64701209.06829834,260935857.77282715,69278840.06500244
1934,1934,1939,8886.0,50,93217508.31604004,64464936.25640869,201851473.80828857,68948534.01184082
1935,1935,1940,8995.0,34,87117434.50164795,65939164.16168213,255743695.25909424,73014803.88641357
1936,1936,1941,8303.0,44,49228229.52270508,57913715.36254883,141761669.15893555,60970696.449279785
1937,1937,1942,9389.0,69,57771757.12585449,55798640.25115967,190490351.6769409,60803210.25848389
1938,1938,1943,9026.0,78,79001022.33886719,58641915.3213501,240941796.3027954,61080570.22094727
1939,1939,1944,9553.0,53,81342125.89263916,56999711.03668213,251507488.2507324,58775310.51635742
1940,1940,1945,8508.0,68,54483493.80493164,42637742.99621582,189306504.24957275,44459437.37030029
1941,1941,1946,9197.0,49,62437530.517578125,43922954.55932617,224773048.4008789,47862820.625305176
1942,1942,1947,10199.0,62,85270576.47705078,52801267.62390137,264897593.49823,57973152.16064453
1943,1943,1948,10763.0,62,85100432.39593506,52555322.64709473,240034171.10443115,59452848.43444824
1944,1944,1949,10492.0,71,86158482.5515747,51356879.234313965,228948933.6013794,54379673.00415039
1945,1945,1950,10144.0,58,73358737.94555664,45335358.61968994,181602799.4155884,48226857.18536377
1946,1946,1951,10321.0,39,68187139.5111084,46768862.7243042,159573808.67004395,50682715.41595459
1947,1947,1952,10913.0,65,55632145.88165283,42881606.10198975,184473160.74371335,47928326.60675049
1948,1948,1953,11212.0,117,54483798.98071289,44398534.77478027,178219889.6408081,47217362.40386963
1949,1949,1954,12194.0,131,51972947.1206665,46402652.74047852,195365697.86071777,49349800.10986328
1950,1950,1955,13987.0,90,72626139.6408081,53558880.80596924,257915637.0162964,59636545.181274414
1951,1951,1956,12354.0,83,55682945.25146485,46383127.212524414,190420497.8942871,50832237.24365234
1952,1952,1957,12258.0,56,73453656.19659424,50923436.16485596,233505739.21203613,54490810.39428711
1953,1953,1958,12452.0,57,50865089.41650391,49225094.79522705,220846636.77215576,52094711.30371094
1954,1954,1959,12555.0,62,57319267.27294922,49339463.23394776,208013989.44854736,53259144.78302002
1955,1955,1960,13035.0,66,58841840.74401856,52286571.50268555,179901387.21466064,60512310.98175049
1956,1956,1961,14237.0,57,66145895.00427246,62590836.52496338,283961222.6486206,72373704.91027832
1957,1957,1962,13808.0,49,76689762.11547852,61887555.12237549,245426715.85083008,74135598.18267822
1958,1958,1963,14101.0,52,75965324.40185547,67814330.10101318,238029073.71521,79124872.2076416
1959,1959,1964,14142.0,58,67868788.71917725,74130902.29034424,265063141.8228149,85392883.30078125
1960,1960,1965,14757.0,57,84367800.71258545,77486099.24316406,284930019.3786621,87447333.33587646
1961,1961,1966,14787.0,53,71175947.18933105,71239290.23742676,287555000.3051758,82551469.80285645
1962,1962,1967,14680.0,56,75166634.55963135,65827144.622802734,292245683.67004395,81182479.85839844
1963,1963,1968,14952.0,58,92587746.62017822,69416374.20654297,287444712.638855,79239810.94360352
1964,1964,1969,13369.0,76,67512740.13519287,58423910.14099121,279471689.2242432,71477076.53045654
1965,1965,1970,13797.0,97,100930257.7972412,63573506.355285645,282899063.1103516,71033445.35827637
1966,1966,1971,12347.0,63,76492096.90093994,52905098.9151001,271694103.2409668,65976193.42803955
1967,1967,1972,13443.0,97,87190459.25140381,61397707.93914795,271686637.878418,68680540.08483887
1968,1968,1973,14345.0,59,99405592.918396,58694458.0078125,302181831.3598633,70470779.41894531
1969,1969,1974,13184.0,67,77258496.28448486,56324071.88415527,286862063.40789795,66271624.56512451
1970,1970,1975,12407.0,58,104096405.02929688,65871830.94024658,302112731.9335937,76849060.05859375
1971,1971,1976,12057.0,55,112727745.05615234,68601746.55914307,317542662.62054443,77626384.73510742
1972,1972,1977,10818.0,49,88181798.93493652,56679375.648498535,217636894.22607425,61222223.28186035
1973,1973,1978,10898.0,48,71229402.54211426,55033926.01013184,234744122.505188,60968403.816223145
1974,1974,1979,10904.0,56,43040359.49707031,40456128.12042236,118578274.72686768,43182127.95257568
1975,1975,1980,11862.0,73,78503081.32171631,50201656.341552734,318538245.20111084,56590441.70379639
1976,1976,1981,12279.0,53,104805427.55126952,50677492.14172363,266213500.9765625,57818764.68658447
1977,1977,1982,12100.0,45,105931664.46685793,54328573.22692871,258096624.37438965,57800523.75793457
1978,1978,1983,12032.0,48,79009490.96679688,51620416.64123535,240626539.23034668,61457883.83483887
1979,1979,1984,11818.0,52,95205946.92230225,56319928.16925049,257268227.57720947,60924235.34393311
1980,1980,1985,12653.0,61,74792716.97998047,55067399.978637695,221397206.30645752,65211292.2668457
1981,1981,1986,12642.0,57,83399758.33892822,59676465.98815918,273692014.69421387,67196712.49389648
1982,1982,1987,12656.0,55,87412447.92938232,58293551.44500733,206763203.62091064,64017525.6729126
1983,1983,1988,13290.0,49,78983062.74414062,53669648.17047119,211679008.48388672,61819336.89117432
1984,1984,1989,12377.0,54,80764855.38482666,55457752.2277832,195202765.4647827,60381093.97888184
1985,1985,1990,12042.0,49,73347516.05987549,52471841.81213379,174354663.84887695,57750363.34991455
1986,1986,1991,13849.0,53,71754028.3203125,54195190.4296875,221111275.6729126,61276775.36010742
1987,1987,1992,12415.0,51,42469411.84997559,46100571.63238525,127038352.01263428,48180500.03051758
1988,1988,1993,13498.0,70,63965922.355651855,54254395.48492432,195406270.02716064,60280154.22821045
1989,1989,1994,13906.0,72,89220953.94134521,59754811.28692627,221211192.13104248,62288846.96960449
1990,1990,1995,15146.0,59,90866295.81451416,63207090.37780762,244109018.3258057,66509063.720703125
1991,1991,1996,14551.0,56,88480541.22924805,64949808.12072754,270236742.0196533,68705536.84234619
1992,1992,1997,14119.0,60,75556292.53387451,56634842.87261963,211548548.6984253,63446737.28942871
1993,1993,1998,14851.0,58,74651938.43841553,56599401.47399902,292347248.0773926,62882581.71081543
1994,1994,1999,14333.0,60,62543642.04406738,51970372.20001221,189594983.1008911,57768327.713012695
1995,1995,2000,14381.0,59,66820501.32751465,50428646.08764648,185524967.19360352,53658188.81988525
1996,1996,2001,14751.0,73,63676969.52819824,49914569.85473633,182262993.81256104,52549636.84082031
1997,1997,2002,13539.0,71,66009247.77984619,49629113.19732666,191705368.9956665,53866432.189941406
1998,1998,2003,14408.0,81,90152907.371521,55540546.41723633,264203672.4090576,63793724.060058594
1999,1999,2004,12663.0,57,68455892.56286621,49039095.878601074,208769576.07269287,54765056.61010742
2000,2000,2005,13566.0,57,86192396.16394043,57003831.86340332,238235062.59918213,63233960.15167236
2001,2001,2006,12697.0,50,81867671.01287842,54186599.73144531,215118343.35327148,59882457.7331543
2002,2002,2007,12665.0,53,68226319.31304932,51672989.84527588,204120678.9016724,58198258.39996338
2003,2003,2008,13160.0,56,79062855.72052002,54823836.32659912,256465523.7197876,60866712.57019043
2004,2004,2009,13358.0,56,62722418.785095215,54446248.0545044,183905729.29382324,61108533.85925293
2005,2005,2010,13316.0,61,68887595.17669678,59023074.15008545,233807183.26568604,63989777.56500244
2006,2006,2011,13893.0,69,87456304.5501709,67372560.50109863,332284867.2866821,70011530.87615967
2007,2007,2012,14073.0,68,86498023.9868164,65326395.98846436,298480369.5678711,75486585.61706543
2008,2008,2013,14162.0,63,81491496.0861206,62692368.50738525,258761898.9944458,72434733.3908081
2009,2009,2014,15173.0,57,90013457.29827881,67975839.61486816,279505584.7167969,76245615.95916748
2010,2010,2015,14204.0,55,85352771.7590332,65531390.19012451,258743399.62005612,77450029.37316895
2011,2011,2016,14588.0,81,96658023.83422852,73829120.63598633,366961075.7827759,81379748.34442139
2012,2012,2017,14560.0,72,110478579.5211792,80411763.19122314,414697182.6553345,87823267.93670654
2013,2013,2018,13933.0,63,80564705.84869385,73251543.99871826,262873092.6513672,89179962.15820312
2014,2014,2019,13811.0,48,98414798.73657228,83083740.234375,302065652.84729004,93220537.18566896
2015,2015,2020,13120.0,50,107588947.29614258,86373183.25042725,292082732.20062256,92065865.5166626
2016,2016,2021,12545.0,54,86377879.14276123,72311522.48382568,260954889.29748532,77933337.21160889
2017,2017,2022,13235.0,62,64312500.0,66592958.45031738,242202442.16918945,77208701.13372803
2018,2018,2023,12861.0,50,91123380.66101074,69772700.30975342,306016631.1264038,73100592.61322021
2019,2019,2024,13690.0,66,64973632.8125,62723838.80615234,248640967.3690796,68260160.44616699
2020,2020,2025,13497.0,62,72249134.0637207,64017107.96356201,224717768.6691284,68347509.38415527
2021,2021,2026,13349.0,53,65593645.0958252,62033775.32958984,207370216.3696289,66213099.47967529
2022,2022,2027,13401.0,73,68027743.33953857,63465671.53930664,223450722.69439697,66315091.13311768
2023,2023,2028,12984.0,57,78324397.08709717,71578216.55273438,284764190.6738281,81503603.9352417
2024,2024,2029,12741.0,50,95902215.00396729,76718795.77636719,318002928.7338257,84584362.0300293
2025,2025,2030,12933.0,47,93009563.44604492,80833192.82531738,338354618.07250977,88150165.55786133
2026,2026,2031,12225.0,44,88685619.35424805,77051321.02966309,254860457.42034912,85425460.81542969
2027,2027,2032,12452.0,51,94405986.78588869,83371409.41619873,234759373.664856,89281035.42327881
2028,2028,2033,11685.0,43,94358753.2043457,81526170.73059082,256629432.67822263,84864903.4500122
2029,2029,2034,12204.0,44,89714027.40478516,83813808.44116211,758793094.6350098,88489490.5090332
2030,2030,2035,12214.0,47,81826393.1274414,80511642.45605469,206070194.2443848,83307029.7241211
2031,2031,2036,11730.0,55,72827212.3336792,75581425.66680908,229195653.91540527,82928718.56689453
2032,2032,2037,11836.0,47,82900073.05145264,79871628.7612915,331241540.9088135,84973204.61273193
2033,2033,2038,11583.0,57,76725814.81933594,73203387.26043701,243709767.34161377,78258065.22369385
2034,2034,2039,12195.0,52,71977082.25250244,78378256.79779053,253144332.8857422,89455150.60424805
2035,2035,2040,12809.0,75,86431502.34222412,79808905.60150146,376912310.6002808,85460981.36901855
2036,2036,2041,12549.0,60,99041022.3007202,77734818.45855713,330759315.49072266,85202761.65008545
2037,2037,2042,12662.0,43,97183147.43041992,84955314.63623047,517747932.434082,92959697.72338869
2038,2038,2043,12319.0,45,84522632.59887695,70415646.55303955,271793308.25805664,82882537.84179688
2039,2039,2044,12248.0,44,93741884.23156738,75631529.80804443,428698596.9543457,83639615.05889893
2040,2040,2045,12948.0,57,72548556.32781982,65366336.822509766,271913965.2252197,81680329.32281494
2041,2041,2046,13270.0,47,95762558.93707275,81725437.16430664,343661293.0297852,88940513.61083984
2042,2042,2047,14095.0,59,103555760.38360596,83820293.42651367,390466652.8701782,90629940.9866333
2043,2043,2048,13365.0,46,88419440.26947021,75072787.28485107,290107635.4980469,83894664.7644043
2044,2044,2049,12524.0,79,77625341.41540527,67503964.4241333,243697522.1633911,74504626.27410889
2045,2045,2050,12639.0,76,93046974.1821289,63792430.87768555,248138907.43255612,69334734.91668701
2046,2046,2051,12690.0,52,85779535.2935791,68383321.76208496,253934285.1638794,78580627.44140625
2047,2047,2052,13636.0,56,94246913.90991212,72687767.0288086,299194530.48706055,82498271.94213867
2048,2048,2053,12329.0,55,79468919.75402832,63917046.54693604,246555950.1647949,70630419.73114014
2049,2049,2054,12510.0,66,54541405.67779541,53220788.00201416,202602604.86602783,63320301.0559082
2050,2050,2055,11632.0,56,55075469.970703125,55353189.46838379,222064980.50689697,64544000.62561035
2051,2051,2056,12826.0,67,61468800.54473877,53846553.80249024,238470297.81341556,62497310.63842773
2052,2052,2057,15393.0,88,78113914.4897461,63666536.33117676,248572709.08355716,72659183.50219727
2053,2053,2058,15272.0,83,88656595.23010254,66389850.61645508,301620169.6395874,77116698.26507568
2054,2054,2059,15630.0,65,81004310.60791016,71145725.25024414,290280509.94873047,83200302.12402344
2055,2055,2060,15523.0,80,77839158.0581665,63888196.94519043,274926718.711853,78427714.34783936
2056,2056,2061,15065.0,80,89743111.6104126,73069568.6340332,276954566.9555664,88365138.05389404
2057,2057,2062,14785.0,69,90787731.1706543,79660538.67340088,301331361.7706299,91556784.62982178
2058,2058,2063,14558.0,71,93006556.5109253,75296166.41998291,283890193.939209,85983338.35601807
2059,2059,2064,14528.0,55,87770446.77734375,75293997.7645874,352336683.2733154,91689761.1618042
2060,2060,2065,13639.0,58,77674909.5916748,64682039.26086426,241650340.08026123,75810349.4644165
2061,2061,2066,13795.0,50,88858373.64196777,68496537.20855713,268323264.12200928,73819840.43121338
2062,2062,2067,14290.0,52,77003498.07739258,64732317.92449951,281609832.7636719,74155742.64526367
2063,2063,2068,14470.0,62,74745808.6013794,63124150.27618408,227091382.98034668,73762584.6862793
2064,2064,2069,14063.0,54,75091588.0203247,63595393.18084717,256363597.86987305,72689197.5402832
2065,2065,2070,14352.0,76,80305816.65039062,64029034.61456299,251599215.5075073,73505447.38769531
2066,2066,2071,15347.0,71,89474229.81262207,72802726.74560547,244365656.85272217,85763629.91333008
2067,2067,2072,13347.0,63,88041450.50048828,71551458.35876465,257458901.40533447,77679303.16925049
2068,2068,2073,14504.0,63,77908567.42858887,67655901.90887451,229475164.41345212,75879580.4977417
2069,2069,2074,13729.0,48,92729566.57409668,65771500.58746338,223459880.82885745,70749247.55096436
2070,2070,2075,13386.0,48,81825759.88769531,63575497.6272583,239049079.89501956,70013378.14331055
2071,2071,2076,13210.0,46,76998991.01257324,61527666.09191895,258121345.52001956,69060295.10498047
2072,2072,2077,13200.0,44,68098640.44189453,59057521.82006836,194536399.8413086,67785358.42895508
2073,2073,2078,13200.0,44,73144626.61743164,62976837.158203125,227740573.88305664,73665618.89648438
2074,2074,2079,12637.0,51,73041303.63464355,65257774.353027344,233463649.74975583,74155638.69476318
2075,2075,2080,12768.0,51,75911495.20874023,63152807.23571777,205296957.0159912,68463898.65875244
2076,2076,2081,13796.0,67,85100854.87365723,70545225.14343262,231321877.4795532,80526585.57891846
2077,2077,2082,13551.0,64,78030158.99658203,71733252.52532959,267899869.91882324,79466928.48205566
2078,2078,2083,14084.0,65,88697692.87109375,72774031.63909912,263464895.2484131,83016344.07043457
2079,2079,2084,13703.0,56,87861711.5020752,68638533.59222412,254554773.33068848,75084548.95019531
2080,2080,2085,14243.0,76,92038767.81463625,67912417.4118042,234089641.5710449,73403066.63513184
2081,2081,2086,14499.0,79,91152635.57434082,73803701.40075684,241837247.84851077,81272857.66601562
2082,2082,2087,13519.0,50,89829830.16967773,74332736.01531982,233475577.35443115,79994081.49719238
2083,2083,2088,12716.0,58,76618528.36608887,67182319.64111328,226045454.02526852,75260574.34082031
2084,2084,2089,12910.0,72,80535823.82202148,71713722.2290039,208916509.6282959,80127336.5020752
2085,2085,2090,12630.0,51,80964374.54223633,67341607.09381104,233034988.4033203,73840134.6206665
2086,2086,2091,12524.0,43,69826934.81445312,64903125.76293945,198481979.3701172,73423828.125
2087,2087,2092,12307.0,43,62185767.17376709,62271610.260009766,173911263.46588135,67090086.93695068
2088,2088,2093,12592.0,45,61979681.01501465,64413694.38171387,196316844.94018555,70472852.70690918
2089,2089,2094,13279.0,57,80581662.17803955,69500501.63269043,230256083.4884644,75213025.09307861
2090,2090,2095,13117.0,50,78628815.65093994,70975897.78900146,225233503.3416748,78534587.86010742
2091,2091,2096,13229.0,79,77671276.0925293,75494794.84558105,218711954.1168213,81981435.77575684
2092,2092,2097,13342.0,62,102010010.71929932,85230977.05841064,292824822.4258423,96880384.44519044
2093,2093,2098,12902.0,47,103886203.76586914,87625740.05126953,271592464.4470215,94184183.12072754
2094,2094,2099,12900.0,43,104438781.73828124,86439514.16015625,248115348.815918,94180011.74926758
2095,2095,2100,12636.0,45,88936258.31604004,78627449.03564453,247676599.50256348,93208965.30151369
2096,2096,2101,12560.0,51,74253720.2835083,75750565.52886963,215464987.75482175,81565251.35040283
2097,2097,2102,13135.0,74,73050317.76428223,71782277.10723877,211759381.2942505,79822891.23535156
2098,2098,2103,13800.0,70,89856734.27581787,79418558.12072754,266750547.4090576,89828568.45855713
2099,2099,2104,13872.0,66,74191839.21813965,74313436.50817871,255443130.4931641,82730785.36987305
2100,2100,2105,12993.0,67,67036637.30621338,70998214.72167969,250877474.78485107,75905630.11169434
2101,2101,2106,12756.0,68,68203283.30993652,67448246.00219727,213692757.60650635,73583422.66082764
2102,2102,2107,13239.0,74,70929339.40887451,70113568.30596924,219846952.4383545,77498805.04608154
2103,2103,2108,12998.0,73,63163163.18511963,72050968.17016602,269907958.984375,80450760.84136963
2104,2104,2109,13012.0,64,62991293.90716553,73055965.42358398,226583976.74560547,82903312.68310547
2105,2105,2110,13399.0,62,67751052.85644531,72378988.26599121,223432290.07720947,80180992.12646484
2106,2106,2111,12774.0,57,80266692.16156006,71596392.63153076,271972731.590271,81662685.39428711
2107,2107,2112,12591.0,45,69793846.1303711,80384746.55151367,237207370.75805664,90942939.75830078
2108,2108,2113,12534.0,43,82538116.45507812,84035240.17333984,226441047.66845703,92502750.39672852
2109,2109,2114,11809.0,48,74778248.78692627,74350144.3862915,245115882.8735352,82428543.09082031
2110,2110,2115,11623.0,43,73703637.12310791,75099237.4420166,241802002.9067993,83284606.93359375
2111,2111,2116,11689.0,39,80956063.27056885,77000955.58166504,224551278.11431885,83593718.52874756
2112,2112,2117,11531.0,43,82177598.95324707,74624368.66760254,231282250.4043579,83776865.95916748
2113,2113,2118,11106.0,39,61594925.88043213,72933019.63806152,194669374.4659424,82217611.31286621
2114,2114,2119,11100.0,37,60235118.8659668,71311569.21386719,212346553.80249023,81408119.20166016
2115,2115,2120,11152.0,40,54885990.142822266,75821795.46356201,176231048.58398438,82568499.56512451
2116,2116,2121,12559.0,55,63435585.97564697,78692273.13995361,250118450.1647949,87269038.20037842
2117,2117,2122,12169.0,44,71291065.21606445,77110988.61694336,215830757.14111328,83023094.1772461
2118,2118,2123,12978.0,65,66499659.53826904,79040368.08013916,240968655.58624268,89702527.04620361
2119,2119,2124,12559.0,48,85554594.03991699,77990014.07623291,247991733.5510254,84918651.58081055
2120,2120,2125,12356.0,50,63320668.22052002,73433786.39221191,194035469.05517575,85538710.59417725
2121,2121,2126,12195.0,41,86616196.63238525,79684123.99291992,241111564.63623047,90340003.96728516
2122,2122,2127,12009.0,43,91222375.86975098,82490030.28869629,244758485.79406735,92468424.7970581
2123,2123,2128,12000.0,40,84678268.43261719,81591796.875,278126049.04174805,92157268.52416992
2124,2124,2129,11892.0,41,66024580.95550537,74375377.6550293,225672561.6455078,86927246.09375
2125,2125,2130,12108.0,41,79294418.33496094,78947216.03393555,225387279.51049805,92414360.04638672
2126,2126,2131,11905.0,40,71189804.07714844,78037452.6977539,246498985.2905273,86779861.45019531
2127,2127,2132,11507.0,52,81915438.65203857,59138821.60186768,308340553.2836914,67365500.45013428
2128,2128,2133,12778.0,66,84020422.93548584,57958953.85742188,266352892.8756714,68394855.49926758
2129,2129,2134,12534.0,70,75785326.95770264,53534408.56933594,255448767.66204837,61660783.7677002
2130,2130,2135,12889.0,47,96431390.7623291,59402763.36669922,250251958.8470459,70425415.0390625
2131,2131,2136,12728.0,49,93574209.21325684,65598944.664001465,241957139.96887207,75513084.4116211
2132,2132,2137,12600.0,43,87379566.19262695,67680644.98901367,296385326.38549805,76619052.88696289
2133,2133,2138,12600.0,42,95974731.4453125,64667415.61889648,260924720.76416016,73984336.85302734
2134,2134,2139,12600.0,43,94813102.72216795,64158267.97485352,236228080.7495117,71227611.54174805
2135,2135,2140,12255.0,49,79891187.66784668,62233251.57165527,253361643.79119876,69941223.14453125
2136,2136,2141,12175.0,52,77210713.38653564,58641180.03845215,225198698.9974976,68102746.00982666
2137,2137,2142,11997.0,49,85079187.39318848,58248885.15472412,235432326.3168335,69696231.84204102
2138,2138,2143,12218.0,49,78777654.64782715,60405268.66912842,256317188.26293945,69795565.60516357
2139,2139,2144,11988.0,41,86790690.4220581,62595714.5690918,244013385.77270508,70124450.68359375
2140,2140,2145,11577.0,44,53661201.47705078,51430747.98583984,194895492.5537109,60869938.85040283
2141,2141,2146,11927.0,51,55633231.1630249,46683638.57269287,193738336.56311035,52843136.78741455
2142,2142,2147,13286.0,60,73748620.98693848,55696945.19042969,254983137.1307373,65770111.083984375
2143,2143,2148,13198.0,60,80662438.39263916,54784038.54370117,230062455.17730716,60958933.83026123
2144,2144,2149,14356.0,65,84273847.57995605,62160766.6015625,256970438.00354004,70490971.56524658
2145,2145,2150,14612.0,52,81105996.13189697,62383506.77490234,258882772.4456787,71698280.33447266
2146,2146,2151,14601.0,49,54327232.36083984,59218585.96801758,248964706.42089844,65661071.77734375
2147,2147,2152,13590.0,59,88269196.51031494,60808074.95117188,246535109.5199585,67553478.2409668
2148,2148,2153,13317.0,46,90713500.9765625,61001510.62011719,236148635.8642578,67813205.71899414
2149,2149,2154,13516.0,60,78466873.16894531,59507027.6260376,273001751.89971924,68930453.30047607
2150,2150,2155,13925.0,75,90370439.52941896,66135811.8057251,270532438.27819824,74539587.97454834
2151,2151,2156,13451.0,83,80087487.22076416,62640520.0958252,256091724.39575195,71148716.9265747
2152,2152,2157,14088.0,72,84467750.5493164,64319290.16113281,278627605.4382324,73855859.75646973
2153,2153,2158,13863.0,61,83677122.11608887,59812728.88183594,241768596.64916992,70063032.15026855
2154,2154,2159,14981.0,65,82118605.6137085,68893426.8951416,282089517.5933838,81639451.98059082
2155,2155,2160,14470.0,49,75702381.1340332,66090259.55200195,245706539.15405276,76118984.22241211
2156,2156,2161,14054.0,59,83450786.59057617,63812760.35308838,264491252.89916992,74013390.54107666
2157,2157,2162,14532.0,56,92578449.24926758,63076876.640319824,264931965.8279419,73145710.9451294
2158,2158,2163,14707.0,61,89981716.15600586,67894397.7355957,309420292.8543091,77019212.72277832
2159,2159,2164,15037.0,53,89697647.09472656,71380435.94360352,274803768.157959,78638059.61608887
2160,2160,2165,15000.0,50,92358398.4375,69741153.71704102,228362274.16992188,80809307.09838867
2161,2161,2166,14489.0,56,86181407.9284668,62505437.85095215,249332771.30126956,71453444.480896
2162,2162,2167,14589.0,56,69953336.71569824,62647785.18676758,246049037.9333496,70499374.38964844
2163,2163,2168,14400.0,49,86310123.44360352,61188411.71264648,230698947.9064941,68988346.09985352
2164,2164,2169,14154.0,48,80157917.02270508,63112403.869628906,225581855.77392575,69915649.4140625
2165,2165,2170,14316.0,69,83456330.29937744,61935438.15612793,275118770.59936523,73115458.48846436
2166,2166,2171,14024.0,59,85528499.60327148,59704939.84222412,286051782.6080322,66153968.81103516
2167,2167,2172,14095.0,62,66933271.408081055,59104393.95904541,202632286.0717773,66339371.68121338
2168,2168,2173,13903.0,48,77425915.71807861,58844715.1184082,292116676.3305664,68343597.41210938
2169,2169,2174,14317.0,62,87457493.78204346,59819593.42956543,281786266.3269043,67373165.13061523
2170,2170,2175,14158.0,50,87776004.79125977,63008847.2366333,237960956.57348636,70374528.8848877
2171,2171,2176,13842.0,51,67503660.20202637,60118194.580078125,237600872.0397949,69292743.68286133
2172,2172,2177,14583.0,61,67041063.30871582,58974709.51080322,229989503.86047363,66591053.96270752
2173,2173,2178,14862.0,75,80767216.68243408,59916071.89178467,304735590.9347534,71672677.99377441
2174,2174,2179,14690.0,61,84528848.64807129,62996248.24523926,276019654.2739868,71161852.83660889
2175,2175,2180,14700.0,50,77083969.11621094,64760478.97338867,246378307.3425293,71460994.72045898
2176,2176,2181,14450.0,50,83420688.62915039,62410121.91772461,265842811.58447263,72660366.05834961
2177,2177,2182,14362.0,56,83248230.93414307,65826975.82244873,256446513.1759644,72758817.67272949
2178,2178,2183,14844.0,59,97403544.42596436,68649461.74621582,242425389.289856,77446561.81335449
2179,2179,2184,14275.0,56,92651800.15563963,64414182.66296387,263748822.21221924,73498857.49816895
2180,2180,2185,13775.0,47,74077087.40234375,63115192.41333008,252403869.62890625,70546497.3449707
2181,2181,2186,14496.0,63,86727443.69506836,67435092.92602539,271747211.4562988,76815060.61553955
2182,2182,2187,14551.0,69,95875411.98730467,70917284.96551514,389695467.9489136,81946794.5098877
2183,2183,2188,13994.0,63,84808013.91601562,67705319.40460205,277389372.82562256,79457249.64141846
2184,2184,2189,13339.0,56,85117888.45062256,63651653.28979492,270764921.1883545,73739713.66882324
2185,2185,2190,13064.0,52,85410552.97851562,61877030.37261963,342993139.2669678,72080103.87420654
2186,2186,2191,13328.0,45,82236579.89501953,66193412.78076172,262214733.1237793,74673156.73828125
2187,2187,2192,13808.0,53,91762620.92590332,71645353.31726074,239312725.06713867,79409995.07904053
2188,2188,2193,13998.0,59,89142490.38696289,70915639.87731934,227425704.9560547,78447515.4876709
2189,2189,2194,14127.0,52,74394519.8059082,63515978.81317139,257843959.8083496,76992573.73809814
2190,2190,2195,14100.0,47,78072166.4428711,60139560.69946289,223039627.0751953,72488021.85058594
2191,2191,2196,14074.0,54,81038642.88330078,61851379.39453125,231941137.3138428,71630769.72961426
2192,2192,2197,15055.0,62,88228655.81512451,67410429.00085449,319800345.4208374,84534444.80895996
2193,2193,2198,14280.0,61,82523152.3513794,67518568.03894043,273092252.73132324,76438026.42822266
2194,2194,2199,13800.0,54,47383113.861083984,58900996.20819092,162400781.63146973,65808531.76116943
2195,2195,2200,13500.0,45,31156253.814697266,56775856.018066406,181359386.4440918,62751388.54980469
2196,2196,2201,14823.0,81,58091590.881347656,59752210.61706543,211826238.63220212,64931450.84381104
2197,2197,2202,14665.0,62,68012736.3204956,60024178.50494385,267875484.46655276,75634294.5098877
2198,2198,2203,15431.0,66,100349211.69281006,77160703.65905762,327465273.8571167,89023922.92022705
2199,2199,2204,14844.0,50,95436481.47583008,76650493.62182617,297714309.6923828,86426445.00732422
2200,2200,2205,15122.0,59,58047573.08959961,67871380.80596924,271139446.2585449,82159817.69561768
2201,2201,2206,14734.0,55,87982948.30322266,66936730.38482666,316804266.92962646,75248143.19610596
2202,2202,2207,15373.0,69,74317978.85894775,67582728.3859253,297349627.494812,83349862.09869385
2203,2203,2208,15330.0,62,85915408.13446045,75364729.88128662,329646776.1993408,95963863.37280272
2204,2204,2209,15605.0,58,106622058.8684082,80250671.38671875,330051488.8763428,92102619.17114258
2205,2205,2210,14678.0,60,63801161.766052246,68178671.83685303,311271411.89575195,86905761.71875
2206,2206,2211,15529.0,61,77249526.97753906,74812785.1486206,321170761.10839844,84732764.24407959
2207,2207,2212,15560.0,64,77618420.60089111,70562004.08935547,289119164.4668579,81679369.92645264
2208,2208,2213,16226.0,66,83252546.3104248,74895688.0569458,349493080.13916016,93620075.22583008
2209,2209,2214,16215.0,56,91698692.32177734,78090614.31884766,905950881.9580078,94010353.0883789
2210,2210,2215,16201.0,59,82051947.59368896,78289722.44262695,413806656.8374634,94232732.77282716
2211,2211,2216,14898.0,70,91735740.6616211,71981939.3157959,324540155.4107666,83016216.27807617
2212,2212,2217,16126.0,74,78154792.78564453,72776328.08685303,312265662.19329834,86943881.98852539
2213,2213,2218,15987.0,74,87706974.02954102,74499706.26831055,330682660.10284424,85578125.0
2214,2214,2219,15134.0,65,70401976.58538818,64398188.59100342,312037679.6722412,75817656.51702881
2215,2215,2220,15299.0,52,54142021.17919922,60394344.329833984,213916168.21289065,68593891.14379883
2216,2216,2221,15301.0,52,49727943.42041016,61864384.65118408,215805175.78125,70202554.70275879
2217,2217,2222,15628.0,58,54945632.93457031,68196761.13128662,254416118.62182617,78889255.52368164
2218,2218,2223,15374.0,61,92038096.42791748,70198804.85534668,279117615.69976807,81467965.1260376
2219,2219,2224,14745.0,81,88579935.07385254,60601610.18371582,281397669.7921753,70904151.9165039
2220,2220,2225,14875.0,60,90611579.89501952,65835645.67565918,288332355.4992676,76234154.70123291
2221,2221,2226,13961.0,53,74873414.99328613,59900332.4508667,268498772.6211548,67655116.0812378
2222,2222,2227,14362.0,62,68242834.09118652,57982654.5715332,202764330.86395264,64141716.00341797
2223,2223,2228,14573.0,54,59087643.62335205,58185816.76483154,215796068.19152832,68960002.89916992
2224,2224,2229,15433.0,53,48991807.93762207,56997407.91320801,199257434.8449707,68179738.99841309
2225,2225,2230,15361.0,65,55413045.88317871,61254961.96746826,205347225.18920895,67544971.46606445
2226,2226,2231,15845.0,67,41250838.27972412,63337982.177734375,186725675.5828857,78519612.3123169
2227,2227,2232,16649.0,80,84156658.17260742,75436170.57800293,584567816.734314,85099527.35900879
2228,2228,2233,16426.0,60,97637050.62866212,82200971.60339355,1395090866.0888672,90792279.24346924
2229,2229,2234,16095.0,59,103197296.14257812,79955368.04199219,406636157.989502,89555135.72692871
2230,2230,2235,15784.0,58,104879211.42578124,82780683.51745605,485057201.3854981,91216159.82055664
2231,2231,2236,14883.0,60,81667946.81549072,66275263.78631592,261241663.9328003,77960647.58300781
2232,2232,2237,14264.0,64,90295808.79211426,65337398.529052734,267478602.4093628,72952733.03985596
2233,2233,2238,13690.0,54,68473176.00250244,59109671.5927124,216628437.99591064,68499423.02703857
2234,2234,2239,14101.0,89,51020262.71820068,53969431.87713623,216564254.7607422,66754302.978515625
2235,2235,2240,14642.0,62,62996202.46887207,62341161.72790527,234558200.83618164,72337681.7703247
2236,2236,2241,14756.0,89,53845847.12982178,55284499.168396,227755984.30633545,62166007.04193115
2237,2237,2242,15720.0,98,54791350.36468506,56818512.91656494,219317253.11279297,65920916.55731201
2238,2238,2243,11080.0,136,47382553.10058594,37851707.458496094,177564568.5195923,44484116.554260254
2239,2239,2244,8391.0,65,64489740.3717041,37850547.790527344,228903249.7406006,46010910.03417969
2240,2240,2245,12309.0,80,74000751.49536133,43698711.39526367,303172582.6263428,54350872.03979492
2241,2241,2246,12237.0,66,84611988.06762695,50179287.91046143,267116952.89611816,56743803.97796631
2242,2242,2247,14919.0,87,93208654.40368652,60361804.00848389,254396392.8222656,70426853.17993164
2243,2243,2248,16443.0,85,95796239.85290527,64040052.41394043,273099468.2312012,75958128.92913818
2244,2244,2249,14690.0,73,93380722.04589844,54702848.43444824,247043555.2597046,62071257.59124756
2245,2245,2250,14519.0,59,92187818.52722168,55502467.15545654,241287335.395813,64054374.69482422
2246,2246,2251,15769.0,73,97885023.11706544,60843823.43292236,306732201.5762329,77700879.09698486
2247,2247,2252,15930.0,59,93646435.73760986,79457532.88269043,284276312.828064,96145202.63671876
2248,2248,2253,16329.0,71,95056588.1729126,82452662.46795654,312605164.52789307,93346674.91912842
2249,2249,2254,16383.0,73,96973217.96417236,71028916.35894775,374076654.4342041,83820271.4920044
2250,2250,2255,16289.0,64,112578742.98095705,76359561.92016602,400651153.5644531,85999038.69628906
2251,2251,2256,16719.0,77,116802337.64648438,81659771.91925049,367848547.9354858,87645038.60473633
2252,2252,2257,15802.0,67,93923976.89819336,65503289.222717285,277740793.2281494,74233666.41998291
2253,2253,2258,16047.0,68,96562195.77789308,67260784.14916992,310719268.7988281,76804599.76196289
2254,2254,2259,16330.0,66,101890820.50323486,77326842.30804443,272552734.375,82273749.35150146
2255,2255,2260,15984.0,56,93841856.95648192,75387126.92260742,239702980.99517825,79502304.07714844
2256,2256,2261,16439.0,76,92718098.6404419,73249875.06866455,247664922.7142334,79388561.2487793
2257,2257,2262,15904.0,56,92876121.5209961,71289110.18371582,269181083.6791992,76311557.76977539
2258,2258,2263,15849.0,53,92942081.45141602,70512371.06323242,234916042.3278809,74040332.79418945
2259,2259,2264,15386.0,59,89384632.1105957,65433115.00549317,254517353.05786133,71982684.13543701
2260,2260,2265,16355.0,73,85362284.66033936,64705787.658691406,232728035.92681885,68620567.32177734
2261,2261,2266,16342.0,83,81222568.51196289,65109888.07678223,236992307.66296387,69885169.98291016
2262,2262,2267,15704.0,74,55114853.85894776,64802256.58416748,173148177.14691162,68315107.34558105
2263,2263,2268,14727.0,80,47714946.74682617,54942484.855651855,214814211.84539795,63807953.83453369
2264,2264,2269,13754.0,63,53072653.77044678,51367492.67578125,176867707.25250244,55887630.46264648
2265,2265,2270,13821.0,51,45283178.32946777,52203915.5960083,164520246.5057373,57110604.28619385
2266,2266,2271,14862.0,64,44573922.1572876,54136484.14611816,176474369.04907227,58644112.5869751
2267,2267,2272,14449.0,58,41103333.47320557,52870803.83300781,146893950.4623413,57574284.55352783
2268,2268,2273,16179.0,76,47674892.42553711,54170465.46936035,166556982.9940796,57481682.77740479
2269,2269,2274,15256.0,78,38233650.20751953,51602749.824523926,163412866.59240723,56515811.920166016
2270,2270,2275,14555.0,61,36086290.35949707,54020408.63037109,140534659.38568115,61106220.24536133
2271,2271,2276,14967.0,58,51454654.69360352,57276209.83123779,174137995.71990967,62538387.298583984
2272,2272,2277,15484.0,71,43197963.71459961,57607139.58740234,157332384.10949707,61577425.95672608
2273,2273,2278,14619.0,64,36051779.74700928,53520432.47222901,133520470.61920166,59098007.20214844
2274,2274,2279,14833.0,59,46982658.38623047,55342967.03338623,151000966.07208252,60411901.47399902
2275,2275,2280,14011.0,54,45408928.87115479,53986873.62670898,154865975.37994385,58122675.89569092
2276,2276,2281,16075.0,65,57047367.09594727,58836280.82275391,179293630.5999756,63823143.95904541
2277,2277,2282,15459.0,71,50850916.86248779,56966241.83654785,188539323.8067627,61816587.44812012
2278,2278,2283,15805.0,69,44403476.71508789,55782593.72711182,176524644.85168457,61861967.08679199
2279,2279,2284,15845.0,77,36316346.16851807,56370932.57904053,154183321.95281982,61536876.6784668
2280,2280,2285,15633.0,70,52001694.679260254,57664378.16619873,173617896.0800171,61190917.96875
2281,2281,2286,14669.0,62,56663681.98394776,54133216.85791016,179128776.55029297,58937369.34661865
2282,2282,2287,14816.0,57,48258065.22369385,56995259.284973145,175136150.36010742,61400923.72894287
2283,2283,2288,15808.0,68,58055092.81158447,58272787.09411621,179217705.72662354,65224308.013916016
2284,2284,2289,15699.0,75,63446867.94281006,59627578.73535156,199382273.67401123,64358155.25054932
2285,2285,2290,15612.0,68,58297230.72052002,58810451.50756836,185759486.1984253,62792048.45428467
2286,2286,2291,15872.0,68,66321107.86437988,57587821.0067749,217330968.85681152,63558499.33624268
2287,2287,2292,16765.0,73,83094731.33087158,65538942.33703613,252694763.18359372,76120953.55987549
2288,2288,2293,17601.0,76,105704363.822937,83949268.34106445,319631052.97088623,95049107.5515747
2289,2289,2294,16990.0,70,102401594.1619873,87455276.48925781,321535298.34747314,94309757.23266602
2290,2290,2295,16332.0,70,105351153.37371826,87218448.63891602,403337265.0146485,93175099.37286375
2291,2291,2296,15809.0,72,102037231.4453125,84530309.67712402,421974117.27905273,91103034.0194702
2292,2292,2297,17077.0,80,101864211.0824585,84152085.30426025,321023435.59265137,90331468.58215332
2293,2293,2298,15803.0,90,89566357.61260986,79793956.7565918,360556167.6025391,85537144.6609497
2294,2294,2299,15625.0,63,88117899.89471436,81825741.7678833,324427728.6529541,87015674.59106445
2295,2295,2300,15751.0,66,83206295.96710205,75605546.95129395,235710327.1484375,85792859.07745361
2296,2296,2301,16068.0,70,81990080.83343506,69218400.9552002,286717085.8383179,83665092.46826172
2297,2297,2302,17104.0,84,89536872.86376953,77513840.675354,265069734.57336423,85061594.00939941
2298,2298,2303,16848.0,69,102370070.4574585,78458390.23590088,371194377.8991699,87344888.68713379
2299,2299,2304,16943.0,66,104101301.1932373,76911849.02191162,523225228.30963135,83787131.30950928
2300,2300,2305,16451.0,84,100376961.70806883,66911180.49621582,591899689.6743774,75782651.90124512
2301,2301,2306,15685.0,90,74095588.68408203,61145623.207092285,247886375.4272461,67747262.95471191
2302,2302,2307,15332.0,65,73315619.46868896,59965040.20690918,270779781.34155273,68474165.91644287
2303,2303,2308,15583.0,65,107294556.61773682,67639679.90875244,527046966.5527344,73443902.01568604
2304,2304,2309,15626.0,64,93679565.4296875,70184770.58410645,409754563.331604,76097133.63647461
2305,2305,2310,15263.0,61,97406418.800354,69645135.8795166,477023257.2555542,77849001.88446045
2306,2306,2311,15712.0,72,91377617.83599854,71288809.77630615,377896081.9244385,76314208.984375
2307,2307,2312,15552.0,80,70548451.42364502,68740039.82543945,277589785.5758667,81372399.33013916
2308,2308,2313,15500.0,65,91808032.03582764,72308280.94482422,351565888.4048462,77993699.0737915
2309,2309,2314,15923.0,60,96520495.41473389,75863224.02954102,350937244.4152832,82509928.7033081
2310,2310,2315,15382.0,96,73730834.9609375,62970602.03552246,241791625.02288815,68864942.55065918
2311,2311,2316,15507.0,81,90361475.94451904,70190623.28338623,344929163.9328003,80325398.4451294
2312,2312,2317,15214.0,58,100357172.0123291,73497949.60021973,370373954.7729492,77207443.23730469
2313,2313,2318,14606.0,57,75404145.24078369,64598503.11279297,242928038.59710693,74937115.66925049
2314,2314,2319,15312.0,65,79903348.92272949,64463459.01489258,258577774.0478516,74005731.5826416
2315,2315,2320,15162.0,67,82890518.18847656,64984021.18682861,246040184.9746704,72266046.52404785
2316,2316,2321,16006.0,68,84334485.05401611,67141324.99694824,280526309.967041,76496927.26135254
2317,2317,2322,16529.0,97,67946766.85333252,56131542.20581055,613400644.3023682,66352011.68060303
2318,2318,2323,18664.0,99,101048092.84210204,75753691.67327881,332687572.47924805,86656455.03997803
2319,2319,2324,17893.0,77,111710387.22991943,79436830.52062988,355823775.2914429,85198736.1907959
2320,2320,2325,17497.0,78,101827396.39282228,67866557.12127686,325996509.55200195,77700407.02819824
2321,2321,2326,17193.0,64,103931772.23205566,71757696.1517334,313702323.9135742,77851819.03839111
2322,2322,2327,16554.0,67,93313294.41070557,62374039.64996338,235997267.7230835,70156702.9953003
2323,2323,2328,17094.0,76,96407269.47784424,61590636.25335693,236221050.2624512,68354969.97833252
2324,2324,2329,16061.0,99,89233047.48535156,58669894.21844482,239944501.87683105,63864951.13372803
2325,2325,2330,14792.0,95,65401059.1506958,51280691.146850586,187294054.03137207,57288200.37841797
2326,2326,2331,14858.0,91,63630235.67199707,51891999.24468994,169826786.99493408,56287534.71374512
2327,2327,2332,14976.0,58,92673639.29748537,65581952.09503174,276936725.6164551,73248580.93261719
2328,2328,2333,14810.0,75,73477017.40264893,56584794.04449463,200775373.4588623,61568732.26165772
2329,2329,2334,15090.0,54,77047728.53851318,56571559.90600586,197134105.68237305,66091369.62890625
2330,2330,2335,14720.0,60,89239542.9611206,64601346.015930176,275728700.6378174,76144783.97369385
2331,2331,2336,14700.0,51,83039482.11669922,69519367.21801758,240195922.8515625,77768264.77050781
2332,2332,2337,14485.0,58,67901631.35528564,56227196.69342041,187304120.0637817,63689869.88067627
2333,2333,2338,13792.0,60,83412361.14501953,52900454.5211792,238104098.3200073,59343069.076538086
2334,2334,2339,14049.0,57,83074814.79644775,54204645.15686035,204003215.7897949,59208827.01873779
2335,2335,2340,13884.0,49,94524948.1201172,59023036.95678711,261145187.3779297,69930091.85791016
2336,2336,2341,13416.0,49,95777956.96258543,56301588.05847168,227049259.18579105,62759233.474731445
2337,2337,2342,12492.0,55,68121879.57763672,46879299.16381836,179608381.2713623,52146137.23754883
2338,2338,2343,12665.0,46,63481206.8939209,44302373.8861084,166750366.2109375,49401005.74493408
2339,2339,2344,13273.0,78,53605865.478515625,43737522.12524414,189246920.58563232,49298051.834106445
2340,2340,2345,13312.0,48,55664795.87554932,48663097.3815918,177072283.744812,55058901.7868042
2341,2341,2346,13767.0,57,80542191.50543213,64716911.31591797,244550534.24835205,75859607.6965332
2342,2342,2347,14178.0,60,77595643.99719238,72084362.0300293,269435001.373291,78871376.99127197
2343,2343,2348,14590.0,50,82923477.17285156,75192047.11914062,351252273.5595703,82111068.72558594
2344,2344,2349,14422.0,55,84864735.60333252,72418334.00726318,356537914.27612305,81915820.12176514
2345,2345,2350,14905.0,63,82136164.66522217,71553927.42156982,286906787.87231445,80680315.97137451
2346,2346,2351,14307.0,62,79400115.96679688,62720023.1552124,293169366.83654785,74006811.14196777
2347,2347,2352,15188.0,60,67587037.08648682,63021884.91821289,278593976.9744873,81918952.94189453
2348,2348,2353,14671.0,59,81075463.29498291,60219826.69830322,325166007.99560547,69210565.5670166
2349,2349,2354,14668.0,62,76055253.02886963,59466140.74707031,248843789.10064697,66671581.26831055
2350,2350,2355,15175.0,65,84947978.01971436,65384737.01477051,298620293.61724854,70945758.81958008
2351,2351,2356,15672.0,65,91933975.21972656,64803791.999816895,313391599.65515137,73170739.17388916
2352,2352,2357,15773.0,71,87347200.39367676,58484759.33074951,295422729.4921875,67576188.08746338
2353,2353,2358,16719.0,70,84541763.30566406,58305061.34033203,277423946.38061523,65170901.29852295
2354,2354,2359,16377.0,61,78712485.31341553,58220565.79589844,282995033.26416016,70604627.60925293
2355,2355,2360,17072.0,69,92586310.38665771,66294630.05065918,313553949.3560791,74739904.40368652
2356,2356,2361,17206.0,83,81917014.12200928,61172673.22540283,237157369.61364743,69330992.69866943
2357,2357,2362,17537.0,96,80086502.07519531,62191603.660583496,226617301.940918,70062045.09735107
2358,2358,2363,16145.0,67,79931384.08660889,59262329.1015625,212770503.0441284,66949131.01196289
2359,2359,2364,15272.0,71,79742595.67260742,55926496.505737305,294738717.0791626,64182094.57397461
2360,2360,2365,14982.0,60,88402672.76763916,56844421.38671875,273009281.15844727,63613760.94818115
2361,2361,2366,15002.0,56,87013057.70874023,62018360.13793945,194704586.98272705,68553035.73608398
2362,2362,2367,14580.0,49,84197559.35668945,58122234.34448242,204615917.20581052,66778736.11450195
2363,2363,2368,13740.0,55,82809764.86206055,59005391.120910645,239070611.95373532,68424723.6251831
2364,2364,2369,12947.0,65,92569863.31939696,58424601.554870605,211335413.9328003,66111787.79602051
2365,2365,2370,12674.0,52,89226484.29870605,53106818.19915772,243637161.2548828,63315648.07891846
2366,2366,2371,12182.0,44,82569030.76171875,51037242.8894043,189096356.39190677,57758071.89941406
2367,2367,2372,12009.0,44,86237301.82647705,55095507.62176514,189727268.2189941,62055209.159851074
2368,2368,2373,11900.0,40,85965744.01855469,55356670.37963867,211719947.8149414,63795505.52368164
2369,2369,2374,11953.0,53,65577647.20916748,48737277.98461914,190768823.62365723,56968139.6484375
2370,2370,2375,12900.0,55,78916276.9317627,58862857.81860352,202784467.69714355,65667062.75939941
2371,2371,2376,12420.0,61,70362470.62683105,51751307.48748779,193091757.77435303,58616106.98699951
2372,2372,2377,12719.0,45,80087909.69848633,53322929.38232422,187728065.49072263,58536983.48999024
2373,2373,2378,13090.0,51,81080169.67773438,55670042.03796387,223462858.20007324,65149877.54821777
2374,2374,2379,13316.0,59,86273362.159729,59702693.93920898,213751021.38519287,67543237.68615723
2375,2375,2380,12491.0,57,90513926.50604248,58926200.86669922,225961371.421814,65563201.90429688
2376,2376,2381,12652.0,53,88988209.72442627,56998822.21221924,204936893.4631348,63904328.34625244
2377,2377,2382,12593.0,44,89154979.70581055,61913673.400878906,222561470.03173828,67515007.01904297
2378,2378,2383,12412.0,46,85447160.7208252,60402749.06158447,207369606.0180664,67503716.46881104
2379,2379,2384,12300.0,42,86056026.45874023,58074760.43701172,201747299.19433597,66858360.290527344
2380,2380,2385,12300.0,41,83469486.23657227,57841014.86206055,228382015.22827148,64411640.16723633
2381,2381,2386,12154.0,41,84951889.03808594,55586006.16455078,191098289.4897461,62280426.02539063
2382,2382,2387,12446.0,42,77719371.7956543,61050315.8569336,228562408.4472656,68857898.7121582
2383,2383,2388,11836.0,45,81225403.78570557,61420153.61785889,218003177.64282227,67468428.61175537
2384,2384,2389,11664.0,45,77345947.265625,54352127.07519531,214182584.76257324,66861244.20166016
2385,2385,2390,11583.0,46,82263601.30310059,49541477.20336914,183663081.1691284,56785726.54724121
2386,2386,2391,11977.0,42,83305328.36914062,55408721.923828125,227150085.44921875,62141967.7734375
2387,2387,2392,11700.0,39,82080745.69702148,57128334.04541016,217221164.70336917,64886569.97680664
2388,2388,2393,12232.0,49,82579715.72875977,56909115.7913208,200034255.9814453,64601236.34338379
2389,2389,2394,12817.0,54,84083070.75500488,62720108.98590088,249902605.0567627,69497114.18151855
2390,2390,2395,12349.0,48,77160477.63824463,60821740.15045166,211334641.456604,68152287.48321533
2391,2391,2396,12034.0,45,70625644.68383789,53761692.04711914,204467854.4998169,65914068.2220459
2392,2392,2397,11890.0,49,86589706.42089844,57717624.66430664,226013804.43573,65248785.0189209
2393,2393,2398,12700.0,54,90302978.515625,60968157.76824951,223932796.47827148,69348513.60321045
2394,2394,2399,13251.0,46,78910732.26928711,58195942.878723145,208483791.3513184,67365044.59381104
2395,2395,2400,13108.0,45,73956066.1315918,55215179.443359375,188921131.1340332,62225238.80004883
2396,2396,2401,13292.0,46,78642539.97802734,57114459.99145508,216959209.44213867,65402271.27075195
2397,2397,2402,12731.0,51,81279168.12896729,56949110.984802246,230180122.37548828,62587626.45721436
2398,2398,2403,13193.0,57,87940026.28326416,59400136.94763184,280918790.81726074,67250416.75567627
2399,2399,2404,13157.0,59,85671585.08300781,59947666.16821289,213112884.5214844,66570755.00488281
2400,2400,2405,13613.0,54,78443244.93408203,57745482.44476318,231595195.77026367,69131388.6642456
2401,2401,2406,13160.0,44,88048744.20166016,57459468.841552734,195217094.42138672,63848781.58569336
2402,2402,2407,12876.0,49,83075944.9005127,57955535.88867188,212906159.40093997,67002384.185791016
2403,2403,2408,12205.0,47,84876336.09771729,59913925.17089844,226091371.53625488,66482340.81268311
2404,2404,2409,12958.0,45,90197168.35021973,59873092.65136719,234332386.0168457,67766088.48571777
2405,2405,2410,12658.0,47,88039072.03674316,58370899.20043945,209630432.12890625,67200727.46276855
2406,2406,2411,12614.0,43,91546602.24914552,63199985.50415039,213335401.53503415,69745719.90966797
2407,2407,2412,12490.0,45,87104237.55645752,61821645.736694336,237983647.34649655,68825298.30932617
2408,2408,2413,12710.0,43,77810668.9453125,56829605.10253906,213263740.5395508,62029685.97412109
2409,2409,2414,12600.0,42,87552452.08740234,58468723.29711914,231917667.388916,65475940.7043457
2410,2410,2415,12600.0,42,86904716.49169922,57397842.40722656,236332798.0041504,64066314.697265625
2411,2411,2416,12142.0,47,70391731.26220703,54477181.43463135,231562347.41210935,62359368.324279785
2412,2412,2417,11943.0,54,87082726.47857666,56414275.16937256,197780691.1468506,61977302.55126953
2413,2413,2418,11657.0,40,83692432.40356445,56076019.287109375,222686203.0029297,63990955.3527832
2414,2414,2419,11814.0,40,83130992.8894043,59850749.96948242,213390071.86889648,66695644.37866211
2415,2415,2420,11364.0,48,68398306.84661865,54992102.62298584,235962180.13763428,63264381.408691406
2416,2416,2421,11722.0,46,73231172.56164551,50912490.84472656,237329160.6903076,58312906.26525879
2417,2417,2422,11250.0,39,85041484.83276367,54006080.627441406,206945209.50317383,61204090.1184082
2418,2418,2423,11990.0,41,92341423.03466795,60216655.73120117,241508216.85791016,67107467.65136719
2419,2419,2424,11700.0,40,89895160.67504883,59700679.779052734,222449836.73095703,64580604.553222656
2420,2420,2425,11640.0,39,87024936.67602539,58928623.19946289,204049758.9111328,65456428.52783203
2421,2421,2426,11158.0,75,65711443.90106201,53996304.512023926,196681136.13128665,61613623.61907959
2422,2422,2427,11880.0,74,80902514.45770264,59416842.46063232,239985417.36602783,64611464.500427246
2423,2423,2428,13215.0,62,82283842.08679199,57520717.62084961,204415808.6776733,71857755.66101074
2424,2424,2429,13576.0,51,84053222.65625,61220751.76239014,228689060.21118164,69088135.71929932
2425,2425,2430,13607.0,46,90779369.35424805,64176952.36206055,243084659.576416,71412151.33666992
2426,2426,2431,13500.0,45,87522411.34643555,61759471.89331055,220008945.4650879,71020030.9753418
2427,2427,2432,13321.0,45,80879467.01049805,63917789.45922852,227236621.85668945,70001506.80541992
2428,2428,2433,13292.0,48,73458475.11291504,60764563.56048584,250617106.4376831,71344684.60083008
2429,2429,2434,13677.0,50,78056898.11706543,63295143.127441406,245833621.97875977,69989358.90197754
2430,2430,2435,14033.0,50,89737388.61083984,62717091.56036377,254530591.96472168,73119561.19537354
2431,2431,2436,13514.0,52,85264852.52380371,64520401.00097656,230320530.8914185,71585044.86083984
2432,2432,2437,15004.0,94,76258618.35479736,62480491.6381836,236075952.52990723,70942543.02978516
2433,2433,2438,15046.0,83,90274214.74456789,70825571.06018066,243575775.1464844,81381936.07330322
2434,2434,2439,14573.0,54,89514503.4790039,75990313.52996826,253354557.03735352,83497467.99468994
2435,2435,2440,14115.0,60,64961812.97302246,63234233.85620117,242825499.53460693,73808665.27557373
2436,2436,2441,13935.0,52,53327483.17718506,60221453.66668701,183957019.8059082,66632135.39123535
2437,2437,2442,14489.0,55,74436498.64196777,61662828.44543457,240467912.6739502,71063332.55767822
2438,2438,2443,15093.0,53,83250269.88983154,70849132.5378418,250437229.1564941,81282533.64562988
2439,2439,2444,15218.0,69,83514059.06677246,73860713.00506592,238134822.84545895,81154108.04748535
2440,2440,2445,14615.0,50,64501305.58013916,63175038.33770752,205510315.89508057,76825211.52496338
2441,2441,2446,14895.0,67,81037915.22979736,66738495.82672119,217514467.23937988,74716398.23913574
2442,2442,2447,14530.0,49,88498291.96929932,72316231.7276001,234005699.15771484,79553875.92315674
2443,2443,2448,15241.0,67,85203408.24127197,74658718.10913086,238384898.18573,81847909.92736816
2444,2444,2449,15408.0,57,87991065.9790039,73788742.06542969,239538187.02697757,82635698.31848145
2445,2445,2450,15343.0,57,86609259.60540771,69176999.09210205,238694827.07977292,79052755.35583496
2446,2446,2451,15084.0,57,78370120.04852295,70198608.3984375,216096641.5405273,77665310.85968018
2447,2447,2452,14899.0,51,68024191.85638428,69813646.31652832,246999629.97436523,76917045.59326172
2448,2448,2453,15171.0,61,71479282.37915039,67169825.55389404,261745473.86169437,76443529.12902832
2449,2449,2454,15120.0,64,80759409.90447998,65365477.56195068,236633543.96820068,72341565.13214111
2450,2450,2455,15370.0,60,74515018.46313477,66679780.00640869,267606095.31402588,72970929.14581299
2451,2451,2456,15314.0,58,79723340.98815918,66904022.21679688,239031842.2317505,74818847.65625
2452,2452,2457,15580.0,59,83337295.53222656,70694751.73950195,243141739.84527588,78425488.47198486
2453,2453,2458,14887.0,72,71633649.8260498,67058262.82501221,233730023.38409424,77897303.5812378
2454,2454,2459,14280.0,57,72441987.99133301,62339911.46087647,230347462.65411377,70776253.70025635
2455,2455,2460,14640.0,71,76673752.784729,64441122.05505371,228546976.08947757,70614576.33972168
2456,2456,2461,14739.0,72,84281853.67584229,64556873.3215332,249400826.4541626,74054647.44567871
2457,2457,2462,14826.0,61,74855630.87463379,65302026.74865723,233784142.4942017,73357992.17224121
2458,2458,2463,14875.0,57,74841750.1449585,65452036.85760498,205122607.2311401,73146350.8605957
2459,2459,2464,16304.0,69,81242578.50646973,71170359.61151123,271610099.79248047,84818365.0970459
2460,2460,2465,15443.0,65,70383515.35797119,68179996.49047852,225273364.06707764,75457175.25482178
2461,2461,2466,15636.0,56,78670089.72167969,69609245.30029297,210881050.10986328,79400824.54681396
2462,2462,2467,16280.0,59,89627555.84716797,76585765.83862305,245753784.1796875,84423599.24316406
2463,2463,2468,16030.0,56,78492427.82592773,74276883.12530518,271827655.7922363,82194231.98699951
2464,2464,2469,15673.0,64,79441618.91937256,70894978.5232544,238580595.9701538,81105898.8571167
2465,2465,2470,15316.0,54,81091510.77270508,69974666.59545898,240845973.96850583,77017537.1170044
2466,2466,2471,15482.0,62,79212776.18408203,67878416.06140137,231638278.96118164,75643833.16040039
2467,2467,2472,15146.0,58,83066597.9385376,70773238.18206787,236467262.2680664,78382564.54467773
2468,2468,2473,14580.0,58,80602835.6552124,67228308.67767334,244502668.3807373,74178921.69952393
2469,2469,2474,15336.0,70,79231202.12554932,73408362.38861084,265421520.2331543,82454286.57531738
2470,2470,2475,15666.0,70,82095880.50842285,73019806.86187744,225483513.8320923,82181682.58666992
2471,2471,2476,15331.0,67,68508791.92352295,68502000.80871582,229787612.91503903,78164001.46484375
2472,2472,2477,15294.0,59,80088859.55810547,66480962.7532959,232814737.3199463,74689552.3071289
2473,2473,2478,15646.0,55,71476717.94891357,68083969.11621094,219574040.41290283,74718738.5559082
2474,2474,2479,16554.0,70,84543196.67816162,71005506.51550293,266466838.83666992,79621817.58880615
2475,2475,2480,15865.0,65,87656054.49676514,73349365.234375,228918555.2597046,80480536.46087646
2476,2476,2481,15794.0,62,76513521.19445801,67969034.19494629,212649605.7510376,75231167.79327393
2477,2477,2482,15623.0,69,78570710.18218994,71180884.36126709,240740077.9724121,80472511.2915039
2478,2478,2483,16438.0,76,97502969.74182127,75102644.92034912,286627467.15545654,84101407.05108643
2479,2479,2484,15900.0,58,92864971.16088869,73571235.65673828,231187015.53344727,81502423.28643799
2480,2480,2485,15782.0,60,92689997.67303468,70526215.55328369,231942579.2694092,77138309.47875977
2481,2481,2486,14996.0,64,84041633.60595703,69342165.94696045,221653114.3188477,76154982.5668335
2482,2482,2487,15403.0,53,75930212.02087402,70732220.64971924,248978807.4493408,78341901.7791748
2483,2483,2488,15585.0,63,72802936.55395508,72061319.35119629,210212186.8133545,82713954.92553711
2484,2484,2489,15644.0,57,82916131.01959229,71929114.34173584,226939630.50842285,80811391.83044434
2485,2485,2490,16270.0,58,78183025.36010742,74005580.90209961,242546512.60375977,84218544.00634766
2486,2486,2491,15525.0,61,77435109.13848877,71161522.86529541,224222702.0263672,76660956.38275146
2487,2487,2492,16789.0,78,94133876.80053712,82222993.85070801,550396009.4451904,98248246.19293211
2488,2488,2493,16282.0,55,84151088.71459961,78907890.31982422,292307498.9318848,93927806.85424805
2489,2489,2494,15980.0,62,84800886.1541748,75492607.11669922,280466207.50427246,84961788.17749023
2490,2490,2495,15716.0,63,59833399.77264404,68113791.46575928,211262251.85394287,83996545.79162598
2491,2491,2496,15822.0,60,70271492.95806885,69917748.45123291,239504202.8427124,79507254.6005249
2492,2492,2497,15451.0,59,84341279.02984619,70973408.69903564,261630168.9147949,78514053.34472656
2493,2493,2498,15575.0,62,70374546.05102539,69976046.56219482,230751704.21600345,79994922.63793945
2494,2494,2499,15524.0,69,71239718.43719482,67185832.97729492,229410688.40026852,75390806.19812012
2495,2495,2500,15268.0,56,81131673.81286621,69086471.55761719,317668485.6414795,74880063.0569458
2496,2496,2501,15068.0,54,78046897.8881836,69285942.07763672,233340412.13989255,75174236.29760742
2497,2497,2502,15061.0,52,66831249.23706055,67461154.93774414,230566856.3842773,75465240.47851562
2498,2498,2503,15000.0,50,73889636.9934082,67598247.52807617,213985633.8500977,72896575.92773438
2499,2499,2504,15509.0,56,69044160.84289551,67555488.58642578,227081596.3745117,74336918.83087158
2500,2500,2505,15896.0,69,66553201.67541504,68882956.50482178,224436762.80975345,74890127.18200684
2501,2501,2506,16574.0,70,76264032.3638916,73319951.05743408,268633858.6807251,84098898.88763428
2502,2502,2507,16805.0,65,79396737.09869385,75073402.40478516,247093326.56860352,83986352.92053223
2503,2503,2508,16879.0,62,67665916.4428711,74308567.04711914,264209965.7058716,84113215.44647217
2504,2504,2509,16747.0,59,71275600.43334961,74954002.3803711,277038722.99194336,83657291.41235352
2505,2505,2510,16842.0,62,82896462.44049072,75858502.38800049,242030459.4039917,82051363.94500732
2506,2506,2511,16743.0,56,82131546.02050781,73805150.98571777,246421563.1484985,81549739.83764648
2507,2507,2512,16781.0,57,73355952.26287842,74090017.31872559,269638568.8781738,81872232.43713379
2508,2508,2513,16279.0,57,67778665.54260254,72555841.44592285,270632610.3210449,77066205.02471924
2509,2509,2514,16629.0,58,69611618.04199219,71868289.94750977,200147911.0717773,76194816.58935547
2510,2510,2515,15817.0,58,77009389.87731934,69983868.59893799,278009229.6600342,76320034.02709961
2511,2511,2516,15880.0,54,74845428.46679688,71636657.71484375,289514989.8529053,79399871.82617188
2512,2512,2517,15678.0,59,81150685.31036377,71421754.83703613,232639259.3383789,76778356.55212402
2513,2513,2518,15932.0,63,75257897.37701416,69463335.99090576,239922617.91229248,76815357.20825195
2514,2514,2519,16445.0,68,65586107.25402832,67428319.93103027,232721757.88879395,75965677.26135254
2515,2515,2520,16970.0,64,83623894.69146729,71160326.95770264,251214269.63806152,79802111.62567139
2516,2516,2521,16698.0,64,80440274.23858643,68076119.4229126,237916074.7528076,74873876.57165527
2517,2517,2522,16796.0,65,64152441.02478027,68610003.47137451,214776662.8265381,74856544.4946289
2518,2518,2523,16270.0,64,53577999.11499024,63248053.550720215,179687576.2939453,68948574.06616211
2519,2519,2524,16704.0,76,64449945.4498291,65017975.80718994,202617000.579834,69225628.85284424
2520,2520,2525,17140.0,75,79567665.10009766,67597999.5727539,223140913.00964355,72747280.12084961
2521,2521,2526,17199.0,64,85062266.34979248,69529739.37988281,233873686.7904663,77425827.9800415
2522,2522,2527,17023.0,62,92397730.82733154,74705762.86315918,269279514.31274414,83083570.48034668
2523,2523,2528,17236.0,65,92220328.33099364,77023185.72998047,284419422.1496582,82948722.83935547
2524,2524,2529,17100.0,58,91969558.71582033,77324008.94165039,255700229.6447754,83342033.38623047
2525,2525,2530,16818.0,59,88576915.7409668,77453514.0991211,272729059.21936035,83503814.69726562
2526,2526,2531,16460.0,74,67651570.3201294,74229701.0421753,223724767.6849365,81960000.99182129
2527,2527,2532,16222.0,59,66282883.644104,71103385.92529297,237212224.00665283,79329875.94604492
2528,2528,2533,17292.0,67,68732425.68969727,68439204.21600342,352973477.3635864,74548656.46362305
2529,2529,2534,17803.0,67,89362398.14758301,74837993.62182617,462521625.5187988,82798316.9555664
2530,2530,2535,17579.0,65,87719718.93310547,76971325.87432861,240545617.10357663,85031369.20928955
2531,2531,2536,16929.0,68,68278050.42266846,72380348.2055664,231242418.28918457,79470204.35333252
2532,2532,2537,16800.0,56,66827201.84326172,69812393.18847656,205987358.0932617,79187107.08618164
2533,2533,2538,16697.0,58,77754418.37310791,72824333.19091797,232560080.52825928,78935598.37341309
2534,2534,2539,16899.0,59,59199965.47698975,71488359.45129395,222516553.87878415,78746934.89074707
2535,2535,2540,17186.0,66,70945086.47918701,72733675.95672607,233713899.6124268,78844089.50805664
2536,2536,2541,17389.0,68,61960513.1149292,71145332.33642578,244246431.350708,79625084.87701416
2537,2537,2542,17359.0,67,56468760.49041748,68523868.56079102,207153598.7854004,74059684.75341797
2538,2538,2543,17241.0,78,49047986.98425293,65449357.03277588,209786891.93725583,71746784.21020508
2539,2539,2544,17427.0,61,76236967.08679199,77193763.73291016,262220427.51312256,84049007.41577148
2540,2540,2545,17190.0,85,54708820.34301758,66083333.96911621,209831916.80908203,73251936.91253662
2541,2541,2546,17730.0,62,66024437.90435791,67882184.02862549,212347877.5024414,75859274.86419678
2542,2542,2547,17769.0,72,77480735.7788086,77671842.57507324,374621483.8027954,90736207.00836182
2543,2543,2548,18244.0,75,90534140.58685304,84557693.48144531,365849349.0219116,90936527.25219728
2544,2544,2549,17904.0,79,62471492.767333984,75175615.31066895,242934841.15600583,87200190.54412842
2545,2545,2550,18003.0,76,71008991.24145508,82195878.02886963,300846959.1140747,90231660.84289552
2546,2546,2551,18130.0,84,67965656.28051758,78823036.19384766,247912946.7010498,85087073.32611084
2547,2547,2552,17217.0,76,78835122.10845947,77521245.00274658,277648792.2668457,82431612.96844482
2548,2548,2553,18127.0,63,81397323.60839844,75518596.64916992,283085334.77783203,85204109.19189453
2549,2549,2554,17482.0,66,40587606.43005371,63618540.76385498,181572734.83276367,71114618.3013916
2550,2550,2555,17679.0,88,70420295.71533203,74739343.64318848,297425514.2211914,80289493.56079102
2551,2551,2556,17915.0,73,78019309.04388428,76606285.09521484,300767406.46362305,82898359.29870605
2552,2552,2557,17818.0,71,72929820.06072998,69368767.73834229,250216481.20880127,80376186.37084961
2553,2553,2558,18156.0,63,73699378.01361084,70505300.52185059,297239822.3876953,78025127.41088867
2554,2554,2559,17756.0,61,46879629.13513184,64414232.25402832,191864771.8429565,71358226.77612305
2555,2555,2560,17832.0,68,70657156.9442749,69649241.44744873,270333510.39886475,75977826.11846924
2556,2556,2561,17314.0,64,56922443.38989258,63787033.08105469,205881680.48858643,67969481.46820068
2557,2557,2562,17186.0,79,62308875.08392334,70865095.1385498,272900968.55163574,79467469.21539307
2558,2558,2563,18067.0,69,72197339.05792236,75318330.76477051,264190557.4798584,80689989.08996582
2559,2559,2564,18412.0,72,74339134.2163086,76446531.29577637,247770459.17510983,81438865.6616211
2560,2560,2565,18223.0,66,75904829.97894287,77028135.29968262,274777573.58551025,81050466.53747559
2561,2561,2566,18745.0,71,80282810.21118164,78890961.64703369,295983042.71698,83879856.10961914
2562,2562,2567,18180.0,73,79413344.38323975,77007596.01593018,268054485.3210449,82442496.29974365
2563,2563,2568,18191.0,71,77496014.59503174,75154467.58270264,283987535.4766846,80527219.77233887
2564,2564,2569,18613.0,70,86289037.70446777,75764830.58929443,271357915.8782959,81562640.19012451
2565,2565,2570,18214.0,66,64009963.98925781,65748159.408569336,323300737.38098145,72806939.12506104
2566,2566,2571,18313.0,66,65588153.83911133,71456097.60284424,299103225.7080078,78430600.1663208
2567,2567,2572,18370.0,63,72296676.63574219,69485919.95239258,246276357.65075684,77700572.9675293
2568,2568,2573,18788.0,67,68385300.6362915,68471225.73852539,209486091.61376956,74823743.82019043
2569,2569,2574,18579.0,65,50352262.49694824,64210983.27636719,208798501.9683838,70864925.38452148
2570,2570,2575,18644.0,65,53133146.28601074,64039047.24121094,219783092.4987793,71902545.92895508
2571,2571,2576,18645.0,67,70494200.70648193,69084421.15783691,258991439.81933597,73369842.52929688
2572,2572,2577,18177.0,65,59334890.365600586,61942981.7199707,238992095.9472656,71114742.27905273
2573,2573,2578,18330.0,82,91602939.60571288,70323263.16833496,513132135.39123535,76326984.40551758
2574,2574,2579,17985.0,63,97560717.58270264,69804805.75561523,451175865.17333984,74722484.58862305
2575,2575,2580,17899.0,61,77201377.86865234,65811557.76977539,301419010.1623535,72870887.75634766
2576,2576,2581,17556.0,66,52645932.1975708,61213879.58526611,214539361.95373532,64169783.59222412
2577,2577,2582,18100.0,64,49943631.172180176,62567848.205566406,182882256.50787356,66739757.5378418
2578,2578,2583,17973.0,64,61207247.734069824,64826591.49169922,215532402.9922485,69762210.84594727
2579,2579,2584,18127.0,62,86941630.36346436,70480344.77233887,349710888.86260986,76851230.62133789
2580,2580,2585,17974.0,67,71780550.95672607,70658989.90631104,269234095.5734253,86888967.51403809
2581,2581,2586,18312.0,66,83045314.78881836,71669607.16247559,369363258.3618164,77458657.26470947
2582,2582,2587,18049.0,68,75240633.01086426,67081342.69714356,310474964.1418457,77676351.54724121
2583,2583,2588,18129.0,70,89888161.65924072,68188970.5657959,292072656.6314697,74367855.07202148
2584,2584,2589,17993.0,88,81225781.44073486,68488088.60778809,280099184.9899292,77594041.82434082
2585,2585,2590,17542.0,69,83544117.92755127,71165745.73516846,292046679.49676514,80999033.92791748
2586,2586,2591,18531.0,96,103671222.68676758,75203267.09747314,291980908.39385986,81483026.5045166
2587,2587,2592,18772.0,66,98191639.90020752,81872829.43725586,301574037.5518799,89290067.67272949
2588,2588,2593,18686.0,64,96015578.2699585,78353988.64746094,269145706.1767578,84637464.52331543
2589,2589,2594,18447.0,65,68816635.13183594,68858650.20751953,299273460.3881836,83238861.08398438
2590,2590,2595,18769.0,65,88020311.35559082,78434385.29968262,312545571.3272095,85800855.63659668
2591,2591,2596,18600.0,64,111982151.03149414,80730739.59350586,355996189.11743164,87479660.03417969
2592,2592,2597,18381.0,72,91971971.51184082,73405395.5078125,301964702.6062012,84277821.54083252
2593,2593,2598,19300.0,70,81800186.15722656,73690948.48632812,317021675.1098633,86700843.81103516
2594,2594,2599,19108.0,73,80894156.45599365,82639480.59082031,321506398.2009888,97423005.10406494
2595,2595,2600,19051.0,68,110096714.9734497,93951873.77929688,327134926.7959595,99536449.43237305
2596,2596,2601,18758.0,71,65405183.79211426,68049161.91101074,273433888.43536377,87323135.37597656
2597,2597,2602,19511.0,89,73682044.98291016,78908175.46844482,298547435.76049805,89631033.8973999
2598,2598,2603,18912.0,75,77234196.66290283,77452193.26019287,357580789.56604004,91958403.58734132
2599,2599,2604,19288.0,74,82007175.44555664,74999377.25067139,293815610.8856201,88765672.68371582
2600,2600,2605,18778.0,65,106569953.91845705,86234775.54321289,354875911.7126465,95475803.37524414
2601,2601,2606,19446.0,78,89147655.48706055,79783852.57720947,283643521.3088989,95627128.60107422
2602,2602,2607,18620.0,76,94934350.01373293,86002960.20507812,283543579.1015625,92252508.16345216
2603,2603,2608,18261.0,73,79871851.92108154,75286647.79663086,263365213.39416504,87960670.4711914
2604,2604,2609,18561.0,73,78590466.49932861,80796857.8338623,300477339.7445679,93938882.8277588
2605,2605,2610,18838.0,78,85431388.85498047,95047137.260437,664243910.7894897,106297153.4729004
2606,2606,2611,18380.0,70,88768301.01013184,86192819.59533691,291700329.7805786,97290412.90283205
2607,2607,2612,18673.0,83,69219538.68865967,86376932.14416504,271418889.04571533,95944710.73150636
2608,2608,2613,18052.0,80,66299827.5756836,79251215.93475342,315787025.45166016,87494870.18585205
2609,2609,2614,18941.0,91,91539761.54327393,85600150.1083374,335501054.76379395,93713229.17938232
2610,2610,2615,18594.0,65,112788141.25061037,89017081.26068115,336279161.4532471,96399598.12164308
2611,2611,2616,18813.0,67,107116865.15808104,93316150.6652832,360889169.6929932,101210765.83862305
2612,2612,2617,17954.0,67,91697216.98760986,83724060.05859375,254884902.9541016,95807473.18267822
2613,2613,2618,18797.0,75,90986110.68725586,95483654.97589111,327920923.2330322,109089632.03430176
2614,2614,2619,18313.0,66,89695711.13586426,92531780.24291992,290123135.5667114,100760982.51342772
2615,2615,2620,18203.0,66,77340278.62548828,85811141.96777344,295806302.0706177,98976928.7109375
2616,2616,2621,19210.0,72,84278285.98022461,87001374.24468994,284824254.989624,99237154.96063232
2617,2617,2622,18572.0,69,70341826.43890381,76415424.34692383,298631705.28411865,86521050.45318604
2618,2618,2623,18204.0,102,69041565.89508057,75257490.15808105,263715344.4290161,83725493.43109131
2619,2619,2624,18207.0,90,56224985.12268066,71611035.34698486,222679459.5718384,77566608.42895508
2620,2620,2625,17867.0,79,70513105.39245605,76340799.33166504,271875055.31311035,88400274.2767334
2621,2621,2626,18290.0,68,85216991.42456055,85534006.11877441,250741275.78735352,91000971.79412842
2622,2622,2627,17390.0,70,68008327.48413086,73163705.82580566,219589212.4176025,81496731.75811768
2623,2623,2628,17629.0,79,61889847.75543213,69387276.6494751,262517645.8358765,75022805.21392822
2624,2624,2629,18153.0,78,77273625.37384033,79016311.64550781,258228103.6376953,87735830.30700684
2625,2625,2630,18342.0,86,78292863.8458252,77866723.06060791,282519186.01989746,84584870.33843994
2626,2626,2631,17985.0,90,58452544.21234131,73722758.29315186,243722121.2387085,83151677.13165283
2627,2627,2632,18173.0,93,66471337.31842041,76995426.17797852,244983341.21704105,80858497.6196289
2628,2628,2633,18220.0,79,53362591.74346924,74539756.77490234,211549901.008606,79694186.21063232
2629,2629,2634,18383.0,73,58426705.3604126,75718354.22515869,220403829.57458496,83209190.36865234
2630,2630,2635,18430.0,71,80322088.24157715,80037521.36230469,233485188.4841919,85397394.18029785
2631,2631,2636,18376.0,67,89586431.5032959,83110686.30218506,251192667.9611206,87976137.16125488
2632,2632,2637,18025.0,61,63914569.85473633,76701288.2232666,230910366.0583496,85119853.97338867
2633,2633,2638,18467.0,73,75344570.15991211,81839477.5390625,262581151.008606,89623703.956604
2634,2634,2639,18164.0,68,79128706.93206787,81292752.26593018,252583330.15441892,86347515.10620117
2635,2635,2640,18248.0,63,64441177.36816406,78598764.41955566,279292936.32507324,85370868.68286133
2636,2636,2641,18684.0,75,77601758.00323486,76869235.99243164,300859459.87701416,86261326.78985596
2637,2637,2642,18533.0,63,68464626.31225586,76285005.56945801,244146124.8397827,84591094.97070312
2638,2638,2643,18571.0,63,73224212.64648438,77298746.10900879,270706465.7211304,86063249.5880127
2639,2639,2644,18595.0,64,100341477.394104,82956438.0645752,260901656.15081787,91499591.82739258
2640,2640,2645,18493.0,68,92761664.39056396,78956977.84423828,281378873.82507324,87096035.00366211
2641,2641,2646,18277.0,67,85209572.79205322,79581067.08526611,269995243.07250977,89448181.15234375
2642,2642,2647,18300.0,61,70968532.56225586,77276515.96069336,244635200.50048828,84093189.23950195
2643,2643,2648,18262.0,63,62742450.71411133,71443046.56982422,224128849.02954105,80602519.98901367
2644,2644,2649,18232.0,62,71706989.28833008,79551586.15112305,293629600.52490234,86560695.64819336
2645,2645,2650,18047.0,64,68436138.15307617,70590972.90039062,211173575.40130612,76463869.09484863
2646,2646,2651,18180.0,66,90043179.51202393,75365966.796875,265348623.27575684,84018844.60449219
2647,2647,2652,18024.0,62,94087493.89648438,84033805.84716797,274543117.52319336,91895771.02661131
2648,2648,2653,18253.0,66,78276428.22265625,78863117.21801758,231124656.6772461,88461082.4584961
2649,2649,2654,18101.0,69,58727612.49542236,72175848.96087646,229047342.30041504,82909831.0470581
2650,2650,2655,18506.0,75,69781804.08477783,79158812.52288818,267287343.97888184,89855525.97045898
2651,2651,2656,18201.0,71,77019991.87469482,79509099.96032715,261354716.3009644,87929868.69812012
2652,2652,2657,18314.0,68,71852624.89318848,80917681.69403076,245950124.7406006,89139384.26971436
2653,2653,2658,18798.0,67,63498007.77435303,76541164.39819336,242515590.6677246,86247331.6192627
2654,2654,2659,18378.0,76,65027073.86016846,74958863.25836182,284279812.8128052,82847115.5166626
2655,2655,2660,18092.0,85,68502533.91265869,73796506.88171387,205573000.90789795,78358646.39282227
2656,2656,2661,18000.0,61,78674175.26245117,76202732.08618164,238151470.18432617,80996189.11743164
2657,2657,2662,18000.0,63,78079492.56896973,75288276.67236328,228099037.17041016,84721141.81518555
2658,2658,2663,18000.0,60,76019096.37451172,75234031.6772461,243786907.1960449,83940696.7163086
2659,2659,2664,18000.0,61,78851421.35620117,77752311.70654297,247472793.5791016,84321224.21264648
2660,2660,2665,17935.0,61,79562921.52404785,75443611.14501953,214635505.67626956,84008407.59277344
2661,2661,2666,18177.0,69,85012977.60009766,76838614.46380615,268325893.4020996,84988357.54394531
2662,2662,2667,18494.0,66,83288537.97912598,78767537.1170044,258815186.5005493,84680197.71575928
2663,2663,2668,18141.0,61,90285713.19580078,78259597.77832031,251017330.16967773,85973876.953125
2664,2664,2669,18169.0,75,79434966.08734131,76662581.44378662,257290038.10882568,84128025.05493164
2665,2665,2670,18000.0,61,63801596.64154053,74452400.20751953,216990080.83343503,81825271.60644531
2666,2666,2671,17656.0,67,63573087.69226074,73664517.40264893,211970764.16015625,78903569.22149658
2667,2667,2672,18045.0,63,68301995.27740479,70758958.81652832,214989748.00109863,79290546.41723633
2668,2668,2673,18196.0,67,74605718.6126709,72703016.28112793,277481231.6894531,79466018.67675781
2669,2669,2674,18366.0,66,85724339.48516846,76490029.33502197,250413573.26507568,86763179.77905273
2670,2670,2675,17867.0,74,86153073.31085205,72602543.83087158,244482688.9038086,79527746.20056152
2671,2671,2676,17970.0,66,84945434.5703125,72222113.60931396,218984791.75567627,79548361.77825928
2672,2672,2677,17699.0,68,85478727.34069824,73273543.35784912,247953945.1599121,79543656.34918213
2673,2673,2678,18086.0,70,94382167.81616212,77147802.35290527,255760613.4414673,85682516.09802246
2674,2674,2679,18587.0,84,100118113.51776125,78537944.79370117,270094052.3147583,87874024.39117432
2675,2675,2680,18004.0,74,89319092.75054932,74054203.03344727,267976006.50787356,83308547.0199585
2676,2676,2681,17933.0,70,90491830.82580566,76478456.49719238,232871953.9642334,83461441.04003906
2677,2677,2682,17686.0,59,91847486.49597168,76536613.46435547,237241264.3432617,83362140.65551758
2678,2678,2683,17574.0,68,92413015.3656006,74017554.28314209,224886626.2435913,80971709.25140381
2679,2679,2684,17569.0,78,89752239.22729492,76996818.54248047,234213076.5914917,85615092.27752686
2680,2680,2685,17295.0,60,83008046.15020752,77915897.36938477,234376158.71429443,84730968.4753418
2681,2681,2686,17866.0,65,78194437.98065186,74586739.5401001,222554228.7826538,84582704.54406738
2682,2682,2687,17972.0,63,86528189.65911865,77763423.91967773,242896738.05236816,85823867.79785156
2683,2683,2688,18097.0,72,87350440.9790039,79377370.83435059,236483609.19952396,88044610.02349854
2684,2684,2689,17796.0,78,83320885.65826416,76342298.50769043,238235256.1950684,85216546.05865479
2685,2685,2690,18130.0,66,82973751.06811523,74723636.62719727,235038450.24108887,83894083.02307129
2686,2686,2691,17993.0,65,89525758.74328613,78106227.87475586,247278076.171875,86349534.98840332
2687,2687,2692,17950.0,60,89113950.72937012,79535293.57910156,260391521.45385745,87576770.7824707
2688,2688,2693,17905.0,63,90178496.3607788,78646671.29516602,220659638.4048462,86367454.5288086
2689,2689,2694,18149.0,67,85833356.8572998,76914671.89788818,260247783.66088867,86060016.63208008
2690,2690,2695,17992.0,64,80625061.03515625,77144874.5727539,269201007.8430176,86800809.86022949
2691,2691,2696,17751.0,66,86003205.29937744,78590668.67828369,248478593.82629395,87578284.26361084
2692,2692,2697,18251.0,63,82541667.93823242,76875408.17260742,268417865.75317383,85477603.91235352
2693,2693,2698,17519.0,64,76073781.96716309,76312011.71875,202704764.3661499,81488897.3236084
2694,2694,2699,18418.0,68,79533368.11065674,78369503.02124023,237164337.15820312,87466329.57458496
2695,2695,2700,17776.0,68,79917744.63653564,74281933.78448486,199576676.36871335,80988062.85858154
2696,2696,2701,18020.0,63,85997666.35894775,77762884.14001465,232274052.61993408,86628473.28186035
2697,2697,2702,16517.0,82,70646650.31433105,70001403.80859375,229881042.48046875,77460220.33691406
2698,2698,2703,11562.0,124,37167426.109313965,46162702.560424805,161488750.45776367,50449437.14141846
2699,2699,2704,12885.0,78,62637690.54412842,49372051.23901367,187702634.81140137,55084458.35113525
2700,2700,2705,13555.0,65,75720321.65527344,56183424.949646,221600189.2089844,63812491.41693115
2701,2701,2706,13322.0,56,54426482.20062256,54646613.12103272,227042989.73083496,60627532.958984375
2702,2702,2707,12931.0,44,75390829.08630371,56421276.0925293,216468112.94555664,61431640.625
2703,2703,2708,13030.0,63,63724606.51397705,52730962.7532959,196452294.3496704,57540751.45721436
2704,2704,2709,12995.0,69,61955062.86621094,51719589.23339844,216867238.9984131,54821548.46191406
2705,2705,2710,13584.0,91,66234682.08312988,52971735.00061035,174495042.80090332,55207177.16217041
2706,2706,2711,14226.0,71,70006935.1196289,51347373.96240234,200418910.0265503,53570998.191833496
2707,2707,2712,14853.0,55,67299015.99884033,53361999.51171875,215403465.2709961,55485894.20318604
2708,2708,2713,15400.0,60,66512164.11590576,50166740.41748047,167304208.75549316,52181385.99395752
2709,2709,2714,15083.0,77,58311299.324035645,51158810.61553955,205292504.3106079,53318191.52832031
2710,2710,2715,16656.0,95,66084548.95019531,58887801.17034912,205255136.48986816,61572312.355041504
2711,2711,2716,16406.0,87,71811435.69946289,59530689.23950195,234031918.5256958,62968608.85620117
2712,2712,2717,16777.0,81,77978453.63616943,59258154.86907959,233032307.6248169,62955075.26397705
2713,2713,2718,16429.0,77,73476705.55114746,57568648.33831787,216481661.79656985,59633364.6774292
2714,2714,2719,16485.0,63,71616015.43426514,57378775.59661865,219434616.0888672,60899056.43463135
2715,2715,2720,16621.0,57,76158950.80566406,58122163.77258301,192418285.36987305,61798311.23352051
2716,2716,2721,16526.0,113,79724430.08422852,61461553.5736084,224638421.0586548,63764705.65795898
2717,2717,2722,16818.0,99,84890812.87384033,65410922.05047608,236227883.33892825,71649900.43640137
2718,2718,2723,16245.0,72,73530635.83374023,64397000.312805176,237624249.458313,69268275.2609253
2719,2719,2724,17553.0,118,92951497.0779419,77205384.25445557,307374630.92803955,88507629.39453125
2720,2720,2725,16848.0,71,100771800.99487305,77703566.5512085,308000167.8466797,85993342.39959717
2721,2721,2726,17038.0,65,106285663.60473631,78540978.43170166,282250708.5800171,87629798.88916016
2722,2722,2727,16679.0,69,87122339.24865723,71687258.72039795,255483825.68359372,82218457.22198486
2723,2723,2728,16938.0,63,70141124.7253418,69556827.54516602,216056441.30706787,81193069.45800781
2724,2724,2729,16832.0,64,95039183.61663818,79156684.87548828,277371603.9657593,84061125.75531006
2725,2725,2730,16714.0,81,89213204.3838501,77405357.36083984,263640283.58459476,83256005.28717041
2726,2726,2731,17355.0,82,83041168.21289062,70344158.17260742,282473875.0457764,79382061.00463867
2727,2727,2732,16827.0,74,84356312.75177002,69660061.83624268,270768137.93182373,80013007.16400146
2728,2728,2733,17746.0,76,106858639.71710204,75553648.94866943,300859568.59588623,88135478.97338867
2729,2729,2734,17123.0,65,98599224.09057616,73168568.61114502,345175695.4193115,92759334.56420898
2730,2730,2735,16643.0,59,107092885.97106934,85676170.3491211,281327730.178833,97432996.74987791
2731,2731,2736,15758.0,74,110951353.07312012,81511556.62536621,304539222.7172852,90909192.08526611
2732,2732,2737,14379.0,69,93352576.25579834,68387551.30767822,239701298.71368408,72227746.00982666
2733,2733,2738,13656.0,56,88750995.63598633,63520133.01849365,237106143.951416,70469000.81634521
2734,2734,2739,13533.0,55,90338569.64111328,62578219.41375733,254117401.12304688,68603240.01312256
2735,2735,2740,13180.0,56,87746642.11273193,62257173.53820801,235044775.00915527,67366107.94067383
2736,2736,2741,13453.0,49,78372002.60162354,64862779.61730957,244670894.62280276,69744259.83428955
2737,2737,2742,13812.0,79,68835393.90563965,58562895.77484131,217739932.0602417,65244957.92388916
2738,2738,2743,13995.0,68,83236028.67126465,62183723.44970703,259481274.60479736,66327259.0637207
2739,2739,2744,15972.0,74,86300684.92889404,66771861.07635498,268502167.7017212,72956236.83929443
2740,2740,2745,15895.0,70,86907980.91888428,67424119.94934082,235917536.73553467,73821962.35656738
2741,2741,2746,16351.0,83,94472476.0055542,75584702.49176025,269766494.75097656,80950064.65911865
2742,2742,2747,15839.0,60,91755676.26953124,75497955.32226562,217997444.15283203,81956947.32666016
2743,2743,2748,15619.0,66,90210076.33209229,69846031.18896484,260248748.77929688,75081173.89678955
2744,2744,2749,15352.0,63,75227974.8916626,67800554.2755127,251926849.3652344,75378007.88879395
2745,2745,2750,14455.0,62,67731784.82055664,64720285.41564941,244463420.86791992,71824863.43383789
2746,2746,2751,13880.0,74,46531311.03515625,62293009.757995605,214256763.45825195,69786956.78710938
2747,2747,2752,13783.0,64,61152008.05664063,66928273.20098877,227833577.1560669,71915248.87084961
2748,2748,2753,15349.0,77,64433641.43371582,71213743.20983887,207142135.6201172,76431159.97314453
2749,2749,2754,15213.0,74,68995847.70202637,74956855.77392578,240310315.1321411,79337331.77185059
2750,2750,2755,15714.0,69,62699530.601501465,74437799.45373535,222308878.8986206,79640833.8546753
2751,2751,2756,15860.0,73,62779317.85583496,75078053.47442627,231768527.0309448,81415175.43792725
2752,2752,2757,14921.0,54,54618278.50341797,69426939.01062012,187584989.5477295,76145145.41625977
2753,2753,2758,16018.0,76,81602890.96832275,79544409.75189209,242657165.52734372,89442994.11773682
2754,2754,2759,15597.0,58,90028289.79492188,82048843.38378906,250895666.1224365,87891858.10089111
2755,2755,2760,15215.0,62,76712282.18078613,79548919.67773438,246800963.40179443,86238664.6270752
2756,2756,2761,15488.0,74,66325582.50427246,77834239.9597168,242535687.44659424,85291137.6953125
2757,2757,2762,14752.0,75,63059329.986572266,77276415.82489014,216153927.80303955,87627557.7545166
2758,2758,2763,15265.0,59,57617464.06555176,79561764.71710205,207001460.0753784,83648064.61334229
2759,2759,2764,15163.0,52,62879451.75170898,81792490.95916748,213806161.8804932,88468814.84985352
2760,2760,2765,15152.0,60,65162644.386291504,85713716.50695801,201017921.4477539,87923751.83105469
2761,2761,2766,15709.0,63,57416684.1506958,81644327.16369629,212554162.0254517,86267036.43798828
2762,2762,2767,15872.0,66,62519966.12548828,69012044.90661621,253868757.2479248,74000190.73486328
2763,2763,2768,9604.0,60,24760865.211486816,39046745.30029297,86252738.95263672,40047369.956970215
2764,2764,2769,16787.0,57,50026699.06616211,62054537.77313232,192949218.75,66196835.5178833
2765,2765,2770,16656.0,82,80391019.82116699,67269297.59979248,286961119.65179443,74503963.47045898
2766,2766,2771,16090.0,60,95713367.4621582,74359268.18847656,228717627.5253296,79329948.42529297
2767,2767,2772,15736.0,61,86786468.50585938,73049936.29455566,255128317.8329468,79060021.40045166
2768,2768,2773,14445.0,59,52771031.37969971,64458561.89727783,188969898.22387692,67064667.70172119
2769,2769,2774,14238.0,59,56022155.76171875,64812742.23327637,224784150.1235962,67594983.10089111
2770,2770,2775,15963.0,61,84739295.00579834,73134934.425354,246767639.16015625,76410646.43859863
2771,2771,2776,15900.0,53,62121677.39868164,71053504.94384766,223948287.9638672,74501609.8022461
2772,2772,2777,15883.0,53,57008766.174316406,70243783.95080566,208753154.75463867,73368812.56103516
2773,2773,2778,15957.0,57,64619216.91894531,70424902.91595459,245447206.4971924,72900384.9029541
2774,2774,2779,15948.0,60,61101911.544799805,69820273.39935303,203352634.42993164,73909911.15570068
2775,2775,2780,14913.0,54,62398845.67260742,63702964.78271485,204714728.3554077,65856683.7310791
2776,2776,2781,13326.0,104,43751334.19036865,53484577.17895508,156662370.6817627,55247763.63372803
2777,2777,2782,13773.0,91,57876891.13616943,53770724.296569824,170094475.7461548,55006361.961364746
2778,2778,2783,14402.0,90,66292317.390441895,55177239.418029785,197422421.4553833,56756968.49822998
2779,2779,2784,15603.0,70,64869194.03076172,55760085.105896,193873875.61798096,59465861.320495605
2780,2780,2785,15496.0,67,69478694.91577148,56333265.30456543,246938010.21575928,64750507.35473633
2781,2781,2786,15874.0,71,96649793.62487791,60940667.15240479,254636484.14611816,65508978.843688965
2782,2782,2787,14987.0,57,94899085.99853516,61399579.04815674,236145542.1447754,66053294.18182373
2783,2783,2788,14234.0,54,62176053.047180176,59997259.14001465,253978781.70013428,64335762.02392578
2784,2784,2789,14325.0,51,85630849.83825684,64409646.98791504,200992170.3338623,66841726.303100586
2785,2785,2790,13689.0,51,70545208.93096924,60173910.14099121,297676640.5105591,64405515.67077637
2786,2786,2791,13755.0,63,62768021.58355713,56894577.02636719,167693602.56195068,58104392.05169678
2787,2787,2792,15578.0,68,77067653.65600586,64750144.00482178,241627052.3071289,70367521.28601074
2788,2788,2793,15180.0,53,82950875.2822876,67513451.57623291,228002382.2784424,71907351.49383545
2789,2789,2794,15583.0,70,88475870.13244629,68899629.59289551,258786164.28375244,73666032.7911377
2790,2790,2795,15085.0,54,65413681.03027344,65120459.55657959,196635395.05004883,71208791.73278809
2791,2791,2796,13938.0,64,65691256.52313232,61088994.02618408,207765994.07196045,65223138.8092041
2792,2792,2797,12047.0,75,43880763.05389404,47419370.65124512,149162136.07788086,48246191.02478027
2793,2793,2798,13375.0,99,58400763.51165772,50502371.7880249,202164169.31152344,53964523.31542969
2794,2794,2799,13433.0,88,71662010.1928711,54030167.57965088,196302452.08740237,56467822.07489014
2795,2795,2800,13403.0,72,71111904.14428711,56659079.55169678,217420190.81115723,61403354.64477539
2796,2796,2801,14243.0,67,86226690.2923584,62671125.411987305,249476889.61029053,67629961.96746826
2797,2797,2802,13675.0,70,89018190.38391113,62087491.03546143,243281228.06549072,66355133.05664063
2798,2798,2803,13500.0,45,65108871.45996094,61423015.59448242,242433071.1364746,66221809.38720703
2799,2799,2804,13725.0,63,80753215.78979492,61681024.5513916,235026977.5390625,65099503.51715088
2800,2800,2805,13898.0,68,84974853.515625,59411771.77429199,214743630.40924072,62606656.074523926
2801,2801,2806,13695.0,59,58157217.97943115,57571221.351623535,171626519.20318604,63364482.87963867
2802,2802,2807,13085.0,49,72002924.91912842,58237345.695495605,199136611.93847656,61200140.953063965
2803,2803,2808,14127.0,92,88487251.28173828,61703470.23010254,232328767.7764893,66206911.08703613
2804,2804,2809,13643.0,61,82092144.96612549,62311676.97906494,224629534.7213745,68013043.40362549
2805,2805,2810,13372.0,45,93469688.41552734,63911006.92749024,242040447.23510745,68634685.51635742
2806,2806,2811,13210.0,47,86109283.44726562,62908559.799194336,245435361.86218265,68432622.9095459
2807,2807,2812,13200.0,45,71145107.26928711,62058448.79150391,233035789.4897461,67409133.91113281
2808,2808,2813,13200.0,44,84063148.49853516,62434387.20703125,237361049.6520996,67314434.05151367
2809,2809,2814,13195.0,45,90539303.77960204,62375451.08795166,233726496.69647217,66315647.12524414
2810,2810,2815,13120.0,52,76514492.98858643,58308744.43054199,238756896.97265625,62074420.92895508
2811,2811,2816,13827.0,78,65134092.33093262,60814463.61541748,217339029.3121338,65765821.45690918
2812,2812,2817,13822.0,88,76342130.66101074,61035425.18615723,207619899.74975583,63784728.05023193
2813,2813,2818,13498.0,92,84022450.44708252,60561141.96777344,283314064.9795532,64779189.109802246
2814,2814,2819,13888.0,60,81432271.95739746,59738821.029663086,222089213.3712769,65598476.40991211
2815,2815,2820,13588.0,62,58536072.73101807,57090890.88439941,221403858.18481445,62012240.409851074
2816,2816,2821,14083.0,55,96813325.881958,61598529.81567383,203468967.4377441,65357164.38293457
2817,2817,2822,13352.0,50,88178328.51409912,64945913.314819336,268051830.29174805,68348319.0536499
2818,2818,2823,12913.0,48,78294591.90368652,64907958.984375,203432302.4749756,67286616.32537842
2819,2819,2824,12900.0,43,83648014.06860352,64721202.8503418,227907371.5209961,68109512.32910156
2820,2820,2825,12900.0,43,95361900.32958984,65308856.96411133,273226547.24121094,67800521.85058594
2821,2821,2826,13779.0,77,73372600.55541992,66248145.10345459,256273109.4360352,70595117.56896973
2822,2822,2827,13972.0,77,58359339.71405029,65698972.70202637,198996983.5281372,67824982.64312744
2823,2823,2828,13652.0,65,77265007.97271729,67424316.40625,253784675.59814453,72652198.7915039
2824,2824,2829,13453.0,56,75884381.29425049,76113199.23400879,247341068.26782227,79902688.02642822
2825,2825,2830,13553.0,55,94356784.82055664,75899346.35162354,264142925.2624512,79342764.85443115
2826,2826,2831,12819.0,57,81676046.37145996,69953043.9376831,261421064.37683105,72919890.40374756
2827,2827,2832,12441.0,65,74965112.68615723,62853642.46368408,251404638.29040527,69333286.28540039
2828,2828,2833,12681.0,71,93516234.39788818,63712699.89013672,238425652.5039673,68398717.88024902
2829,2829,2834,12657.0,61,95291242.5994873,64922628.40270996,233189954.75769043,70240086.55548096
2830,2830,2835,12600.0,42,83473777.7709961,64647102.35595703,241319847.1069336,69208431.24389648
2831,2831,2836,12463.0,42,57441668.51043701,61902190.20843506,217006653.7857056,66691069.60296631
2832,2832,2837,12317.0,46,84409029.00695801,63557155.60913086,242460359.57336423,67831578.2546997
2833,2833,2838,12877.0,75,94522166.25213625,65104283.33282471,237502056.12182617,69396302.22320557
2834,2834,2839,12337.0,43,93250767.7078247,64895488.73901367,243083570.48034668,70069442.74902344
2835,2835,2840,12184.0,41,72792530.05981445,64734565.73486328,242876022.3388672,70175735.47363281
2836,2836,2841,11983.0,49,73653673.17199707,61480951.3092041,256418869.0185547,65178358.07800293
2837,2837,2842,13509.0,68,58253871.91772461,63318398.47564697,227029639.2440796,74947746.27685547
2838,2838,2843,13451.0,82,60824172.019958496,62966110.22949219,209638839.7216797,64946611.40441895
2839,2839,2844,14250.0,68,62793264.389038086,64204587.93640137,181972986.22131348,66112953.18603516
2840,2840,2845,13980.0,80,83663413.04779053,64614887.23754883,232644383.43048096,67113715.17181396
2841,2841,2846,13997.0,69,89376057.6248169,64882975.578308105,258875235.55755612,67424426.07879639
2842,2842,2847,14637.0,66,81725534.43908691,65196805.95397949,248012100.21972656,67341072.08251953
2843,2843,2848,15608.0,70,82372121.81091309,67796190.26184082,208666878.70025635,69974893.56994629
2844,2844,2849,15023.0,85,70170200.34790039,56515436.17248535,238868890.7623291,58705773.35357666
2845,2845,2850,15721.0,84,68953397.75085449,54800342.55981445,221660771.36993408,56656911.84997559
2846,2846,2851,16139.0,78,68368866.92047119,56512562.75177002,230194697.38006592,58934971.80938721
2847,2847,2852,15642.0,56,71377910.61401367,54978564.26239014,208538455.9631348,57082598.68621826
2848,2848,2853,15663.0,58,58084984.77935791,56573820.11413574,235854405.4031372,59555315.97137451
2849,2849,2854,16301.0,84,52204916.95404053,57255951.88140869,259143421.1730957,60976164.81781006
2850,2850,2855,16069.0,82,52606293.67828369,56968313.217163086,241931686.4013672,63487776.75628662
2851,2851,2856,15652.0,82,72873679.16107178,66554958.34350586,253622247.69592285,68657298.08807373
2852,2852,2857,15957.0,70,82636069.29779053,67781575.2029419,227089207.64923096,72483209.60998535
2853,2853,2858,16526.0,66,97689657.21130373,69887162.20855713,258357069.96917725,78380613.32702637
2854,2854,2859,16260.0,79,69385092.73529053,58084158.8973999,332439356.80389404,61800045.96710205
2855,2855,2860,16040.0,69,65302955.627441406,63154310.22644043,210467620.84960935,66690616.607666016
2856,2856,2861,16436.0,82,87425415.99273682,67210065.8416748,288551085.47210693,71857340.8126831
2857,2857,2862,16572.0,62,89879597.6638794,71427306.17523193,263880523.68164065,75178565.02532959
2858,2858,2863,16488.0,59,102251887.32147215,73632456.77947998,231981276.512146,77002578.73535156
2859,2859,2864,15708.0,69,99040706.63452148,66653582.57293701,233897864.34173584,73777166.36657715
2860,2860,2865,15465.0,63,93425529.47998048,63529806.13708496,269344247.8179932,67886722.56469727
2861,2861,2866,15871.0,68,98879247.66540527,67798884.39178467,276362478.2562256,74912629.12750244
2862,2862,2867,15683.0,64,69508872.03216553,69185173.98834229,195155655.86090088,72777198.7915039
2863,2863,2868,15461.0,71,61508831.97784424,61117502.212524414,168903448.1048584,62280523.3001709
2864,2864,2869,15662.0,62,68042474.7467041,62479908.94317627,220154886.24572757,66572227.478027344
2865,2865,2870,15697.0,68,72180453.30047607,60571820.25909424,209123322.48687744,62973306.65588379
2866,2866,2871,15770.0,62,71447370.5291748,63058413.5055542,232157601.35650635,65147836.68518066
2867,2867,2872,15600.0,52,79898071.2890625,62077617.64526367,220694732.6660156,64952945.70922852
2868,2868,2873,15407.0,59,66158920.28808594,59353248.596191406,214935590.74401852,63513269.42443848
2869,2869,2874,15194.0,52,58080763.816833496,58743606.56738281,162916680.33599854,61814994.81201172
2870,2870,2875,16094.0,63,89286483.76464844,61733329.77294922,294238050.4608154,64492794.99053955
2871,2871,2876,15604.0,58,85873374.93896484,58462005.615234375,236475147.24731445,62465690.61279297
2872,2872,2877,15554.0,54,89586342.81158447,65190956.115722656,388343746.18530273,70716812.13378906
2873,2873,2878,15087.0,60,91706372.26104736,68104621.88720703,250920805.9310913,69630419.73114014
2874,2874,2879,15012.0,63,75889759.0637207,64073261.26098633,221331029.89196777,69384062.76702881
2875,2875,2880,15069.0,66,83451035.49957275,60111063.95721436,233771677.97088623,62721955.29937744
2876,2876,2881,14959.0,56,99401296.6156006,61394419.67010498,283796188.3544922,62987934.11254883
2877,2877,2882,14464.0,53,76053912.16278076,57885369.300842285,251014991.7602539,61901603.69873047
2878,2878,2883,14804.0,54,89648999.21417236,67632059.09729004,273794641.494751,71316926.00250244
2879,2879,2884,14502.0,52,89230493.54553223,64050599.09820557,270867946.62475586,68879545.21179199
2880,2880,2885,14672.0,69,68507825.85144043,56680543.89953613,203311430.9310913,58709756.85119629
2881,2881,2886,14960.0,61,74120963.09661865,61966471.672058105,183621567.72613525,66278673.17199707
2882,2882,2887,14470.0,60,68578280.44891357,59441219.329833984,223275351.52435303,61904573.44055176
2883,2883,2888,14862.0,68,68936861.99188232,59706269.26422119,192413178.4439087,63134285.92681885
2884,2884,2889,14906.0,71,70168923.37799072,62030250.549316406,186116223.3352661,65405330.65795898
2885,2885,2890,14726.0,52,57642703.05633545,59238480.56793213,178774540.90118408,62158620.834350586
2886,2886,2891,14789.0,70,67418191.90979004,58996995.92590332,190923235.8932495,63504239.082336426
2887,2887,2892,15483.0,76,67184673.30932617,56077213.28735352,199255993.8430786,59162319.18334961
2888,2888,2893,15873.0,75,69578825.95062256,57795855.52215576,231418804.1687012,63748697.28088379
2889,2889,2894,15419.0,57,82451519.01245117,65795160.2935791,236686636.92474365,71795485.496521
2890,2890,2895,15305.0,68,99851454.73480225,67781532.28759766,270267846.1074829,71008596.42028809
2891,2891,2896,14688.0,60,89289348.60229492,62674869.53735352,217301398.2772827,65306071.28143311
2892,2892,2897,14742.0,63,95214647.29309082,66860960.00671387,229135194.7784424,72121733.66546631
2893,2893,2898,13630.0,61,69252438.54522705,57492856.0256958,524899949.0737915,61090537.07122803
2894,2894,2899,14347.0,74,60096830.36804199,54405130.38635254,188555319.78607175,57179433.82263184
2895,2895,2900,14776.0,83,68016565.32287598,56540533.0657959,204022672.65319824,59679509.16290283
2896,2896,2901,14986.0,56,72852376.93786621,57833237.648010254,213364273.07128903,61141838.07373047
2897,2897,2902,15373.0,54,71878566.74194336,59007569.31304932,193417671.20361328,62027722.35870361
2898,2898,2903,15329.0,59,67884936.33270264,57905220.03173828,226429981.23168945,60778138.16070557
2899,2899,2904,15719.0,60,73162164.68811035,60439129.82940674,210224658.0123901,63542984.96246338
2900,2900,2905,15444.0,53,66840955.73425293,57085736.27471924,197573233.60443115,61015895.84350586
2901,2901,2906,14793.0,61,62101973.53363037,51755559.92126465,180626724.2431641,53103564.26239014
2902,2902,2907,14705.0,64,54153069.49615479,53053507.804870605,182731550.2166748,54570343.97125244
2903,2903,2908,15932.0,69,84354581.83288574,70981670.37963867,255478878.97491452,76473248.48175049
2904,2904,2909,15547.0,57,98457966.8045044,74316205.02471924,277581117.6300049,77500619.88830566
2905,2905,2910,15312.0,53,97643217.086792,74382774.35302734,304519802.09350586,77003656.3873291
2906,2906,2911,15707.0,56,99907513.61846924,75053318.97735596,236847355.84259036,77391144.75250244
2907,2907,2912,15536.0,52,64375919.342041016,61588569.64111328,247904701.23291016,76392669.67773438
2908,2908,2913,15684.0,66,75184690.47546387,60134940.1473999,278188314.4378662,66888391.49475098
2909,2909,2914,15630.0,57,85078455.9249878,63848410.60638428,255269133.5678101,67061827.65960693
2910,2910,2915,15385.0,54,62374180.79376221,53263889.31274414,232169448.85253903,64004409.79003906
2911,2911,2916,15406.0,56,96692328.45306396,72963897.70507812,317507610.3210449,78703970.90911865
2912,2912,2917,14983.0,53,103572298.04992676,73656307.22045898,338377006.5307617,76392709.73205566
2913,2913,2918,14412.0,49,99513364.79187012,72100284.57641602,279494174.9572754,75328754.42504883
2914,2914,2919,15242.0,79,88551414.4897461,66317604.064941406,241474252.7008057,68461189.27001953
2915,2915,2920,15907.0,77,76650244.71282959,61025965.69061279,233639040.94696045,70665517.80700684
2916,2916,2921,16138.0,93,82619881.62994385,62810935.97412109,228787067.41333008,69953360.55755615
2917,2917,2922,17110.0,84,80936263.08441162,70299619.67468262,269716196.06018066,75804733.27636719
2918,2918,2923,16894.0,73,77538414.95513916,66681209.56420898,258352161.4074707,73681604.38537598
2919,2919,2924,17066.0,68,85405324.93591309,65048597.33581543,272239101.4099121,71907155.99060059
2920,2920,2925,16692.0,74,74061612.12921143,60869971.27532959,234223021.5072632,67593336.10534668
2921,2921,2926,15779.0,63,71657574.65362549,58620130.53894043,226941425.32348636,64892895.69854736
2922,2922,2927,15860.0,71,70638771.0571289,58563619.61364746,254561100.00610352,63884914.39819336
2923,2923,2928,16278.0,86,60888678.550720215,56815154.07562256,219900028.22875977,61548195.83892822
2924,2924,2929,16755.0,90,70828375.81634521,56989480.97229004,228850943.56536865,60782240.867614746
2925,2925,2930,15940.0,72,67369295.12023926,57484786.98730469,217744106.2927246,61174884.79614258
2926,2926,2931,16824.0,87,57605352.4017334,57216041.564941406,233460913.6581421,62972374.91607666
2927,2927,2932,16006.0,63,80454867.36297607,66148299.21722412,287080596.9238281,69710333.82415771
2928,2928,2933,16172.0,88,60474033.35571289,59324562.07275391,234435512.5427246,68650034.90447998
2929,2929,2934,16509.0,85,72211832.04650879,59979467.39196777,212937426.56707764,63026054.38232422
2930,2930,2935,17277.0,84,68526022.91107178,58655562.40081787,272119880.67626953,64537201.88140869
2931,2931,2936,16252.0,80,76500461.57836914,59703039.16931152,256192478.17993164,64170554.16107178
2932,2932,2937,17002.0,80,76902335.16693115,60044264.793396,256289265.6326294,64945583.34350586
2933,2933,2938,16492.0,67,70269004.82177734,55658532.14263916,246763011.93237305,58971967.69714356
2934,2934,2939,15827.0,66,54398008.34655762,51393712.99743652,201782194.13757324,53079536.43798828
2935,2935,2940,15629.0,70,58391814.23187256,51152400.01678467,224494263.6489868,53326369.285583496
2936,2936,2941,15988.0,61,62903069.49615479,50858095.16906738,200471651.0772705,53276517.86804199
2937,2937,2942,16066.0,73,64320837.97454834,51833407.402038574,230929593.08624268,54132135.39123535
2938,2938,2943,15860.0,62,66257515.9072876,52668380.73730469,245637102.1270752,55180254.93621826
2939,2939,2944,15681.0,68,58376471.519470215,52301753.04412842,204362389.56451416,54608528.13720703
2940,2940,2945,15437.0,66,64335449.21875,51011880.87463379,234934957.5042725,52439375.87738037
2941,2941,2946,15903.0,94,65609258.6517334,53013209.34295654,253234127.04467773,54515529.63256836
2942,2942,2947,15899.0,103,78870832.4432373,54708223.34289551,239240666.38946533,57253610.61096192
2943,2943,2948,15761.0,75,80234924.31640625,53854774.475097656,228152559.2803955,56878603.9352417
2944,2944,2949,15153.0,56,62965448.3795166,52444448.471069336,195384996.41418457,53935739.51721192
2945,2945,2950,15366.0,71,64117875.09918213,53037488.93737793,281696413.99383545,55452068.32885742
2946,2946,2951,15029.0,70,62882924.07989502,50430763.244628906,228350535.39276123,52457135.20050049
2947,2947,2952,15181.0,59,69213360.78643799,55241426.46789551,193523109.4360352,56800263.40484619
2948,2948,2953,14991.0,71,66162964.82086182,51453072.5479126,192150899.88708496,52818943.97735596
2949,2949,2954,15000.0,66,59425764.08386231,51856846.80938721,193247338.2949829,53767935.75286865
2950,2950,2955,16532.0,70,72450069.42749023,55270366.66870117,242127281.18896484,57021173.47717285
2951,2951,2956,15931.0,90,75811578.75061035,53642611.503601074,259491456.98547363,56685338.97399902
2952,2952,2957,16066.0,82,73791355.13305664,60931048.39324951,236394804.0008545,64894550.32348633
2953,2953,2958,15866.0,67,66946445.46508789,56552440.64331055,217088710.7849121,57817360.87799072
2954,2954,2959,15345.0,75,72981502.53295898,57466132.164001465,212171730.0415039,58973952.293396
2955,2955,2960,15961.0,86,74772904.39605713,58788705.825805664,230585288.04779053,62119111.06109619
2956,2956,2961,15824.0,63,64717111.587524414,61246298.78997803,218191740.98968503,64624564.1708374
2957,2957,2962,15864.0,76,76807049.75128174,59120459.55657959,207918140.41137692,64069221.49658203
2958,2958,2963,15658.0,83,83824964.52331543,56430219.65026856,192592752.45666504,57650289.53552246
2959,2959,2964,15773.0,70,77447211.26556396,55905857.08618164,265141881.94274905,58031871.7956543
2960,2960,2965,15505.0,75,79074600.21972656,55242427.82592773,213561442.3751831,57700132.36999512
2961,2961,2966,15257.0,73,85088656.42547607,59067365.64636231,236923861.50360107,63157896.04187012
2962,2962,2967,15271.0,82,83784291.26739502,61217823.02856445,234637056.350708,62629566.19262695
2963,2963,2968,15389.0,71,72609639.16778564,56633187.29400635,206044753.074646,60919589.04266357
2964,2964,2969,15507.0,74,75553895.95031738,57557044.02923584,193541930.19866943,60383197.78442383
2965,2965,2970,15154.0,61,89163128.85284424,60257963.18054199,276385683.0596924,62341501.23596192
2966,2966,2971,14997.0,73,85203202.24761963,60465205.19256592,223189969.0628052,62455583.572387695
2967,2967,2972,15000.0,71,92603631.01959229,58770272.25494385,251891913.41400144,65506263.73291016
2968,2968,2973,14832.0,58,92514403.34320068,58184784.88922119,221367672.92022705,62565303.80249024
2969,2969,2974,14678.0,49,83489791.87011719,60049598.693847656,239308059.6923828,63611717.22412109
2970,2970,2975,14419.0,53,80502666.47338867,57390901.56555176,275003952.0263672,59962045.669555664
2971,2971,2976,14729.0,69,80586884.49859619,55167180.06134033,241871584.89227292,58765188.217163086
2972,2972,2977,15043.0,59,86213111.8774414,61333252.90679932,263603145.59936523,65917445.18280029
2973,2973,2978,15054.0,67,86245252.60925293,62729005.81359863,267988649.36828613,66579029.08325195
2974,2974,2979,15253.0,59,82313642.50183105,60299983.02459717,211953626.63269043,63655712.12768555
2975,2975,2980,14827.0,51,81700165.74859619,56079540.25268555,236808853.1494141,60990848.541259766
2976,2976,2981,14926.0,58,83931208.61053467,58258408.54644776,229351322.17407227,62010657.31048584
2977,2977,2982,15383.0,88,89626215.93475342,61432489.3951416,294009280.20477295,65210965.156555176
2978,2978,2983,14962.0,63,88974401.47399902,62124041.55731201,218613794.32678223,67634116.17279053
2979,2979,2984,15129.0,51,90681873.3215332,65312232.971191406,289171337.12768555,71865703.58276367
2980,2980,2985,14831.0,50,85832614.89868164,61506080.627441406,243032890.31982425,66404632.568359375
2981,2981,2986,14810.0,61,69180738.44909668,61222075.46234131,229449607.8491211,65728318.2144165
2982,2982,2987,14839.0,60,62699770.9274292,60303035.736083984,227462930.6793213,64899096.48895264
2983,2983,2988,15487.0,73,67811553.00140381,59307722.091674805,236051612.8540039,64883912.08648682
2984,2984,2989,15233.0,64,62275490.76080322,61077865.60058594,254107739.44854736,65286724.09057617
2985,2985,2990,15102.0,71,59121055.603027344,58610465.04974365,245833575.24871823,62886289.59655762
2986,2986,2991,15042.0,58,70257418.63250732,59371377.94494629,235658701.89666748,63951046.94366455
2987,2987,2992,15580.0,74,70248397.82714844,60840761.18469238,245595255.8517456,65750660.89630127
2988,2988,2993,15345.0,61,73893781.6619873,61636281.01348877,245584682.4645996,66136622.42889404
2989,2989,2994,14887.0,57,77635231.97174072,59836922.64556885,306144940.37628174,68224229.81262207
2990,2990,2995,15189.0,68,89381851.19628906,63376144.40917969,235408888.8168335,67378696.44165039
2991,2991,2996,15392.0,60,84891649.24621582,64376510.62011719,270645828.2470703,68890707.01599121
2992,2992,2997,15718.0,69,80104300.4989624,63956695.55664063,245318507.19451904,68470813.7512207
2993,2993,2998,15013.0,58,70772480.01098633,63729114.5324707,222587345.12329105,68296678.54309082
2994,2994,2999,15547.0,65,78414533.6151123,66868140.22064209,228444080.3527832,74898027.42004395
2995,2995,3000,16390.0,82,84324168.20526123,70811149.59716797,263364389.4195557,74736104.01153564
2996,2996,3001,16697.0,61,83604236.6027832,68905296.3256836,237105492.5918579,74425783.15734863
2997,2997,3002,16218.0,55,87524834.63287354,69967672.34802246,243700118.0648804,74578227.99682617
2998,2998,3003,15917.0,59,82718629.83703613,72213778.49578857,253656541.8243408,76877017.97485352
2999,2999,3004,15900.0,54,86059238.43383789,73378833.77075195,249258678.4362793,77642599.10583496
3000,3000,3005,15900.0,53,88560962.67700195,72162437.43896484,233234596.2524414,76923179.62646484
3001,3001,3006,15900.0,53,84819602.9663086,68596744.53735352,273018264.7705078,73528575.8972168
3002,3002,3007,15900.0,53,84025382.99560547,70552539.82543945,239459896.08764648,75914955.13916016
3003,3003,3008,15452.0,55,85898939.13269043,69474369.04907227,260323595.04699707,74344863.89160156
3004,3004,3009,14867.0,60,42937691.6885376,56653172.49298096,182172306.06079105,61079353.33251953
3005,3005,3010,14564.0,59,74302590.37017822,53932281.49414063,211318466.18652344,57584097.86224365
3006,3006,3011,15050.0,86,79885280.60913086,57271405.22003174,237718592.6437378,60748091.69769287
3007,3007,3012,14667.0,64,65238969.802856445,56169374.46594238,214085873.6038208,59678855.895996094
3008,3008,3013,14404.0,49,77159263.61083984,55860660.55297852,260457435.60791016,60420848.84643555
3009,3009,3014,14664.0,77,66600271.22497559,57259543.41888428,241948815.34576416,61643654.82330322
3010,3010,3015,13858.0,88,51893214.22576904,51620278.35845947,180008595.46661377,53947135.92529297
3011,3011,3016,14952.0,79,48812769.88983154,51358093.26171875,220163353.9199829,55872359.27581787
3012,3012,3017,14902.0,76,57655964.8513794,55273887.634277344,195595299.72076416,59160715.10314941
3013,3013,3018,15122.0,80,74125391.96014404,61262198.44818115,326127045.6314087,61152873.039245605
3014,3014,3019,15293.0,56,76743276.59606934,63447284.69848633,227956412.31536865,65325269.69909668
3015,3015,3020,14998.0,56,65915779.11376953,60376302.71911621,229209682.4645996,60904611.587524414
3016,3016,3021,15202.0,52,62651204.109191895,61581934.92889404,196408653.2592773,61648224.83062744
3017,3017,3022,15398.0,73,75952734.94720459,59552119.25506592,264893029.2129517,63484370.23162842
3018,3018,3023,14854.0,54,90082750.32043456,57805129.051208496,247093933.10546875,65578310.9664917
3019,3019,3024,15087.0,77,82269054.4128418,57800140.380859375,252720178.604126,63747903.82385254
3020,3020,3025,14700.0,50,89043716.43066406,60672855.37719727,232550601.9592285,67229064.94140625
3021,3021,3026,14704.0,52,94153128.6239624,63005661.01074219,253443726.53961185,66672013.28277588
3022,3022,3027,14856.0,69,90443702.6977539,61176768.30291748,258223081.58874512,64844327.92663574
3023,3023,3028,14991.0,92,67874773.0255127,60186944.96154785,247022670.7458496,65186318.39752197
3024,3024,3029,14870.0,73,81777530.67016602,62167521.476745605,240674661.6363525,66340502.73895264
3025,3025,3030,14932.0,84,83767001.15203857,63590313.91143799,264649136.54327396,67891180.99212646
3026,3026,3031,14679.0,62,67706991.19567871,59164853.0960083,242696864.1281128,66433127.40325928
3027,3027,3032,14689.0,93,84586013.79394531,62252714.15710449,240318354.6066284,66937397.00317383
3028,3028,3033,14125.0,48,84436736.10687256,62505660.05706787,303385997.7722168,66007708.54949951
3029,3029,3034,13651.0,68,77519169.80743408,54689414.02435303,199734290.12298584,62058638.57269287
3030,3030,3035,13703.0,72,75386357.30743408,53943737.98370361,229677611.3510132,59995615.95916748
3031,3031,3036,13500.0,45,83247184.75341797,57331752.77709961,288667201.9958496,61524581.90917969
3032,3032,3037,13629.0,64,75714865.68450928,57547300.33874512,271838216.7816162,61710366.24908447
3033,3033,3038,14217.0,83,80934056.28204346,57303267.47894287,241601945.8770752,65605310.44006348
3034,3034,3039,14229.0,51,81873928.07006836,58006621.36077881,268613534.92736816,64195011.138916016
3035,3035,3040,14100.0,47,84797859.19189453,59290409.088134766,254780960.0830078,63146209.71679688
3036,3036,3041,14069.0,47,81413611.41204834,59768997.19238281,263690803.52783203,63569906.23474121
3037,3037,3042,13806.0,48,77686935.42480469,57917293.548583984,228268218.99414065,64279928.20739746
3038,3038,3043,14053.0,58,76695767.40264893,56640015.60211182,251828143.119812,61497711.18164063
3039,3039,3044,14716.0,67,70445912.36114502,58485523.22387695,201309988.0218506,63834612.84637451
3040,3040,3045,14452.0,49,74604003.90625,60439460.75439453,239714923.85864255,64931838.98925781
3041,3041,3046,14572.0,75,87542797.08862305,61716358.18481445,280660051.3458252,65701756.47735596
3042,3042,3047,14082.0,58,86636281.01348877,57592757.22503662,219095528.6026001,65082943.9163208
3043,3043,3048,15049.0,59,80823471.06933594,60853569.03076172,225035348.8922119,67435438.15612793
3044,3044,3049,14700.0,49,73943710.32714844,60387039.18457031,233596801.7578125,68137550.3540039
3045,3045,3050,14804.0,58,74978051.18560791,56980788.230896,240751932.14416504,60141924.85809326
3046,3046,3051,15633.0,86,70133293.15185547,57338354.11071777,225152038.57421875,61035312.65258789
3047,3047,3052,15128.0,73,68954195.02258301,55622494.6975708,232383192.06237796,59312725.06713867
3048,3048,3053,15109.0,79,80080266.95251465,56813111.30523682,255547416.6870117,61598959.92279053
3049,3049,3054,14881.0,61,49678112.0300293,55823293.685913086,182199615.4785156,58972490.31066895
3050,3050,3055,14471.0,50,71212291.7175293,55823066.71142578,221048572.5402832,59948411.94152832
3051,3051,3056,14458.0,78,85479790.68756104,59475429.53491211,232921509.7427368,64558697.70050049
3052,3052,3057,14372.0,69,57508304.59594727,56767953.87268066,244680477.142334,62991653.44238281
3053,3053,3058,14258.0,62,67643137.93182373,55580082.89337158,216733867.64526367,62772569.65637207
3054,3054,3059,13967.0,59,72264148.7121582,58030569.076538086,249183189.39208984,61605918.884277344
3055,3055,3060,13978.0,58,82933115.95916748,58401809.69238281,243708267.2119141,62568506.24084473
3056,3056,3061,14281.0,74,76103744.50683594,60142334.93804932,231310285.5682373,64057408.33282471
3057,3057,3062,14100.0,47,86483001.70898438,61791229.24804688,233096122.7416992,65326309.20410156
3058,3058,3063,13648.0,52,88289328.57513428,61486149.78790283,252551231.3842773,65463685.98937988
3059,3059,3064,13500.0,45,74264717.10205078,60442256.92749024,273999023.4375,65609264.3737793
3060,3060,3065,13500.0,46,90951881.4086914,62146568.29833984,238809585.57128903,65948257.44628906
3061,3061,3066,13500.0,45,90936756.1340332,62677001.953125,250664806.3659668,66553688.049316406
3062,3062,3067,13284.0,49,67972166.06140137,56785653.11431885,206188182.83081052,60846703.52935791
3063,3063,3068,13200.0,44,53053951.26342773,53989791.87011719,218273735.04638672,57335186.00463867
3064,3064,3069,14565.0,65,72071330.0704956,58074408.531188965,256000885.96343997,62517653.465271
3065,3065,3070,15336.0,105,68256872.17712402,60650749.20654297,229780017.8527832,65651110.64910889
3066,3066,3071,15024.0,72,85308124.54223633,61254505.1574707,256081367.49267575,65701997.75695801
3067,3067,3072,15529.0,60,70610577.58331299,62423135.75744629,251127319.3359375,68293961.52496338
3068,3068,3073,14635.0,59,61677729.60662842,54630477.90527344,202282193.18389893,58312969.20776367
3069,3069,3074,15069.0,72,91959801.67388916,65009452.81982422,276886303.9016724,68451288.2232666
3070,3070,3075,15677.0,78,58670829.77294922,61306521.41571045,216896510.1242065,70393270.49255371
3071,3071,3076,15856.0,69,77627491.95098877,68749635.69641113,383555871.00982666,72782194.13757324
3072,3072,3077,16263.0,59,86307892.79937744,68453912.73498535,261596025.46691892,71624849.31945801
3073,3073,3078,16336.0,80,93799603.46221924,69546994.20928955,287183051.109314,73264734.26818848
3074,3074,3079,16329.0,62,71068173.4085083,66583586.69281006,248305825.23345947,71344410.89630127
3075,3075,3080,16004.0,58,88027975.08239746,64508909.22546387,228903671.26464844,69198503.4942627
3076,3076,3081,16754.0,68,86928089.1418457,64372199.05853272,265867698.6694336,69213702.20184326
3077,3077,3082,16156.0,78,73028900.14648438,55714095.11566162,202073638.9160156,60353898.04840088
3078,3078,3083,15978.0,56,86783204.07867432,58553496.36077881,277110290.5273437,61627750.39672852
3079,3079,3084,16290.0,62,67801862.7166748,58574032.7835083,254236901.28326416,61778710.36529541
3080,3080,3085,15672.0,60,64640180.58776856,57221173.28643799,230117547.0352173,59502329.82635498
3081,3081,3086,15364.0,65,65604944.22912598,57077403.06854248,250422559.7381592,60736223.2208252
3082,3082,3087,16207.0,72,89873455.04760742,60947665.214538574,264178580.28411865,65669398.30780029
3083,3083,3088,15950.0,80,84096072.19696045,62232022.28546143,271091712.95166016,68370972.63336182
3084,3084,3089,15773.0,64,51686643.60046387,62750158.30993652,218380237.5793457,67894411.08703613
3085,3085,3090,15173.0,61,75746236.80114746,58825896.26312256,248531152.72521973,64614792.823791504
3086,3086,3091,15774.0,84,80626996.04034424,61965427.39868164,247682532.31048584,68774186.13433838
3087,3087,3092,15847.0,56,85984428.40576172,71551239.01367188,305068443.29833984,81451862.33520508
3088,3088,3093,15433.0,54,93933917.99926758,70956188.2019043,256800392.1508789,75421375.2746582
3089,3089,3094,15430.0,61,80090046.8826294,60715287.20855713,252844442.3675537,64076689.72015381
3090,3090,3095,15236.0,60,62373005.8670044,56700029.37316895,251042997.3602295,60379729.27093506
3091,3091,3096,16387.0,64,68980015.7546997,62762906.074523926,226181694.0307617,68203783.03527832
3092,3092,3097,16043.0,59,71157121.6583252,58672592.16308594,256966989.5172119,64087657.9284668
3093,3093,3098,16053.0,86,61842928.88641357,56389148.7121582,252244215.965271,59625185.9664917
3094,3094,3099,19552.0,77,64598160.74371338,61510821.34246826,215290052.41394043,63251663.20800781
3095,3095,3100,18240.0,78,62830033.30230713,60714642.52471924,267595180.5114746,63060260.77270508
3096,3096,3101,18697.0,69,65937749.8626709,61554393.76831055,211952778.81622317,63365750.312805176
3097,3097,3102,18537.0,62,64687236.78588867,59243534.088134766,215486515.045166,61077907.56225586
3098,3098,3103,18487.0,63,68728897.09472656,62630275.72631836,203324550.6286621,63898937.2253418
3099,3099,3104,19007.0,79,73067904.47235107,65993983.26873779,234851515.7699585,68774785.9954834
3100,3100,3105,17785.0,80,77923642.1585083,64818031.31103516,341036905.2886963,67932938.57574463
3101,3101,3106,17165.0,65,72097319.60296631,63128998.75640869,202081168.17474365,66538737.297058105
3102,3102,3107,17476.0,63,72814558.98284912,64133484.84039307,230897299.76654053,66668832.77893066
3103,3103,3108,16905.0,67,63075117.111206055,59658476.82952881,189236729.6218872,60967490.19622803
3104,3104,3109,17369.0,65,70688915.25268555,61048403.7399292,230817449.56970212,62819006.91986084
3105,3105,3110,17132.0,63,66046696.66290283,60128868.103027344,207342565.53649905,62648763.65661621
3106,3106,3111,15903.0,81,62639720.91674805,54977582.93151856,195012383.4609985,57030861.85455322
3107,3107,3112,15531.0,78,59003369.33135986,51324926.37634277,189506682.39593503,52900086.40289307
3108,3108,3113,16034.0,77,72670555.1147461,60099697.11303711,336722673.4161377,61492222.78594971
3109,3109,3114,16444.0,68,76428274.15466309,56873433.11309815,190310377.12097168,58426480.293273926
3110,3110,3115,16369.0,63,75937176.70440674,56932971.9543457,239302067.75665283,58161846.16088867
3111,3111,3116,16476.0,55,77061241.14990234,57073677.06298828,244183101.65405276,58272708.892822266
3112,3112,3117,15579.0,71,57522985.45837402,57268463.134765625,162696208.95385742,59559907.91320801
3113,3113,3118,15681.0,54,61536403.65600586,56341392.51708984,169998035.4309082,57701225.28076172
3114,3114,3119,16305.0,59,70825850.48675537,58019868.85070801,251656387.3291016,60030438.42315674
3115,3115,3120,16386.0,68,70043642.9977417,59217511.17706299,177725525.85601807,60194648.74267578
3116,3116,3121,16479.0,67,68232344.62738037,58788910.86578369,205035102.84423828,60073940.27709961
3117,3117,3122,15870.0,65,63900966.64428711,57924608.23059082,221032050.13275144,59319180.488586426
3118,3118,3123,15842.0,67,66154785.15625,57772585.86883545,204404643.0587769,59136573.79150391
3119,3119,3124,15696.0,61,66517157.55462647,57965399.74212647,237235710.14404297,59223778.72467041
3120,3120,3125,15565.0,72,62142218.58978272,58301151.275634766,211443541.52679443,59412273.40698242
3121,3121,3126,15461.0,72,65538497.92480469,58201072.69287109,230398077.9647827,59543156.62384033
3122,3122,3127,16121.0,71,72021315.574646,59119447.70812988,239924169.54040527,60480093.95599365
3123,3123,3128,16262.0,59,70251139.6408081,56990220.06988525,208904403.68652344,60895564.07928467
3124,3124,3129,15908.0,56,65720260.62011719,55616236.68670654,244229367.25616452,57408914.56604004
3125,3125,3130,15903.0,57,69605302.81066895,54640828.1326294,206399602.89001465,57157341.957092285
3126,3126,3131,15851.0,59,68049250.60272217,55278859.13848877,206550865.17333984,57088114.73846436
3127,3127,3132,15952.0,54,69854618.07250977,56577926.63574219,202295257.56835935,58414230.34667969
3128,3128,3133,15769.0,58,72597824.09667969,56737836.83776856,203168502.8076172,58163346.29058838
3129,3129,3134,16036.0,61,76174836.15875244,56693952.560424805,230259783.744812,58027103.424072266
3130,3130,3135,15895.0,53,65870990.75317383,55043716.43066406,201207027.43530276,56551866.53137207
3131,3131,3136,15900.0,58,69089801.78833008,55494186.40136719,215058506.0119629,57373741.14990234
3132,3132,3137,15914.0,58,65493541.7175293,56497359.27581787,210177940.36865237,57573444.36645508
3133,3133,3138,15878.0,53,73833778.38134766,56534759.521484375,230276935.57739255,58491851.80664063
3134,3134,3139,15962.0,82,65210206.03179932,52534374.23706055,224712281.22711185,53963995.93353272
3135,3135,3140,16689.0,73,61862389.56451416,52492528.91540527,220252269.74487305,54026918.41125488
3136,3136,3141,17178.0,98,61588747.02453613,53773318.29071045,203673810.9588623,55540146.82769776
3137,3137,3142,16649.0,72,65855841.63665772,52867023.46801758,204120280.2658081,53964159.96551514
3138,3138,3143,16306.0,88,65958647.72796631,52303130.14984131,205622937.2024536,52313905.71594238
3139,3139,3144,16920.0,77,63698081.97021485,52907850.26550293,184885206.22253415,54885016.441345215
3140,3140,3145,17076.0,90,62659890.17486572,54307263.37432861,208192781.44836423,53996123.31390381
3141,3141,3146,17825.0,100,68699388.50402832,55192881.58416748,204397600.1739502,56429156.30340576
3142,3142,3147,17721.0,75,63101651.19171143,54609693.52722168,199677156.44836423,55953994.75097656
3143,3143,3148,17269.0,71,63803786.277771,53891493.797302246,185658727.645874,53739176.75018311
3144,3144,3149,17515.0,60,66419654.846191406,56624497.41363525,219771697.99804688,57045022.01080322
3145,3145,3150,17258.0,58,63819789.88647461,56100711.822509766,191964160.91918945,56275352.478027344
3146,3146,3151,17361.0,61,55520868.3013916,55640770.91217041,181978174.20959476,57250348.09112549
3147,3147,3152,17318.0,59,61901596.06933594,55356872.55859375,202254798.88916016,54654388.427734375
3148,3148,3153,17532.0,62,62258460.04486084,57026319.50378418,191915699.00512692,59059589.38598633
3149,3149,3154,17696.0,63,68793683.05206299,59527976.03607178,232931717.87261963,59847681.99920654
3150,3150,3155,17758.0,78,62923958.77838135,57726207.7331543,221752460.47973636,58767928.12347412
3151,3151,3156,16965.0,66,56286548.61450195,53152783.39385986,181073242.1875,55968850.13580322
3152,3152,3157,16496.0,66,63376516.342163086,53977567.67272949,200704099.65515137,54222865.10467529
3153,3153,3158,16718.0,65,64017984.39025879,51995369.91119385,212265838.62304688,51534307.4798584
3154,3154,3159,16618.0,59,58833650.58898926,52003951.07269287,189567237.8540039,53659592.62847901
3155,3155,3160,16705.0,67,55317214.96582031,52597341.53747559,183853307.72399905,52100484.84802246
3156,3156,3161,17021.0,71,57441996.574401855,53142867.08831787,197063136.10076904,52920712.4710083
3157,3157,3162,17451.0,80,54026053.4286499,53358877.18200684,176125200.27160645,52827051.16271973
3158,3158,3163,16339.0,67,57907923.69842529,51142801.28479004,185830368.9956665,50588080.406188965
3159,3159,3164,16445.0,61,59630082.13043213,51347467.42248535,237421003.3416748,53653196.33483887
3160,3160,3165,16103.0,64,58317299.84283447,51670956.6116333,191887906.07452396,52731305.12237549
3161,3161,3166,16385.0,68,65918506.62231445,51518358.23059082,208162382.1258545,50987288.47503662
3162,3162,3167,15991.0,66,61385382.65228272,51106730.461120605,180725377.0828247,50203378.67736816
3163,3163,3168,16741.0,61,64842081.06994629,51360737.80059815,179542999.26757812,52488710.40344238
3164,3164,3169,17176.0,60,51817958.83178711,50094668.3883667,194714924.8123169,52285620.68939209
3165,3165,3170,16116.0,69,40253557.2052002,47519816.398620605,198589917.1829224,46786250.11444092
3166,3166,3171,16282.0,80,53280491.82891846,50101101.875305176,192291841.506958,51531805.03845215
3167,3167,3172,16121.0,77,62149429.32128906,51957958.22143555,190294493.67523196,53457680.70220947
3168,3168,3173,15708.0,67,59459712.02850342,51343030.92956543,213470211.02905276,50989968.29986572
3169,3169,3174,16482.0,75,55244131.08825684,52859326.36260986,170570624.35150146,54521780.9677124
3170,3170,3175,16791.0,63,57232000.35095215,54713166.23687744,210804118.1564331,55115064.62097168
3171,3171,3176,16489.0,67,61921118.73626709,55952949.52392578,221967995.6436157,59396352.767944336
3172,3172,3177,16234.0,60,58586624.14550781,55673940.658569336,196751998.9013672,56927116.39404297
3173,3173,3178,16351.0,55,58480582.23724365,55570001.60217285,194228412.62817383,57230698.585510254
3174,3174,3179,16275.0,66,66312526.70288086,55547892.570495605,194588975.90637207,56683035.8505249
3175,3175,3180,15976.0,63,52479800.2243042,53514127.73132324,182865415.5731201,54886967.65899658
3176,3176,3181,16322.0,57,61022493.36242676,54818098.068237305,213379131.31713867,57153226.85241699
3177,3177,3182,16513.0,56,66131021.49963379,56580640.79284668,202396876.33514404,59439117.43164063
3178,3178,3183,16462.0,56,60072071.07543945,56690546.0357666,214913578.03344727,57706562.04223633
3179,3179,3184,17008.0,69,63254186.63024902,56873256.68334961,218073596.0006714,59533802.98614502
3180,3180,3185,17375.0,79,62531151.77154541,59382423.400878906,230748819.3511963,62674308.77685547
3181,3181,3186,17535.0,63,64204312.324523926,58988255.50079346,543783162.1170044,59295212.7456665
3182,3182,3187,17400.0,58,66442108.15429688,58657550.81176758,218885707.8552246,60105514.52636719
3183,3183,3188,17134.0,59,62474987.0300293,59371128.08227539,194496623.99291992,59967742.91992188
3184,3184,3189,17268.0,63,58116742.13409424,60169943.80950928,217038683.8912964,61765605.92651367
3185,3185,3190,17100.0,57,57909107.20825195,58763694.7631836,212154006.9580078,59189414.978027344
3186,3186,3191,17100.0,57,62651252.74658203,58110237.12158203,237421417.23632807,59880924.22485352
3187,3187,3192,17547.0,59,53223441.1239624,57928058.62426758,199287528.9916992,58217840.19470215
3188,3188,3193,17400.0,58,54446411.1328125,57556629.1809082,209076690.67382807,59550476.07421875
3189,3189,3194,17722.0,67,62878373.14605713,60935899.73449707,298467710.4949951,63761116.98150635
3190,3190,3195,18122.0,76,52681040.76385498,59290534.97314453,244458512.30621335,63556655.88378906
3191,3191,3196,17708.0,62,75254526.13830566,66572036.74316406,260236654.2816162,67228931.42700195
3192,3192,3197,17558.0,60,75120214.46228027,66356578.8269043,230558319.09179688,67700752.25830078
3193,3193,3198,17491.0,66,69636923.78997803,64984198.570251465,188902034.75952148,64755710.60180664
3194,3194,3199,17663.0,79,77502982.1395874,69113706.58874512,249159183.50219727,72989050.86517334
3195,3195,3200,17904.0,74,56043807.02972412,60096383.0947876,203117500.30517575,66224153.51867676
3196,3196,3201,18257.0,65,76131313.32397461,69033537.86468506,295723881.7214966,72871528.62548828
3197,3197,3202,17729.0,63,79265052.79541016,65099108.69598389,263358680.7250977,66765887.26043701
3198,3198,3203,17605.0,68,70592796.3256836,61781209.94567871,223489192.96264648,62065797.80578613
3199,3199,3204,17566.0,67,78095077.51464844,65880250.93078613,201631927.4902344,66527949.33319092
3200,3200,3205,17255.0,59,59823219.299316406,55464668.27392578,212000522.6135254,61443618.77441406
3201,3201,3206,17935.0,65,80781920.43304443,66205744.74334717,242781551.361084,69407675.74310303
3202,3202,3207,17701.0,63,74936175.34637451,64735767.36450195,239832961.0824585,67629354.47692871
3203,3203,3208,17355.0,64,57924484.25292969,55878904.34265137,220215013.50402832,59057891.845703125
3204,3204,3209,18363.0,81,63214719.77233887,58285906.79168701,203256371.4981079,60508728.02734375
3205,3205,3210,17690.0,69,60856607.43713379,58473752.97546387,254145154.95300293,59886232.37609863
3206,3206,3211,17826.0,75,66854903.22113037,58823033.33282471,204531144.14215088,60620529.17480469
3207,3207,3212,17888.0,68,62252540.588378906,57441588.40179443,212590610.5041504,59418107.9864502
3208,3208,3213,17683.0,60,60701461.79199219,56375854.4921875,203136108.3984375,58143260.95581055
3209,3209,3214,17457.0,64,58811285.972595215,56122555.73272705,181323241.23382568,57344053.26843262
3210,3210,3215,17452.0,64,59692790.03143311,55521936.41662598,182581287.3840332,55457903.86199951
3211,3211,3216,17840.0,66,65378629.68444824,56534486.77062988,231430322.64709476,57305913.9251709
3212,3212,3217,18266.0,71,63949927.33001709,56999456.40563965,246025595.66497803,57110953.33099365
3213,3213,3218,17910.0,73,60554539.68048096,55886506.08062744,209001475.33416748,57601166.72515869
3214,3214,3219,18159.0,68,61599064.82696533,57362052.91748047,198611275.6729126,59072219.84863281
3215,3215,3220,17967.0,66,61079425.81176758,59078323.36425781,253640544.89135745,61148730.27801514
3216,3216,3221,18105.0,63,69161879.53948975,58857232.09381104,224717792.51098636,61366111.75537109
3217,3217,3222,18740.0,70,73871852.87475586,62976119.99511719,257919626.2359619,67395526.88598633
3218,3218,3223,17881.0,81,65791027.0690918,57707546.23413086,231602408.40911865,58995696.06781006
3219,3219,3224,17917.0,82,60546336.17401123,54254938.12561035,202195459.36584476,55738721.84753418
3220,3220,3225,18488.0,82,67355113.02947998,55163601.875305176,227780782.69958496,58621144.29473877
3221,3221,3226,18472.0,83,68251214.02740479,55441080.09338379,216454671.8597412,57132984.16137695
3222,3222,3227,18354.0,63,62989770.88928223,54810497.28393555,226090602.87475583,55676792.14477539
3223,3223,3228,18125.0,64,56355944.63348389,53289736.7477417,172049100.8758545,54732464.79034424
3224,3224,3229,17446.0,65,54883523.94104004,54405326.84326172,190711264.61029053,54649258.613586426
3225,3225,3230,17398.0,71,62783201.21765137,53960071.5637207,266845850.94451904,55078671.4553833
3226,3226,3231,17864.0,83,59894167.90008545,53049982.07092285,205348143.57757568,54408405.30395508
3227,3227,3232,18045.0,80,59738043.785095215,55573673.248291016,288719549.17907715,58433068.27545166
3228,3228,3233,17546.0,74,54518843.65081787,55827993.392944336,198825953.48358157,57727233.88671875
3229,3229,3234,18767.0,73,66249081.6116333,60225599.28894043,201314548.49243164,61989463.80615234
3230,3230,3235,18948.0,68,69600528.71704102,61792287.826538086,227542591.0949707,61632415.771484375
3231,3231,3236,18947.0,71,68401237.48779297,62184226.03607178,220720663.0706787,62971385.95581055
3232,3232,3237,18059.0,74,70327458.38165283,60577435.49346924,229840194.70214844,60570479.39300537
3233,3233,3238,18535.0,79,80625420.57037354,63551327.7053833,247906832.6950073,64878720.2835083
3234,3234,3239,18242.0,69,55935594.55871582,60787731.1706543,213233026.5045166,61218692.779541016
3235,3235,3240,18137.0,63,63487545.01342773,58455190.658569336,205866077.4230957,58554513.931274414
3236,3236,3241,18329.0,63,60835041.04614258,59756660.46142578,251910160.06469727,61685012.81738281
3237,3237,3242,18185.0,73,63827916.14532471,60253177.642822266,220326716.42303467,61377745.62835693
3238,3238,3243,18090.0,66,59104744.91119385,59625597.00012207,175507659.91210938,59749528.884887695
3239,3239,3244,18408.0,65,71100211.14349365,60835042.95349121,234236442.565918,60954841.61376953
3240,3240,3245,18391.0,72,72410533.9050293,60794377.32696533,247406499.8626709,61301728.24859619
3241,3241,3246,17499.0,73,54907714.84375,54680236.81640625,171106939.3157959,54249815.94085693
3242,3242,3247,17760.0,72,60841413.497924805,56628164.29138184,225775937.0803833,57687102.31781006
3243,3243,3248,17628.0,73,66192869.18640137,57005205.15441895,185183194.16046143,59078849.79248047
3244,3244,3249,17330.0,82,61683646.2020874,54707891.4642334,227058029.1748047,54272018.43261719
3245,3245,3250,17152.0,64,60399268.15032959,56292537.68920898,227726437.56866452,58423262.59613037
3246,3246,3251,17593.0,73,63385654.44946289,56908693.31359863,227812217.71240237,56728203.773498535
3247,3247,3252,17901.0,70,64036488.53302002,57853585.2432251,221134363.17443848,58296576.499938965
3248,3248,3253,17959.0,80,71938611.03057861,59105858.80279541,240096553.80249023,59586555.48095703
3249,3249,3254,18329.0,88,68322869.30084229,59612759.590148926,210587497.71118164,61030288.69628906
3250,3250,3255,17967.0,67,69704551.69677734,62119844.43664551,233350488.66271973,61894190.78826904
3251,3251,3256,18182.0,77,68188346.86279297,61307835.57891846,215685495.3765869,62494364.73846436
3252,3252,3257,18569.0,70,65692985.53466797,62743909.83581543,228027173.99597168,64245572.090148926
3253,3253,3258,18187.0,63,66942012.786865234,61417644.50073242,190954013.8244629,63850463.8671875
3254,3254,3259,18295.0,77,64441088.67645264,60637068.74847412,208020539.28375244,62501571.65527344
3255,3255,3260,17901.0,64,70589649.20043945,58872401.23748779,202935505.8670044,59860227.58483887
3256,3256,3261,17387.0,72,72219355.58319092,55102058.41064453,260718889.2364502,56529628.75366211
3257,3257,3262,17357.0,77,63850381.85119629,54267951.01165772,203023558.61663815,57431642.53234863
3258,3258,3263,17021.0,59,65431560.51635742,53296977.99682617,222225410.46142575,55149265.28930664
3259,3259,3264,17398.0,75,58650916.09954834,52944849.01428223,224457526.2069702,55490168.57147217
3260,3260,3265,17697.0,91,70116676.3305664,56558257.10296631,223034514.42718503,58367484.0927124
3261,3261,3266,17868.0,73,72512905.12084961,57360643.38684082,236780052.1850586,59033845.90148926
3262,3262,3267,17662.0,68,59241764.06860352,53210858.34503174,196808269.5007324,55022637.367248535
3263,3263,3268,17502.0,64,64108541.48864746,51881475.4486084,222272312.16430664,53038378.71551514
3264,3264,3269,17660.0,83,72086453.43780518,55530421.25701904,240064607.6202393,57883241.65344238
3265,3265,3270,17519.0,72,63197027.2064209,52885981.55975342,237161169.052124,54644595.1461792
3266,3266,3271,17398.0,60,60169227.600097656,54514328.00292969,212642711.6394043,58474487.3046875
3267,3267,3272,17163.0,63,63561927.79541016,56134005.546569824,192263970.37506104,58626594.54345703
3268,3268,3273,17085.0,76,59355090.14129639,57423788.07067871,225258916.8548584,60508340.83557129
3269,3269,3274,17316.0,64,65741970.06225586,56490738.86871338,231177670.4788208,62690316.20025635
3270,3270,3275,18003.0,76,65392613.41094971,57841724.39575195,215262317.6574707,57448790.55023193
3271,3271,3276,18323.0,79,69709348.67858887,57841559.410095215,260271386.1465454,59971866.607666016
3272,3272,3277,18188.0,63,70067062.37792969,59012577.056884766,224832641.6015625,64132976.53198242
3273,3273,3278,17891.0,70,74310092.92602539,61473934.173583984,216569353.1036377,63352413.17749024
3274,3274,3279,17646.0,74,65035792.35076904,60644700.050354,239893744.46868896,62853973.38867188
3275,3275,3280,17570.0,71,57176999.09210205,53363245.01037598,185480799.6749878,55161507.60650635
3276,3276,3281,18080.0,80,69242094.03991699,56906264.305114746,251121208.190918,58576507.568359375
3277,3277,3282,17861.0,77,66141566.27655029,58734840.393066406,243249979.97283936,60825254.44030762
3278,3278,3283,17880.0,68,67626426.69677734,55519677.16217041,231844284.0576172,61781683.921813965
3279,3279,3284,17960.0,69,71395487.78533936,59439464.5690918,223901709.5565796,62333626.74713135
3280,3280,3285,18219.0,65,62175225.257873535,56653853.41644287,236423841.47644043,58857780.45654297
3281,3281,3286,18110.0,66,67053624.15313721,55882136.34490967,207990556.71691892,57821383.47625733
3282,3282,3287,17666.0,63,62844331.74133301,55673149.10888672,210390590.6677246,57185999.87030029
3283,3283,3288,17910.0,83,62792511.94000244,54423675.537109375,223135327.3391724,55760417.93823242
3284,3284,3289,18509.0,84,68612751.00708008,57813608.169555664,240323445.3201294,58814942.35992432
3285,3285,3290,18623.0,74,70661528.58734131,59868873.596191406,215067502.02178955,60678602.21862793
3286,3286,3291,18453.0,76,75800264.35852051,57728595.73364258,228035205.84106445,61269889.83154297
3287,3287,3292,17893.0,65,68407820.70159912,58676534.65270996,198967227.93579105,60011903.76281738
3288,3288,3293,17802.0,64,61109640.12145996,55578384.39941406,233944898.60534668,57286384.58251953
3289,3289,3294,17782.0,65,64646874.42779541,55254338.26446533,198389411.92626956,56239509.58251953
3290,3290,3295,18054.0,71,64345046.043396,56426804.542541504,236120182.03735352,58596776.96228027
3291,3291,3296,18526.0,64,71365486.14501953,56348907.470703125,210795825.95825195,57556156.15844727
3292,3292,3297,18298.0,61,65489849.09057617,55042991.6381836,203615985.87036133,54695331.57348633
3293,3293,3298,18135.0,62,67885087.96691895,55290611.26708984,209483964.92004395,57945365.90576172
3294,3294,3299,18467.0,64,75466123.58093262,58648475.646972656,239470693.58825684,59560710.90698242
3295,3295,3300,18282.0,61,62012203.216552734,57998748.77929688,184457233.42895508,59934425.35400391
3296,3296,3301,17846.0,66,64352366.44744873,58062443.73321533,184279471.3973999,58926604.27093506
3297,3297,3302,17553.0,59,63275653.83911133,59523864.74609375,228804168.70117188,59628700.256347656
3298,3298,3303,17688.0,71,66823100.090026855,59993897.43804932,198306899.07073972,60493262.29095459
3299,3299,3304,18044.0,73,73881787.30010986,60025203.704833984,261494184.49401852,62803561.21063232
3300,3300,3305,18340.0,87,64791779.51812744,59488345.1461792,205370364.18914795,59986898.42224121
3301,3301,3306,17529.0,65,50035596.84753418,57218178.74908447,178646989.8223877,58767978.66821289
3302,3302,3307,17628.0,64,61190147.39990234,55355415.34423828,215640617.37060547,55895900.72631836
3303,3303,3308,18292.0,66,63521076.20239258,56630005.83648682,269858253.4790039,56960147.857666016
3304,3304,3309,18593.0,71,68351361.27471924,58208564.75830078,207827760.69641116,59142900.46691895
3305,3305,3310,18281.0,66,68697829.246521,59201663.97094727,214981909.7518921,59464337.34893799
3306,3306,3311,17716.0,66,69163488.38806152,55316300.39215088,219741413.11645508,58395752.90679932
3307,3307,3312,17628.0,59,59475242.614746094,56612812.04223633,224322383.88061523,59569438.93432617
3308,3308,3313,17615.0,63,63911228.17993164,58343386.65008545,235803306.57958984,59583781.242370605
3309,3309,3314,17807.0,62,64972173.6907959,56279525.75683594,213741071.7010498,58436602.59246826
3310,3310,3315,18026.0,63,68926177.97851562,57297981.26220703,222647439.95666504,58968105.31616211
3311,3311,3316,18355.0,63,71841516.49475098,59524049.75891113,223468902.58789065,60914079.666137695
3312,3312,3317,17771.0,69,69448417.66357422,57355251.31225586,224862280.8456421,60216102.600097656
3313,3313,3318,17557.0,62,69603737.83111572,56296279.90722656,222954734.8022461,57962743.75915527
3314,3314,3319,16848.0,63,62527329.44488525,53322971.34399414,257690417.2897339,53253578.18603516
3315,3315,3320,16800.0,56,60771560.66894531,52929782.86743164,197478103.6376953,52505493.1640625
3316,3316,3321,16780.0,65,66900338.1729126,53773675.9185791,215865646.3623047,54694570.54138184
3317,3317,3322,17163.0,66,66835525.51269531,56625882.14874268,192351041.79382324,56902987.48016357
3318,3318,3323,17215.0,64,64987071.9909668,55984339.71405029,211832871.43707275,56086303.7109375
3319,3319,3324,16930.0,63,71910981.17828369,56340277.671813965,295018809.3185425,58361727.714538574
3320,3320,3325,16997.0,70,65492627.14385986,57043210.02960205,242132446.2890625,59120921.13494873
3321,3321,3326,16903.0,67,51286976.81427002,53633648.87237549,217433691.02478027,53789876.93786621
3322,3322,3327,16534.0,62,66819733.61968994,54041671.75292969,261878202.4383545,54045559.88311768
3323,3323,3328,16564.0,66,59053890.228271484,54077705.38330078,221012051.58233643,55312154.76989746
3324,3324,3329,16617.0,63,75791960.71624756,55892370.22399902,232667856.21643063,57133672.7142334
3325,3325,3330,16825.0,79,69191477.77557373,55410427.09350586,232473897.93396,58709059.715271
3326,3326,3331,17134.0,68,64704329.49066162,56464133.26263428,221523492.81311035,57296546.93603516
3327,3327,3332,17388.0,60,66942217.82684326,56666841.50695801,229973430.6335449,57417694.09179688
3328,3328,3333,17446.0,69,74918112.75482178,57317965.50750733,235759849.54833984,59422786.71264648
3329,3329,3334,17344.0,70,65795694.35119629,56803332.32879639,216433774.9481201,59980274.20043945
3330,3330,3335,17100.0,57,67086410.52246094,56836223.60229492,200913619.9951172,57069969.177246094
3331,3331,3336,17100.0,57,59769916.53442383,55412292.48046875,175193595.88623047,56158733.36791992
3332,3332,3337,17368.0,69,61919961.92932129,54607469.55871582,279066822.05200195,58040488.24310303
3333,3333,3338,17910.0,67,68072247.50518799,58744891.16668701,261464830.3985596,61331107.1395874
3334,3334,3339,17667.0,59,70739856.7199707,57839092.25463867,231787158.96606445,59673500.06103516
3335,3335,3340,17141.0,64,57153389.9307251,54030298.23303223,218692739.48669437,56157028.19824219
3336,3336,3341,16996.0,57,72157306.67114258,54332141.8762207,228813968.65844727,55164306.640625
3337,3337,3342,17112.0,63,69648585.31951904,54293344.49768066,292900293.3502197,55147785.18676758
3338,3338,3343,17192.0,59,57713363.64746094,53926654.81567383,200111385.34545895,55372734.06982422
3339,3339,3344,17100.0,57,64321231.842041016,53197574.61547852,192582607.2692871,53572368.62182617
3340,3340,3345,16629.0,61,55547101.974487305,52386103.63006592,203871013.64135745,53498536.10992432
3341,3341,3346,16746.0,57,66627599.71618652,55299705.50537109,212764572.1435547,56032161.71264648
3342,3342,3347,17317.0,69,60844663.61999512,55113382.33947754,229988351.8218994,57973766.3269043
3343,3343,3348,17748.0,90,68010094.64263916,55348032.95135498,254336134.9105835,57997978.21044922
3344,3344,3349,17500.0,73,58915464.40124512,56002321.24328613,231930301.66625977,58402914.04724121
3345,3345,3350,17380.0,74,64063364.98260498,56277500.15258789,224475185.3942871,57307046.89025879
3346,3346,3351,17832.0,90,69903684.61608887,57042868.61419678,235411949.15771484,59785241.12701416
3347,3347,3352,17833.0,87,62117520.332336426,55358462.3336792,197345782.27996823,56944916.72515869
3348,3348,3353,17499.0,62,70972164.15405273,56538623.80981445,242990859.9853516,57191082.00073242
3349,3349,3354,17349.0,62,53444635.39123535,55230064.39208984,189936040.8782959,55961756.70623779
3350,3350,3355,17705.0,61,65498123.16894531,56345653.53393555,210404645.9197998,57787992.47741699
3351,3351,3356,18151.0,76,79622613.90686035,66322345.73364258,269826251.9836426,69421196.93756104
3352,3352,3357,17321.0,71,69931142.80700684,64901199.34082031,228877030.37261963,66440216.064453125
3353,3353,3358,16793.0,69,65285903.93066406,56483100.89111328,216823198.31848145,59305166.24450684
3354,3354,3359,16889.0,68,72905006.4086914,56121333.12225342,230190214.1571045,56851347.92327881
3355,3355,3360,17343.0,61,65901206.01654053,56233291.62597656,216493215.5609131,57582962.98980713
3356,3356,3361,17181.0,62,53170995.71228027,54291816.71142578,187563201.90429688,55794663.429260254
3357,3357,3362,16873.0,67,60600315.09399414,55153538.70391846,199237568.85528564,55622665.40527344
3358,3358,3363,17013.0,81,73479403.49578857,55182408.33282471,247025942.8024292,55776794.43359375
3359,3359,3364,17523.0,72,76908970.8328247,56578156.47125244,223730363.8458252,59115246.77276611
3360,3360,3365,16492.0,69,51365550.04119873,51140808.10546875,180150395.3933716,52347776.41296387
3361,3361,3366,16575.0,58,67520528.79333496,52965433.12072754,220920021.0571289,54650838.85192871
3362,3362,3367,16223.0,59,60784964.5614624,50368305.20629883,218569496.1547852,51364542.00744629
3363,3363,3368,16636.0,79,67489328.38439941,51192167.28210449,257814423.5610962,54716652.87017822
3364,3364,3369,17538.0,72,64591464.04266357,54669262.88604736,187744814.8727417,57045107.8414917
3365,3365,3370,16956.0,57,73014987.94555664,55145988.46435547,219675556.18286133,56525722.50366211
3366,3366,3371,16847.0,73,75026320.4574585,55588300.704956055,213508416.1758423,57385931.01501465
3367,3367,3372,17215.0,69,71948668.47991943,57313421.24938965,247470199.5849609,59857582.09228516
3368,3368,3373,16779.0,86,68406899.45220947,55288011.55090332,179204174.04174805,56667140.00701904
3369,3369,3374,16467.0,66,63881014.82391357,54913234.71069336,199620841.97998047,57773354.53033447
3370,3370,3375,16915.0,76,67112365.72265625,55739856.7199707,211306821.8231201,56632567.40570068
3371,3371,3376,16970.0,80,64492745.3994751,56568210.60180664,216002844.81048584,59995320.3201294
3372,3372,3377,16845.0,82,64930875.77819824,58545931.816101074,199995622.6348877,61449265.480041504
3373,3373,3378,17532.0,78,70573777.1987915,62205611.22894287,238118543.62487796,63372728.34777832
3374,3374,3379,17431.0,60,60755714.41650391,59167270.66040039,195451454.1625977,61979724.8840332
3375,3375,3380,17242.0,62,58816812.51525879,56189677.23846436,200233522.41516116,57896844.8638916
3376,3376,3381,17090.0,69,53184038.162231445,54836097.71728516,191092707.63397217,54557334.89990234
3377,3377,3382,17573.0,81,59611805.91583252,55635210.99090576,233450028.41949463,56199998.85559082
3378,3378,3383,19109.0,82,65733953.47595215,60793309.21173096,183600384.71221924,62419775.00915527
3379,3379,3384,18203.0,77,61216901.779174805,56821685.791015625,208318408.0123901,57595192.90924072
3380,3380,3385,17923.0,68,58369734.76409912,56129212.37945557,186181014.0609741,56511036.87286377
3381,3381,3386,17481.0,65,54587226.86767578,54766283.98895264,199466506.9580078,55524911.88049317
3382,3382,3387,18014.0,73,56737416.26739502,56680732.72705078,193277565.9561157,58073801.99432373
3383,3383,3388,18447.0,77,55231940.269470215,57411544.79980469,209148013.1149292,58065683.36486816
3384,3384,3389,18871.0,100,58683002.47192383,58147916.79382324,226413140.29693604,58509530.06744385
3385,3385,3390,19287.0,69,64926220.89385986,62952309.60845947,232528028.4881592,66579676.62811279
3386,3386,3391,19039.0,70,64772078.51409912,59314746.85668945,228990209.57946777,61363452.91137695
3387,3387,3392,18900.0,64,64148380.279541016,59050357.81860352,213257652.28271484,59933097.83935547
3388,3388,3393,18900.0,63,60767841.33911133,59467506.408691406,217977905.2734375,61453342.43774414
3389,3389,3394,18202.0,72,62125540.7333374,57601419.44885254,212740502.3574829,58120066.64276123
3390,3390,3395,18218.0,64,56329354.28619385,57178293.22814941,190863546.37146,58912185.66894531
3391,3391,3396,17300.0,70,51661012.64953613,53629394.53125,176850285.53009033,55738286.9720459
3392,3392,3397,17237.0,60,54251453.3996582,53536203.38439941,157829423.90441895,55832054.1381836
3393,3393,3398,17235.0,72,55603842.73529053,53704675.67443848,219006404.87670895,55771458.62579346
3394,3394,3399,17758.0,86,64190196.9909668,55967454.91027832,229627222.06115723,58830411.91101074
3395,3395,3400,17373.0,65,74982486.72485352,56474926.94854736,191691291.80908203,58716699.60021973
3396,3396,3401,18105.0,67,73534048.08044434,56688109.39788818,244997772.21679688,58878468.51348877
3397,3397,3402,17624.0,76,74430385.58959961,59913489.34173584,237113440.51361084,63218703.269958496
3398,3398,3403,17192.0,77,66815383.91113281,60460278.51104736,204992952.34680176,64068996.42944336
3399,3399,3404,16236.0,63,58717471.1227417,59544162.75024414,179596489.90631104,61723006.24847412
3400,3400,3405,16265.0,60,60225896.83532715,60159254.07409668,192925277.7099609,62979256.62994385
3401,3401,3406,16482.0,75,58099779.12902832,60699837.68463135,190793495.17822263,62768573.76098633
3402,3402,3407,16422.0,66,59461266.51763916,60372193.33648682,195524838.4475708,62104391.09802246
3403,3403,3408,16513.0,69,49350953.10211182,58317152.02331543,176486943.24493408,60592960.357666016
3404,3404,3409,16907.0,64,57473251.34277344,58481669.42596436,186271184.92126465,60630494.11773682
3405,3405,3410,17316.0,65,57977100.37231445,60673264.50347901,196290793.41888428,63282453.536987305
3406,3406,3411,17636.0,70,63093807.22045898,62514641.761779785,205093259.81140137,64542413.71154785
3407,3407,3412,18072.0,76,66503855.70526123,63600158.69140625,204818511.96289065,66109762.19177246
3408,3408,3413,17339.0,74,59026811.599731445,60332225.79956055,171076595.30639648,62595278.7399292
3409,3409,3414,17387.0,61,63043292.04559326,60331864.35699463,201599434.8526001,62823632.24029541
3410,3410,3415,18351.0,68,62058719.635009766,64616497.99346924,211185955.04760745,66828989.98260498
3411,3411,3416,18007.0,64,59941390.99121094,64031585.693359375,176059432.98339844,65727165.22216797
3412,3412,3417,17540.0,72,63009047.50823975,62285961.15112305,206135135.6506348,64053945.54138184
3413,3413,3418,17662.0,62,62101403.23638916,62345251.08337402,193233322.1435547,64584300.04119873
3414,3414,3419,17874.0,77,54159326.55334473,60251417.16003418,227814613.3422852,62955188.7512207
3415,3415,3420,17828.0,69,58707703.59039307,60521235.46600342,212127237.3199463,64395403.86199951
3416,3416,3421,17699.0,71,54256478.30963135,63970522.8805542,184760319.70977783,66716109.27581787
3417,3417,3422,17513.0,68,56637290.95458984,65479477.88238525,179780627.2506714,67882151.60369873
3418,3418,3423,16994.0,72,57326416.015625,64015102.38647461,179411801.3381958,65850438.11798096
3419,3419,3424,18250.0,102,65412553.787231445,66284700.39367676,247420401.57318115,68364665.0314331
3420,3420,3425,17793.0,73,67055078.50646973,66449005.126953125,197646677.0172119,68021344.18487549
3421,3421,3426,17759.0,78,65195863.72375488,65003100.39520264,218110006.33239743,66604230.880737305
3422,3422,3427,17522.0,69,62748227.1194458,61770304.679870605,175524432.182312,63687054.63409424
3423,3423,3428,17400.0,58,65303707.122802734,61524295.806884766,221933269.5007324,63540458.67919922
3424,3424,3429,17490.0,66,64388113.9755249,60081850.05187988,219929183.00628665,61638512.61138916
3425,3425,3430,18612.0,76,75084911.34643555,64143115.99731445,220358184.81445312,67143453.59802246
3426,3426,3431,18456.0,76,73286785.12573242,63171030.044555664,252175465.58380127,67975793.83850098
3427,3427,3432,18079.0,71,61602479.93469238,61928521.15631104,241840616.2261963,66048276.90124512
3428,3428,3433,17493.0,70,51317860.60333252,58978685.37902832,173057353.01971436,61084230.42297363
3429,3429,3434,17748.0,61,62821479.79736328,60411890.02990723,216872077.94189453,62422245.025634766
3430,3430,3435,17795.0,76,58857428.550720215,60619087.21923828,209038653.37371823,62655511.8560791
3431,3431,3436,18248.0,67,77982689.85748291,72264458.65631104,290227106.09436035,75913582.80181885
3432,3432,3437,18000.0,60,64224815.36865234,70092487.33520508,219661617.27905276,66967391.96777344
3433,3433,3438,17887.0,60,61733735.08453369,69416461.94458008,223540958.40454105,72957836.15112305
3434,3434,3439,18110.0,61,62988110.54229736,70994290.35186768,219614559.173584,67283154.48760986
3435,3435,3440,17680.0,67,68043321.60949707,69484183.3114624,225103435.51635745,71816705.70373535
3436,3436,3441,17888.0,75,64588150.02441406,70465641.02172852,241937487.6022339,72271100.04425049
3437,3437,3442,17749.0,66,59959489.822387695,68613997.45941162,206842784.8815918,70799253.46374512
3438,3438,3443,17393.0,62,63896928.787231445,69165279.38842773,210980084.4192505,70828641.89147949
3439,3439,3444,17913.0,77,60767998.695373535,69088573.45581055,213161151.88598636,71092048.64501953
3440,3440,3445,17550.0,63,58925774.574279785,68590392.11273193,197577387.80975345,70697171.21124268
3441,3441,3446,17727.0,70,57763439.1784668,69217860.2218628,206183979.9880981,70754369.73571777
3442,3442,3447,17323.0,60,60448032.37915039,68602352.14233398,210994635.5819702,69917996.40655518
3443,3443,3448,17774.0,79,61233774.18518066,69685565.94848633,195894897.4609375,70974969.8638916
3444,3444,3449,17435.0,64,60666761.39831543,69094518.66149902,218921373.3673096,70476007.46154785
3445,3445,3450,17822.0,78,56670716.28570557,68895689.01062012,202272096.63391116,70513802.52838135
3446,3446,3451,17862.0,73,64718944.54956055,70267452.23999023,217658782.9589844,71513672.82867432
3447,3447,3452,18131.0,76,68625146.86584473,70973348.61755371,211693364.1433716,72851274.49035645
3448,3448,3453,18169.0,69,62237714.767456055,70478219.98596191,223335986.1373901,71857103.34777832
3449,3449,3454,17298.0,65,65060276.03149414,68334467.88787842,223149533.27178955,69575964.92767334
3450,3450,3455,17448.0,74,61578639.03045654,68266327.85797119,208410332.6797485,69762206.07757568
3451,3451,3456,17161.0,72,62081339.836120605,67868588.4475708,220727546.69189453,69233778.95355225
3452,3452,3457,17109.0,61,58233982.08618164,67605173.11096191,191847925.18615723,63678482.05566406
3453,3453,3458,17189.0,77,57220159.53063965,67129703.52172852,185452304.8400879,69324198.72283936
3454,3454,3459,17639.0,69,57499607.08618164,68307786.94152832,206261678.6956787,64681716.91894531
3455,3455,3460,17521.0,73,62977551.46026611,66484726.905822754,244508573.5321045,67908225.05950928
3456,3456,3461,17056.0,66,70399293.89953613,66471830.36804199,218178244.59075928,62174612.9989624
3457,3457,3462,17474.0,63,70847852.70690918,68508344.65026855,230491500.8544922,69968239.78424072
3458,3458,3463,17521.0,66,69382055.28259277,68067051.8875122,213256160.736084,69275506.9732666
3459,3459,3464,17333.0,63,53971014.02282715,67299118.9956665,188523536.6821289,68933257.10296631
3460,3460,3465,17400.0,58,60599040.98510742,67262935.63842773,220003795.6237793,69231319.42749023
3461,3461,3466,17400.0,58,66727638.244628906,68174171.4477539,202350997.9248047,63975048.06518555
3462,3462,3467,17702.0,63,65030793.19000244,67780206.68029785,216482550.6210327,68980930.32836914
3463,3463,3468,17531.0,63,61043111.80114746,67146331.78710938,220963249.20654297,63277765.27404785
3464,3464,3469,16937.0,63,60743951.79748535,66742019.65332031,194467268.94378665,62836902.6184082
3465,3465,3470,16749.0,77,68535359.3826294,67064655.30395508,217008169.17419437,63420822.14355469
3466,3466,3471,17000.0,71,66088872.9095459,67770887.37487793,202054483.4136963,63643614.76898193
3467,3467,3472,16727.0,69,65963582.99255371,67356557.84606934,206685890.1977539,64033305.168151855
3468,3468,3473,16720.0,83,61863341.33148193,66528573.98986816,219534772.8729248,62611035.34698486
3469,3469,3474,16483.0,64,66067937.85095215,65146147.72796631,607887033.4625244,62217839.24102783
3470,3470,3475,16939.0,59,60894355.77392578,65301069.25964356,217524147.0336914,62192035.67504883
3471,3471,3476,16800.0,56,59068393.70727539,63331317.90161133,203834438.3239746,61414146.42333984
3472,3472,3477,16994.0,99,60663057.32727051,63525751.1138916,219706282.6156616,59502855.30090332
3473,3473,3478,16944.0,102,64566655.15899658,64497862.81585693,214731880.18798828,60417182.92236328
3474,3474,3479,17250.0,84,64228595.73364258,66273666.38183594,265992792.1295166,61973895.07293701
3475,3475,3480,17344.0,82,63338798.52294922,65586950.30212402,242882142.0669556,61931203.842163086
3476,3476,3481,17158.0,69,64293040.27557373,66287338.25683594,238213618.27850345,63485222.816467285
3477,3477,3482,17007.0,59,62679498.67248535,65849163.05541992,209824644.08874512,62556669.23522949
3478,3478,3483,17216.0,60,64600578.30810547,67394521.71325684,211615056.99157715,63974937.43896485
3479,3479,3484,17499.0,83,63658391.95251465,66230031.967163086,253642582.8933716,68253520.01190186
3480,3480,3485,17415.0,78,63102623.93951416,65927246.09375,219812576.2939453,61987072.94464111
3481,3481,3486,17010.0,73,64792459.48791504,65364930.15289307,228339864.73083496,67855905.53283691
3482,3482,3487,17187.0,96,56248408.31756592,65989535.33172608,233555230.14068604,62678495.40710449
3483,3483,3488,16922.0,76,56336173.05755615,66006119.72808838,223009885.78796387,62212780.95245361
3484,3484,3489,17729.0,83,58801361.083984375,67281965.2557373,209019451.14135745,64407223.70147705
3485,3485,3490,17711.0,71,69140172.0046997,67411623.95477295,231940925.59814453,63861957.55004883
3486,3486,3491,17750.0,79,67380489.34936523,66120909.69085693,223406847.00012207,63377757.07244873
3487,3487,3492,17757.0,62,62203746.7956543,66300614.35699463,221398193.359375,63836113.929748535
3488,3488,3493,17700.0,60,61923069.00024414,67370223.99902344,204359259.6054077,63779953.956604
3489,3489,3494,17189.0,68,66030346.87042236,65940706.25305176,214717507.3623657,62070613.861083984
3490,3490,3495,16800.0,56,60697174.072265625,66332817.07763672,182894325.2563477,62536525.72631836
3491,3491,3496,16800.0,56,61314010.62011719,67072391.510009766,205451202.39257807,63148498.53515625
3492,3492,3497,16853.0,69,58831520.080566406,67008958.81652832,216604532.2418213,68727041.24450684
3493,3493,3498,16727.0,59,63580510.13946533,66889533.04290772,184509635.92529297,68124899.86419678
3494,3494,3499,16928.0,57,66800487.51831055,68242237.09106445,232189491.27197263,64824493.408203125
3495,3495,3500,16704.0,56,62790218.353271484,67277263.64135742,205007160.1867676,63335231.78100586
3496,3496,3501,16896.0,57,59500877.38037109,67078296.66137695,211777542.1142578,65250423.43139648
3497,3497,3502,16800.0,58,62859016.41845703,67592243.19458008,228021736.14501956,69198398.59008789
3498,3498,3503,16868.0,63,68583362.5793457,67854876.51824951,213996517.18139648,64953974.72381592
3499,3499,3504,17772.0,65,67048628.80706787,69464228.63006592,222015876.77001956,66177983.28399658
3500,3500,3505,17507.0,62,72337659.83581543,70211087.22686768,226225627.89916992,72681900.97808838
3501,3501,3506,16915.0,65,66713900.566101074,67938161.84997559,222637902.25982663,64001783.37097168
3502,3502,3507,16672.0,57,59174545.28808594,66951595.30639648,229658924.1027832,69710132.59887695
3503,3503,3508,16708.0,60,67092758.17871094,67398653.98406982,222478631.9732666,68834039.68811035
3504,3504,3509,16500.0,55,63561344.14672852,66506481.1706543,229646015.16723636,62876701.35498047
3505,3505,3510,16755.0,59,69106213.56964111,66634310.722351074,206218393.3258057,62308747.29156494
3506,3506,3511,16855.0,63,66471381.187438965,66747447.9675293,232397853.8513184,63814084.05303955
3507,3507,3512,17307.0,67,66159692.76428223,67797353.74450684,220233440.39916992,69632097.2442627
3508,3508,3513,17400.0,58,63257217.40722656,68530654.90722656,220115661.62109372,65802097.32055664
3509,3509,3514,17066.0,61,63633793.83087158,67011448.86016846,219578190.80352783,68046248.43597412
3510,3510,3515,17263.0,70,62042954.44488525,67654920.57800293,220525788.30718997,71166765.2130127
3511,3511,3516,17385.0,72,71227187.15667725,69041038.5131836,263425209.04541016,66062623.97766113
3512,3512,3517,17549.0,59,69609720.23010254,68143617.63000488,224426635.7421875,72030313.49182129
3513,3513,3518,16978.0,69,60831251.14440918,64406380.65338135,187941156.3873291,66402813.91143799
3514,3514,3519,17423.0,94,65085591.316223145,64148760.79559326,301306314.4683838,60775780.67779541
3515,3515,3520,17600.0,89,60829453.468322754,64785430.908203125,210059983.253479,61914229.39300537
3516,3516,3521,17535.0,79,64238286.01837158,65757215.49987793,221893727.30255127,66714656.829833984
3517,3517,3522,17527.0,65,55081331.25305176,65132652.28271485,223002937.31689453,66945138.931274414
3518,3518,3523,17326.0,59,63540192.60406494,63575813.29345703,225218078.61328125,60432781.21948242
3519,3519,3524,17249.0,69,63970878.60107422,64524611.473083496,209108708.38165283,60603000.64086914
3520,3520,3525,17562.0,67,64996705.05523682,66430928.230285645,254411586.7614746,62421060.56213379
3521,3521,3526,17109.0,74,64672675.132751465,64127518.65386963,257996978.7597656,60204072.95227051
3522,3522,3527,17243.0,78,58274282.455444336,63874595.64208984,214298260.6887817,65408750.53405762
3523,3523,3528,17383.0,61,64125217.43774414,66318762.77923584,265108425.1403809,63548726.08184815
3524,3524,3529,17051.0,73,62693024.63531494,66688358.306884766,228173734.664917,62909134.86480713
3525,3525,3530,17576.0,82,64638486.86218262,66205967.90313721,237142079.3533325,61962177.27661133
3526,3526,3531,17824.0,77,63948752.40325928,66916508.67462158,236794385.91003415,68260733.60443115
3527,3527,3532,18017.0,68,63512070.655822754,68776063.91906738,217234512.3291016,72141571.99859619
3528,3528,3533,17384.0,72,65667047.50061035,71193754.19616699,199705803.8711548,67271622.65777588
3529,3529,3534,17659.0,86,68937079.42962646,71510758.39996338,231758889.1983032,67929603.57666016
3530,3530,3535,17290.0,64,60515326.499938965,67341744.4229126,204506361.00769043,66763779.64019776
3531,3531,3536,17216.0,73,56176937.103271484,64113418.57910156,238455923.08044437,60167340.27862549
3532,3532,3537,18362.0,79,60754485.13031006,65698207.85522461,288898715.9729004,62196279.52575684
3533,3533,3538,18031.0,93,63895038.60473633,67743065.83404541,240466246.60491943,65295072.55554199
3534,3534,3539,18169.0,70,66691372.871398926,69934723.85406494,241949760.4370117,65795462.6083374
3535,3535,3540,18314.0,90,58374811.17248535,67164525.03204346,217632350.9216309,66243214.60723877
3536,3536,3541,18709.0,81,72308062.55340576,69202444.07653809,234971561.4318848,67017361.640930176
3537,3537,3542,18132.0,68,68327179.90875244,68830994.60601807,274713119.50683594,71206312.17956543
3538,3538,3543,18441.0,62,58288352.966308594,67685957.90863037,197971933.36486816,64447274.20806885
3539,3539,3544,18300.0,61,68813037.87231445,67411994.93408203,311929607.3913574,70054721.83227539
3540,3540,3545,18300.0,61,75051784.51538086,70277881.62231445,293743228.9123535,67080688.4765625
3541,3541,3546,18300.0,61,69058227.5390625,69976329.8034668,236710453.03344727,72987556.45751953
3542,3542,3547,18150.0,62,63843528.747558594,68203670.50170898,261401607.51342773,65416206.35986328
3543,3543,3548,17907.0,62,60329416.275024414,66876603.12652588,213163734.4360352,68848258.01849365
3544,3544,3549,17714.0,63,65778227.80609131,67084065.437316895,220939865.1123047,63622528.07617188
3545,3545,3550,17511.0,63,70318700.79040527,66516162.87231445,246411926.26953125,62428027.15301514
3546,3546,3551,17400.0,58,55629444.12231445,65158081.0546875,191169261.93237305,61219024.658203125
3547,3547,3552,17400.0,58,60833358.76464844,64426517.486572266,226708316.8029785,60559844.970703125
3548,3548,3553,17560.0,66,61738687.51525879,64786965.37017822,223553147.315979,60900117.87414551
3549,3549,3554,18008.0,76,58453986.16790772,65428298.95019531,214978301.0482788,61380154.609680176
3550,3550,3555,18623.0,70,59290040.01617432,66106060.02807617,235117004.39453125,62322151.18408203
3551,3551,3556,18670.0,82,65393565.17791748,66847748.75640869,239344641.68548584,68070673.94256592
3552,3552,3557,18585.0,68,59259292.60253906,66583798.4085083,210324796.6766357,67733197.21221924
3553,3553,3558,18264.0,69,65844869.61364746,65286598.205566406,258973159.79003903,61745378.494262695
3554,3554,3559,18947.0,68,56114873.8861084,65623162.269592285,228105329.5135498,62741757.3928833
3555,3555,3560,18503.0,62,57438161.84997559,64842918.395996094,248887180.32836917,62287861.824035645
3556,3556,3561,18557.0,67,58013961.79199219,66655363.08288574,253404321.67053223,63050585.74676514
3557,3557,3562,18431.0,68,68316493.0343628,67682569.50378418,241892158.5083008,69182319.64111328
3558,3558,3563,18917.0,69,71581505.77545166,68336757.65991211,227545927.0477295,64666136.74163818
3559,3559,3564,18604.0,68,63002040.86303711,67430177.68859863,246354199.4094849,64726376.5335083
3560,3560,3565,18600.0,63,58089275.36010742,66923894.88220215,221128311.15722656,63515014.6484375
3561,3561,3566,18475.0,65,58441137.31384277,66671378.13568115,232867799.75891116,68478051.18560791
3562,3562,3567,18705.0,78,59955188.7512207,68986363.4109497,229911046.98181152,65284707.06939697
3563,3563,3568,18447.0,64,57919353.48510742,66915245.05615234,209642044.0673828,68762607.57446289
3564,3564,3569,18737.0,77,63516760.82611084,71949381.8283081,234335718.15490723,74801601.40991211
3565,3565,3570,18482.0,64,67679226.87530518,71004367.82836914,241839397.43041992,75398010.25390625
3566,3566,3571,18699.0,70,67930036.5447998,73545578.00292969,238593179.7027588,77807098.38867188
3567,3567,3572,18461.0,62,64811608.31451416,73443748.4741211,240555532.45544437,78430511.47460938
3568,3568,3573,18484.0,63,66096363.06762695,72904006.95800781,213722337.72277832,75992744.44580078
3569,3569,3574,18365.0,67,66583882.33184815,74665337.56256104,222498185.15777588,78344926.83410645
3570,3570,3575,18353.0,63,63886724.4720459,70950460.43395996,223534573.55499268,73783617.01965332
3571,3571,3576,18149.0,111,61487487.79296875,65348187.44659424,235227254.8675537,67511452.67486572
3572,3572,3577,17876.0,90,67626509.66644287,64497854.232788086,223358438.4918213,61156190.87219238
3573,3573,3578,18743.0,79,80175084.1140747,74410400.390625,234287359.2376709,79649851.79901123
3574,3574,3579,17905.0,75,64516374.588012695,72476266.86096191,196974233.6273193,69481092.45300293
3575,3575,3580,17109.0,64,68845293.04504395,70838761.32965088,225257875.44250488,76070176.12457275
3576,3576,3581,17714.0,68,80704377.17437744,72951612.47253418,259200264.9307251,76127089.50042725
3577,3577,3582,17549.0,65,71436671.25701904,72883540.15350342,229666574.4781494,75534165.38238525
3578,3578,3583,17421.0,59,73894981.38427734,76207958.22143555,240213592.52929688,78921020.5078125
3579,3579,3584,16984.0,72,69986818.31359863,73730194.09179688,229883030.8914185,77725790.02380371
3580,3580,3585,17579.0,72,72795836.44866943,73571943.28308105,249326624.8703003,75187936.78283691
3581,3581,3586,18129.0,85,71898318.29071045,74460182.1899414,215606568.3364868,77051656.72302246
3582,3582,3587,18147.0,91,73601203.91845703,77181900.02441406,238013827.3239136,74973303.79486084
3583,3583,3588,18420.0,64,73722833.63342285,80617919.921875,211570761.68060303,83875064.84985352
3584,3584,3589,18266.0,63,80233737.94555664,80232246.39892578,236270648.95629883,79250598.9074707
3585,3585,3590,18071.0,66,78804077.1484375,80590088.84429932,211188575.7446289,79187054.63409424
3586,3586,3591,18105.0,97,68460193.6340332,78857813.83514404,262344722.74780276,81238501.54876709
3587,3587,3592,17789.0,65,75042251.58691406,75374747.27630615,210632984.16137692,74924970.62683105
3588,3588,3593,18006.0,70,70266915.3213501,73462059.97467041,211703005.79071045,70009403.22875977
3589,3589,3594,18017.0,72,70905755.9967041,72081607.81860352,204506120.6817627,69295695.3048706
3590,3590,3595,18218.0,87,74491251.9454956,74515208.24432373,238007525.4440308,78796343.80340576
3591,3591,3596,18418.0,71,73692792.89245605,77929757.1182251,228354046.82159424,81633931.15997314
3592,3592,3597,18404.0,68,79898689.27001953,80090861.3204956,251541904.4494629,77974633.21685791
3593,3593,3598,18417.0,88,72380968.09387207,77305741.31011963,246729677.20031735,83168253.8986206
3594,3594,3599,18976.0,91,74965085.02960205,75117713.92822266,206639340.4006958,73271790.50445557
3595,3595,3600,18920.0,90,75581575.39367676,75224992.7520752,218993577.003479,77876794.81506348
3596,3596,3601,19035.0,64,76111839.2944336,77505569.45800781,244414352.4169922,81398391.72363281
3597,3597,3602,18690.0,73,83313378.33404541,79303571.7010498,643976521.4920044,81531186.1038208
3598,3598,3603,18423.0,73,77885807.99102783,80010725.97503662,200769885.0631714,81603709.22088623
3599,3599,3604,18560.0,72,77981458.66394043,79177499.77111816,238734138.48876956,85365380.28717041
3600,3600,3605,18187.0,66,72929073.33374023,78550308.22753906,239129501.34277344,82509881.9732666
3601,3601,3606,18538.0,85,80053833.0078125,77934780.12084961,248311021.8048096,81898340.22521973
3602,3602,3607,18390.0,78,70404339.79034424,79146948.81439209,230755187.98828125,83059485.43548584
3603,3603,3608,18246.0,77,73236330.98602295,81252981.18591309,254013705.25360107,84449458.12225342
3604,3604,3609,17098.0,86,57067025.18463135,72566789.6270752,175899085.99853516,77618250.8468628
3605,3605,3610,17228.0,82,68230978.96575928,70149501.80053711,210709550.85754395,72825483.32214355
3606,3606,3611,17388.0,81,69768900.87127686,72476715.08789062,190301963.80615237,76392114.63928223
3607,3607,3612,17699.0,105,64813984.870910645,75374275.20751953,220661538.12408447,77978995.32318115
3608,3608,3613,17875.0,106,66267497.06268311,75754172.32513428,231220983.50524905,77015732.76519775
3609,3609,3614,18449.0,84,79123291.96929932,84626270.29418945,253765734.6725464,90830954.55169678
3610,3610,3615,17802.0,69,88928474.42626953,84587026.59606934,301855090.1412964,85401501.65557861
3611,3611,3616,18310.0,76,63608813.28582764,79258961.67755127,241067360.87799072,77550589.5614624
3612,3612,3617,18252.0,75,68931957.24487305,83086009.02557373,308153068.54248047,87585037.23144531
3613,3613,3618,17856.0,106,67962671.27990723,74741691.58935547,199100429.5349121,79243518.8293457
3614,3614,3619,17857.0,67,63506917.95349121,72733486.17553711,205515759.4680786,75320665.35949707
3615,3615,3620,17197.0,61,76017491.3406372,72783595.08514404,238232776.6418457,76143542.28973389
3616,3616,3621,18866.0,83,67517444.6105957,75879631.04248047,212452890.39611816,72543932.91473389
3617,3617,3622,18529.0,84,68059228.89709473,78387513.16070557,208679053.3065796,82388721.46606445
3618,3618,3623,18701.0,82,69313674.92675781,76245474.81536865,197100753.7841797,78969829.55932617
3619,3619,3624,18594.0,66,63405632.01904297,75898936.27166748,207439899.44458008,79151673.31695557
3620,3620,3625,18466.0,66,70622863.76953125,78410579.68139648,209433292.388916,81014530.18188477
3621,3621,3626,18560.0,73,67804310.79864502,78666332.24487305,222083213.80615237,80396671.29516602
3622,3622,3627,18703.0,63,67755616.18804932,78023946.76208496,273444976.8066406,76245290.75622559
3623,3623,3628,18511.0,62,63345768.92852783,73940054.89349365,203534860.6109619,70013873.10028076
3624,3624,3629,18689.0,63,63133019.44732666,74741500.85449219,218463752.74658203,72050507.54547119
3625,3625,3630,18594.0,62,70402084.35058594,76850967.40722656,248870075.22583008,73903072.35717773
3626,3626,3631,18555.0,67,67363906.86035156,76461365.69976807,227995677.94799805,79283352.85186768
3627,3627,3632,18563.0,65,70549363.1362915,74618284.22546387,218686781.88323972,78563908.57696533
3628,3628,3633,18581.0,75,68425849.91455078,76706975.93688965,236546623.22998047,80351049.42321777
3629,3629,3634,18380.0,84,60405984.87854004,74608423.23303223,192822263.71765137,78150750.16021729
3630,3630,3635,18827.0,87,68784666.06140137,90161440.8493042,265956984.5199585,96365986.82403564
3631,3631,3636,18393.0,63,65308373.45123291,92941718.10150146,222954025.2685547,95188476.5625
3632,3632,3637,18669.0,94,62412525.17700195,95004736.9003296,191875924.1104126,92923376.08337402
3633,3633,3638,19023.0,80,65688392.63916016,91586140.6326294,217511586.18927,96613801.00250244
3634,3634,3639,19003.0,70,72255978.58428955,91884730.3390503,238913726.80664065,88642209.05303955
3635,3635,3640,18624.0,74,70542924.88098145,89224481.5826416,223613361.35864255,91793107.9864502
3636,3636,3641,18012.0,67,69965893.74542236,88836229.32434082,237214141.84570312,91333683.96759032
3637,3637,3642,18162.0,71,75677156.44836426,90642929.07714844,227163950.92010495,93935443.87817384
3638,3638,3643,18563.0,80,66350471.49658203,92541164.39819336,222202811.2411499,97421472.54943848
3639,3639,3644,19119.0,87,86808913.230896,97236316.6809082,246896608.35266116,103459025.3829956
3640,3640,3645,18512.0,71,84723508.83483887,95127574.9206543,271328468.3227539,93557538.98620604
3641,3641,3646,18724.0,75,74003871.91772461,94308130.26428224,226638254.1656494,99249921.79870604
3642,3642,3647,18705.0,64,86474063.87329102,98546061.5158081,261363148.68927,100826424.59869383
3643,3643,3648,18340.0,65,71381924.62921143,97630397.79663086,229940860.74829105,100425252.91442873
3644,3644,3649,18300.0,61,71779346.46606445,93322563.17138672,203141212.4633789,99260616.30249023
3645,3645,3650,18190.0,62,74446468.35327148,93512935.63842772,218150806.42700195,95760746.00219728
3646,3646,3651,18435.0,64,75791591.64428711,94179345.1309204,249992706.29882807,96697926.52130128
3647,3647,3652,18858.0,79,79378697.3953247,95202719.68841553,229852792.73986816,92199322.70050047
3648,3648,3653,18694.0,70,85175354.95758057,94634663.58184814,227258442.87872317,96870345.11566162
3649,3649,3654,18600.0,62,71479797.36328125,93199825.28686523,236485576.62963867,96329784.39331056
3650,3650,3655,18600.0,62,65317726.13525391,92465114.59350586,264592838.28735352,94523620.60546876
3651,3651,3656,18600.0,62,72438526.15356445,93111991.88232422,271961116.7907715,94959354.40063477
3652,3652,3657,18588.0,80,72811165.80963135,93535288.81072998,220972865.1046753,95945548.05755617
3653,3653,3658,18421.0,71,89052761.07788086,97401990.89050291,261409023.2849121,102373975.75378418
3654,3654,3659,18152.0,75,69532048.22540283,94244151.11541748,224529875.7553101,97397387.50457764
3655,3655,3660,18196.0,86,69282781.60095215,94702675.81939696,202885862.35046387,96547019.00482178
3656,3656,3661,18961.0,79,79002385.13946533,92782655.71594238,260146404.26635745,96303133.01086426
3657,3657,3662,19017.0,68,65996582.98492432,94335238.45672607,209142497.0626831,98797269.821167
3658,3658,3663,18691.0,67,77856384.27734375,95496061.32507324,236160263.06152344,97032152.17590332
3659,3659,3664,18479.0,73,67640095.7107544,88607631.68334961,218542556.7626953,92616539.95513916
3660,3660,3665,18950.0,70,68625637.05444336,88843923.56872559,204136238.09814453,85541147.23205566
3661,3661,3666,18983.0,67,70633906.36444092,93386191.36810304,224211030.0064087,89410972.59521484
3662,3662,3667,18942.0,69,74807718.27697754,90994595.52764893,223717155.45654297,87314518.92852783
3663,3663,3668,18780.0,64,81114070.89233398,90002143.85986328,244509593.96362305,91892055.5114746
3664,3664,3669,18866.0,65,72724487.3046875,90170982.36083984,228807029.7241211,92256587.98217772
3665,3665,3670,19220.0,76,76907955.16967773,91933959.00726318,235682365.41748047,90045183.1817627
3666,3666,3671,18975.0,67,79641469.95544434,94142807.00683594,255790929.79431152,97725393.29528809
3667,3667,3672,19261.0,77,78875787.73498535,96462459.56420898,236528318.40515137,94641701.69830322
3668,3668,3673,19290.0,67,83818408.96606445,97414257.04956056,242044589.9963379,101352714.53857422
3669,3669,3674,19259.0,67,85594993.5913086,96497585.29663086,241374664.30664065,99883716.58325195
3670,3670,3675,18898.0,75,68387967.10968018,90020046.23413086,233881583.21380612,92283787.72735596
3671,3671,3676,19311.0,79,71821612.35809326,90932587.6235962,230699648.8571167,95052797.31750488
3672,3672,3677,19262.0,68,82086986.54174805,96387950.8972168,239385494.23217773,93861442.56591795
3673,3673,3678,18749.0,71,71615823.74572754,93482580.18493652,200498180.3894043,89233575.82092285
3674,3674,3679,19302.0,76,76711609.84039307,94897861.48071288,250999980.92651367,99405886.65008543
3675,3675,3680,19062.0,66,74813209.5336914,92071067.8100586,200567382.8125,95214618.68286131
3676,3676,3681,19187.0,73,70858624.45831299,91414596.5576172,240068747.5204468,91472745.89538574
3677,3677,3682,19353.0,67,92820487.97607422,101873928.07006836,303613544.4641113,105430568.69506836
3678,3678,3683,19328.0,66,99964675.90332033,103033706.66503906,261701911.92626956,104325801.84936523
3679,3679,3684,19179.0,74,68663896.56066895,94213875.77056883,222482884.40704343,98802281.3796997
3680,3680,3685,18996.0,66,73810628.89099121,94747285.84289552,224389305.1147461,98285812.37792967
3681,3681,3686,19172.0,67,77053312.30163574,95869112.01477052,225220199.5849609,99218879.69970705
3682,3682,3687,18910.0,74,82801628.11279297,91323977.47039796,287647912.979126,92849973.67858888
3683,3683,3688,19046.0,65,71648579.59747314,91756080.6274414,232512722.9690552,94664779.66308594
3684,3684,3689,18730.0,68,64519638.06152344,90310214.04266356,225853782.6538086,92367588.9968872
3685,3685,3690,18794.0,72,62457611.083984375,86996355.0567627,243962630.2719116,83557482.71942139
3686,3686,3691,18483.0,80,67944753.64685059,86970428.46679688,253684135.4370117,82655879.97436523
3687,3687,3692,18942.0,70,65469139.09912109,89639373.77929688,226627867.69866943,86370159.14916992
3688,3688,3693,19002.0,80,60715533.25653076,89708395.00427246,221360984.8022461,85211105.34667969
3689,3689,3694,18693.0,64,65180804.25262451,89462934.49401855,235504570.00732425,90087399.48272704
3690,3690,3695,19555.0,72,85175079.34570312,98247950.55389404,276342503.54766846,95478081.70318604
3691,3691,3696,19185.0,68,84602483.74938965,94781522.75085448,226516999.24468997,97054000.8544922
3692,3692,3697,19200.0,65,78477573.39477539,92073726.65405272,255469512.93945312,96669197.08251952
3693,3693,3698,19120.0,64,74019908.9050293,92271137.23754884,257551059.7229004,96135444.64111328
3694,3694,3699,19280.0,66,77934629.44030762,98388545.98999023,245733010.2920532,101787307.7392578
3695,3695,3700,19200.0,64,87350463.8671875,100638484.95483398,239176082.611084,102936458.58764648
3696,3696,3701,19200.0,64,87444877.62451172,100063133.2397461,265296077.72827148,102924728.39355467
3697,3697,3702,19177.0,70,77702487.94555664,91540676.11694336,328337741.85180664,99503814.69726562
3698,3698,3703,19126.0,74,69510460.85357666,91807355.8807373,209727066.99371335,89418992.0425415
3699,3699,3704,19118.0,79,69212162.97149658,89650710.105896,213574437.1414185,90772506.7138672
3700,3700,3705,18413.0,66,67372457.50427246,87248352.05078125,212926166.53442383,83817476.27258301
3701,3701,3706,18394.0,83,69342813.49182129,85809461.59362793,189318583.4884644,86743375.77819824
3702,3702,3707,18942.0,68,69334897.99499512,87573118.20983887,233512161.2548828,90222900.390625
3703,3703,3708,18458.0,77,60959194.18334961,86088287.35351562,212408713.34075928,87486171.72241211
3704,3704,3709,19085.0,69,70818922.996521,87485321.99859619,247373236.65618896,89251079.55932617
3705,3705,3710,18678.0,68,69116190.91033936,86399297.7142334,217034292.2210693,87461801.52893066
3706,3706,3711,18841.0,100,61451998.71063232,85131793.97583008,228963655.47180176,80915011.40594482
3707,3707,3712,18927.0,67,63246026.039123535,84511343.95599365,220159008.97979736,85900152.2064209
3708,3708,3713,18335.0,80,65746296.8826294,84226182.93762207,195158056.25915527,85315569.87762451
3709,3709,3714,18724.0,71,59941002.84576416,85516115.18859863,173409125.32806396,86831643.10455322
3710,3710,3715,18902.0,65,66628154.75463867,86535240.17333984,175538173.6755371,88736507.41577148
3711,3711,3716,18902.0,64,59407768.24951172,88078006.74438477,234811813.3544922,89133377.07519531
3712,3712,3717,18901.0,64,63340072.63183594,88684741.97387695,241686870.5749512,90583641.0522461
3713,3713,3718,18895.0,64,64033744.81201172,88094535.82763672,239273582.4584961,89566814.42260742
3714,3714,3719,18929.0,66,61473009.10949707,87709018.70727539,174502746.58203125,88695289.6118164
3715,3715,3720,18834.0,64,66691177.36816406,88188133.2397461,223691471.09985352,89180324.55444336
3716,3716,3721,18769.0,68,63505666.732788086,87920611.38153076,213341363.90686035,89237664.22271729
3717,3717,3722,18696.0,66,64316552.16217041,87834356.3079834,202009263.9923096,88862665.1763916
3718,3718,3723,18676.0,77,64126524.92523193,89532520.29418945,235500964.1647339,92896368.0267334
3719,3719,3724,19144.0,80,80577752.11334229,90890700.340271,246945867.53845212,94431459.42687988
3720,3720,3725,18881.0,64,75674228.66821289,91977214.81323242,221984794.6166992,93724918.36547852
3721,3721,3726,18845.0,64,80214307.78503418,92042593.95599364,220284076.69067383,95847682.95288086
3722,3722,3727,18644.0,67,74944252.96783447,88698180.19866943,239539421.08154297,93276037.21618652
3723,3723,3728,19085.0,69,65026693.34411621,84764034.27124023,200736740.1123047,89221454.62036133
3724,3724,3729,18893.0,64,66026039.12353516,87864933.01391602,204409358.97827148,91728923.79760742
3725,3725,3730,18663.0,71,66275251.388549805,89217777.25219727,220860747.3373413,91803976.05895996
3726,3726,3731,18821.0,74,64476815.22369385,88642581.93969727,226194216.72821045,91668921.47064207
3727,3727,3732,18566.0,68,56435605.0491333,88555312.15667725,212858780.86090088,90630778.3126831
3728,3728,3733,18610.0,83,56454223.6328125,88854656.21948242,183440865.5166626,90432705.87921144
3729,3729,3734,18700.0,69,54271661.75842285,88597858.42895508,166980168.34259033,90548688.8885498
3730,3730,3735,18598.0,83,66199558.25805664,90844426.15509032,231735231.39953613,92667181.96868896
3731,3731,3736,18872.0,78,57087742.80548096,88289304.73327637,195480052.94799805,90573188.78173828
3732,3732,3737,19435.0,74,57024981.49871826,91841506.9580078,217398517.60864255,94270870.20874023
3733,3733,3738,19317.0,67,60157032.01293945,90732917.78564452,188424118.0419922,95305480.95703124
3734,3734,3739,19024.0,81,63965723.99139404,89040532.11212158,196279157.6385498,91004011.1541748
3735,3735,3740,19491.0,74,75487610.81695557,83560584.06829834,212660920.14312744,89300279.61730957
3736,3736,3741,19195.0,73,69917731.28509521,83209564.20898438,220765461.9216919,88944496.15478516
3737,3737,3742,18521.0,71,53207712.17346192,75872510.91003418,186653839.11132807,77088016.51000977
3738,3738,3743,19187.0,74,50518706.32171631,75459659.57641602,156258746.14715576,76551784.51538086
3739,3739,3744,19276.0,70,63696321.48742676,76412320.13702393,186608875.2746582,78012629.50897217
3740,3740,3745,19514.0,74,60521044.73114014,78133708.0001831,218000614.16625977,80162157.05871582
3741,3741,3746,19649.0,68,55591323.85253906,77797229.7668457,200809604.6447754,79695533.7524414
3742,3742,3747,19395.0,67,57950238.22784424,77247072.21984863,211071149.8260498,79276833.53424072
3743,3743,3748,19477.0,70,60735531.8069458,76617338.18054199,197211471.5576172,79533949.85198975
3744,3744,3749,19368.0,71,60241047.859191895,78892356.8725586,188100767.1356201,80223804.47387695
3745,3745,3750,19349.0,83,56576758.38470459,77824243.54553223,201703611.37390137,79827051.16271973
3746,3746,3751,19503.0,67,57183891.29638672,78832023.62060547,201525962.82958984,80899639.12963867
3747,3747,3752,19634.0,68,55774749.755859375,78786705.01708984,204654701.23291016,80108467.10205078
3748,3748,3753,19359.0,67,51366325.37841797,75901966.0949707,175564144.13452148,77696090.69824219
3749,3749,3754,19948.0,74,70370198.2498169,86217539.78729248,218788215.63720703,89736917.49572754
3750,3750,3755,19818.0,68,70762115.47851562,87459449.7680664,203293773.65112305,88641162.87231445
3751,3751,3756,19814.0,68,56366626.73950195,80477710.72387695,200519393.92089844,86231552.12402344
3752,3752,3757,19814.0,68,74896595.0012207,85220241.54663086,220295696.2585449,88019626.61743164
3753,3753,3758,19720.0,69,55171195.98388672,79522548.67553711,202320121.76513672,83474571.22802734
3754,3754,3759,19882.0,70,73714345.93200684,88754493.7133789,223048910.1409912,91689582.82470705
3755,3755,3760,19828.0,68,80692855.83496094,89791179.65698242,228258342.74291992,90782474.51782228
3756,3756,3761,19816.0,68,80178546.90551758,89985042.57202148,242965744.0185547,92930362.70141602
3757,3757,3762,19783.0,69,72684614.18151855,86391918.18237305,447100296.0205078,91690947.5326538
3758,3758,3763,19831.0,69,62762293.81561279,86899028.77807617,231825710.2966309,93808504.10461426
3759,3759,3764,19806.0,68,77942516.3269043,90268112.1826172,232614429.47387692,91363357.54394533
3760,3760,3765,19673.0,67,70309997.55859375,89753818.51196289,248011653.90014648,90820369.72045898
3761,3761,3766,19817.0,68,75370147.70507812,90376754.7607422,244756385.80322263,93144584.65576172
3762,3762,3767,19839.0,69,71894352.91290283,87228557.58666992,217057468.41430664,91231250.76293944
3763,3763,3768,19852.0,69,76619243.62182617,85151893.61572266,248664749.1455078,88235660.55297852
3764,3764,3769,19813.0,68,74544963.83666992,83422180.17578125,262932651.5197754,89180847.16796875
3765,3765,3770,19753.0,68,76411658.28704834,86815793.99108887,226217419.6243286,88561752.31933594
3766,3766,3771,19715.0,70,53769091.60614014,79887331.00891113,233347118.37768555,84171663.28430176
3767,3767,3772,19812.0,68,69036540.98510742,88775585.17456055,238148803.7109375,91942417.1447754
3768,3768,3773,19799.0,68,75374172.21069336,89354419.70825195,190448490.14282227,91474040.98510742
3769,3769,3774,19831.0,68,76888530.73120117,89569847.1069336,212852638.2446289,91436256.4086914
3770,3770,3775,19748.0,68,75687854.7668457,85210685.72998047,207096019.74487305,90156921.38671876
3771,3771,3776,19912.0,69,76974166.87011719,89941280.36499023,213039165.49682617,92383613.58642578
3772,3772,3777,19836.0,69,75625926.97143555,88191226.95922852,235936855.3161621,91666606.90307616
3773,3773,3778,19820.0,74,57502858.16192627,79040822.98278809,200455699.9206543,82721787.45269775
3774,3774,3779,20254.0,82,82377577.78167725,90019843.10150146,369358912.4679565,96598480.22460938
3775,3775,3780,20114.0,69,80574356.07910156,90281631.46972656,289481487.2741699,96333621.97875977
3776,3776,3781,20100.0,71,75031925.20141602,88145137.78686523,298980705.26123047,96511283.87451172
3777,3777,3782,20120.0,69,92183204.6508789,93914604.18701172,313371948.2421875,96548355.10253906
3778,3778,3783,19618.0,76,77687832.83233643,88309230.80444336,243858891.4871216,89588193.89343262
3779,3779,3784,19982.0,74,68114276.88598633,82057884.2163086,258901999.47357175,84182029.7241211
3780,3780,3785,19823.0,76,70498463.63067627,83026084.89990234,230089492.7978516,88474694.25201416
3781,3781,3786,19675.0,68,66022472.3815918,84838886.26098633,237347179.4128418,91383815.76538086
3782,3782,3787,19813.0,68,82648422.24121094,88781063.07983398,282239128.11279297,90835712.43286131
3783,3783,3788,19864.0,68,84863380.4321289,90016811.37084961,256984519.9584961,91983924.86572266
3784,3784,3789,19815.0,70,70520832.06176758,86443668.36547852,220246604.9194336,93984039.30664062
3785,3785,3790,19816.0,68,82505584.71679688,90986278.53393556,256928089.1418457,92652931.2133789
3786,3786,3791,19817.0,68,72587059.0209961,87421211.24267578,210799720.76416016,91185874.93896484
3787,3787,3792,19663.0,68,66897155.76171875,84200706.4819336,222363403.3203125,91033935.546875
3788,3788,3793,19826.0,68,78495777.13012695,92498844.14672852,222369724.27368164,95247718.81103516
3789,3789,3794,19815.0,68,77602882.3852539,91810058.59375,246230995.17822263,95211170.1965332
3790,3790,3795,19818.0,69,69335685.72998047,83468952.17895508,254714336.39526367,88678037.64343262
3791,3791,3796,19766.0,68,77780117.03491211,88815128.32641602,271673854.82788086,91265487.67089844
3792,3792,3797,19894.0,71,69788779.25872803,88521511.07788086,220781496.04797363,89541795.73059082
3793,3793,3798,19595.0,67,77077151.29852295,88404420.85266113,215933639.5263672,90186565.39916992
3794,3794,3799,19769.0,72,84026542.66357422,89346559.52453613,234636743.54553223,91547309.87548828
3795,3795,3800,19959.0,69,73983898.1628418,89098659.51538086,250128231.048584,90797359.46655272
3796,3796,3801,19772.0,69,69769129.7531128,84135704.04052734,238073429.107666,87630187.98828125
3797,3797,3802,19923.0,71,86447818.75610352,85120862.96081543,240976860.04638672,88853523.25439453
3798,3798,3803,19687.0,67,78618370.05615234,84462730.40771484,234552680.96923828,89153083.80126953
3799,3799,3804,19835.0,70,72203241.3482666,84663265.22827148,219607931.13708496,90911750.79345705
3800,3800,3805,19798.0,68,91508342.74291992,90123516.08276369,299617919.921875,93620800.01831056
3801,3801,3806,19799.0,68,82418052.67333984,88366256.71386719,246000633.2397461,90607917.78564452
3802,3802,3807,19813.0,68,85538562.7746582,88815673.828125,219852268.2189941,90312229.15649414
3803,3803,3808,19649.0,68,79096725.46386719,81133041.38183594,284216236.11450195,88958339.69116211
3804,3804,3809,19604.0,78,65900610.92376709,79382254.6005249,205813126.56402588,81062603.95050049
3805,3805,3810,19452.0,66,67796459.19799805,78374668.12133789,221243427.27661133,80285659.79003906
3806,3806,3811,19223.0,70,70431824.68414307,75744277.95410156,204294830.3222656,78307671.54693604
3807,3807,3812,19401.0,80,74922879.21905518,73609848.02246094,244876739.50195312,76205939.29290771
3808,3808,3813,19388.0,75,74930793.76220703,75416433.33435059,204809326.171875,78325948.71520996
3809,3809,3814,19575.0,76,70188342.09442139,74877314.56756592,226521140.09857175,76442869.18640137
3810,3810,3815,19417.0,68,69322536.46850586,76113229.75158691,186414947.5097656,77298931.12182617
3811,3811,3816,19625.0,68,77254531.86035156,76763076.78222656,229197910.3088379,77637899.39880371
3812,3812,3817,19515.0,67,73961067.19970703,76860157.01293945,224099433.89892575,78167335.5102539
3813,3813,3818,19516.0,67,64508453.36914063,75478984.83276367,205300277.7099609,77284530.63964844
3814,3814,3819,19497.0,67,68437816.61987305,76055362.70141602,180239894.86694336,76892707.82470703
3815,3815,3820,19549.0,67,73818695.06835938,76261032.10449219,191990459.44213867,77481227.87475586
3816,3816,3821,19518.0,67,67423210.14404297,76241226.19628906,183312698.3642578,77916240.69213867
3817,3817,3822,19389.0,66,69429477.69165039,75821819.30541992,208279186.2487793,76553829.19311523
3818,3818,3823,19398.0,67,65614416.12243652,75363430.02319336,208924236.29760745,76327264.7857666
3819,3819,3824,19663.0,68,75830716.13311768,76056259.15527344,245501137.73345947,76522588.7298584
3820,3820,3825,19305.0,72,81018374.4430542,75151123.046875,235203450.2029419,76744681.3583374
3821,3821,3826,19517.0,75,70184143.06640625,75498136.52038574,193736164.0930176,77359157.56225586
3822,3822,3827,19443.0,71,68912321.09069824,75585574.15008545,211179721.8322754,76276835.44158936
3823,3823,3828,19517.0,72,71222446.44165039,74834514.61791992,198900444.0307617,76729091.64428711
3824,3824,3829,19517.0,67,68289348.60229492,74058570.8618164,212693630.21850583,75353775.02441406
3825,3825,3830,19542.0,67,73294254.30297852,75505260.4675293,203760635.37597656,77074077.60620117
3826,3826,3831,19531.0,68,78001113.89160156,76549226.76086426,218725358.9630127,77816169.73876953
3827,3827,3832,19505.0,67,76271343.23120117,76543205.26123047,200356208.80126956,78042118.07250977
3828,3828,3833,19210.0,66,70337463.37890625,75182300.56762695,211530220.03173828,76017704.01000977
3829,3829,3834,19630.0,77,77765397.07183838,76397976.87530518,213781927.10876465,78510660.17150879
3830,3830,3835,19493.0,70,81111089.7064209,75235775.9475708,226297836.3037109,78018844.60449219
3831,3831,3836,19517.0,67,73566505.4321289,76391258.2397461,217071155.5480957,79384799.95727539
3832,3832,3837,19513.0,68,85193206.78710938,77733955.38330078,226226993.56079105,79174419.40307617
3833,3833,3838,19339.0,74,70586828.23181152,74611740.11230469,228216775.89416504,75948958.39691162
3834,3834,3839,19411.0,77,72844110.4888916,73729143.1427002,218127083.77838132,75093611.71722412
3835,3835,3840,19642.0,72,79883471.48895264,75310441.01715088,244678741.45507807,76585785.86578369
3836,3836,3841,19592.0,71,78382685.66131592,74711687.0880127,204999782.56225583,77092374.80163574
3837,3837,3842,19481.0,69,76716796.875,76565971.37451172,217937580.10864255,79505018.23425293
3838,3838,3843,19321.0,74,83863571.16699219,78278903.00750732,225655069.3511963,81986649.51324463
3839,3839,3844,19705.0,70,76303400.99334717,81967430.1147461,227410136.22283936,83971528.05328369
3840,3840,3845,19500.0,66,71837322.23510742,80245399.47509766,225870254.5166016,83340785.98022461
3841,3841,3846,19299.0,66,73426107.40661621,73500871.6583252,206407190.322876,74467119.21691895
3842,3842,3847,19290.0,72,78145713.80615234,75372514.72473145,273547994.61364746,80199309.34906006
3843,3843,3848,19630.0,74,78590685.84442139,79732847.21374512,252163448.33374023,82822539.32952881
3844,3844,3849,19191.0,73,72860126.49536133,79282100.67749023,232864078.5217285,81264570.23620605
3845,3845,3850,19317.0,75,72907442.09289551,76604873.65722656,203015907.2875977,80838577.27050781
3846,3846,3851,20209.0,73,72497310.63842773,76989008.90350342,226298449.5162964,80315184.59320068
3847,3847,3852,19800.0,68,79854598.99902344,80297698.97460938,216483797.07336423,82071327.20947266
3848,3848,3853,19800.0,68,72087157.24945068,77522335.05249023,202356609.3444824,80173500.06103516
3849,3849,3854,19683.0,66,70185081.4819336,76353446.96044922,212533676.1474609,79312625.88500977
3850,3850,3855,19632.0,68,77607863.4262085,78918263.43536377,205327753.0670166,81417387.00866699
3851,3851,3856,18958.0,72,78569684.02862549,79643502.2354126,199179156.30340576,81321582.79418945
3852,3852,3857,18801.0,64,66815517.42553711,74864185.33325195,209156558.9904785,81053577.4230957
3853,3853,3858,18983.0,73,70271013.2598877,76068179.1305542,263658330.9173584,79458801.26953125
3854,3854,3859,19578.0,83,77850675.58288574,80310525.89416504,272213476.1810303,81672997.47467041
3855,3855,3860,19590.0,70,76217317.58117676,78030835.15167236,195077672.958374,83910044.67010498
3856,3856,3861,19439.0,71,71190374.37438965,74771230.69763184,247056261.06262207,76363059.04388428
3857,3857,3862,19168.0,89,80187682.15179443,75439188.95721436,223367610.93139648,78238862.03765869
3858,3858,3863,19160.0,83,81700785.63690186,80581894.87457275,230739539.1464233,83582015.99121094
3859,3859,3864,19237.0,78,88941524.50561523,85303974.15161133,248851300.239563,87465093.6126709
3860,3860,3865,18875.0,74,71667249.67956543,78531002.04467773,189003166.19873047,82568535.80474854
3861,3861,3866,18967.0,68,74574850.08239746,75755949.02038574,235194183.34960935,79608312.60681152
3862,3862,3867,18837.0,65,84211494.44580078,78613372.80273438,219330890.6555176,81514045.71533203
3863,3863,3868,18924.0,65,78286300.65917969,81480266.57104492,221604030.6091309,84867603.30200195
3864,3864,3869,18822.0,69,81758931.15997314,79511745.45288086,209716936.1114502,81298307.41882324
3865,3865,3870,18782.0,84,74045414.92462158,75725234.98535156,214172133.44573972,79547796.24938965
3866,3866,3871,19500.0,72,73159523.96392822,75805917.73986816,216302951.8127441,78854459.76257324
3867,3867,3872,19540.0,71,85519353.86657715,79023541.45050049,245197286.60583496,80953160.2859497
3868,3868,3873,19304.0,68,79906785.96496582,78943696.02203369,221558347.7020264,80514871.59729004
3869,3869,3874,19200.0,64,86955642.70019531,76447391.51000977,226205921.1730957,78987121.58203125
3870,3870,3875,19200.0,65,81636714.93530273,78834915.16113281,200261421.20361328,81162517.54760742
3871,3871,3876,19083.0,64,73626737.59460449,79169720.64971924,206189323.42529297,80683914.18457031
3872,3872,3877,19287.0,68,79388786.31591797,78224594.11621094,235920135.49804688,82263952.25524902
3873,3873,3878,19255.0,77,79362382.88879395,79866384.50622559,237669242.85888672,82256031.03637695
3874,3874,3879,19154.0,66,76247812.27111816,80213236.80877686,238985782.62329105,81784306.52618408
3875,3875,3880,19334.0,75,80392166.13769531,81007186.88964844,221926697.73101807,82816739.08233643
3876,3876,3881,19500.0,75,82231821.06018066,78808205.60455322,223385025.0244141,81719857.21588135
3877,3877,3882,18880.0,79,67390888.21411133,78205187.79754639,184983175.27771,80154148.10180664
3878,3878,3883,18997.0,83,78377349.85351562,78778667.44995117,276306103.70635986,80040501.59454346
3879,3879,3884,18964.0,71,89387760.16235352,75347242.35534668,233100952.1484375,76353874.20654297
3880,3880,3885,18386.0,71,70574316.02478027,71799657.82165527,212212347.03063965,74157732.0098877
3881,3881,3886,19142.0,85,68327381.1340332,73879562.37792969,232802235.6033325,77102790.83251953
3882,3882,3887,19275.0,79,73908221.24481201,77081117.63000488,222561639.7857666,78490447.04437256
3883,3883,3888,19348.0,80,72760071.75445557,77520114.89868164,179440361.02294922,79415953.63616943
3884,3884,3889,19502.0,71,81103673.93493652,75260854.72106934,222788582.80181885,81016114.23492432
3885,3885,3890,19486.0,66,75658729.55322266,76470829.01000977,207296058.6547852,79653575.8972168
3886,3886,3891,19413.0,73,79276904.10614014,79480928.42102051,236565059.66186523,81815077.78167725
3887,3887,3892,19349.0,66,79360530.85327148,78801219.94018555,260635967.25463867,81338573.45581055
3888,3888,3893,19553.0,73,80458276.74865723,77918378.82995605,235796907.4249268,80482856.75048828
3889,3889,3894,19606.0,67,84553428.64990234,79497352.60009766,214628551.4831543,82028686.5234375
3890,3890,3895,19381.0,66,65137178.42102051,77770683.28857422,179902500.1525879,81565269.47021484
3891,3891,3896,19387.0,84,79878693.58062744,78381752.96783447,224688898.08654785,80002095.22247314
3892,3892,3897,19581.0,70,71814800.26245117,76648171.42486572,218650159.83581543,79881100.65460205
3893,3893,3898,19453.0,67,74164997.10083008,75316070.55664062,228219512.93945312,77238021.85058594
3894,3894,3899,19378.0,74,86359205.24597168,76169819.83184814,268923937.7975464,77165251.73187256
3895,3895,3900,19358.0,89,87066143.98956299,74031373.97766113,234151179.31365967,76459877.01416016
3896,3896,3901,19589.0,76,85915901.18408203,79469080.9249878,269646311.75994873,82505179.4052124
3897,3897,3902,19589.0,77,81585386.27624512,76415566.44439697,229708504.67681885,78763645.17211914
3898,3898,3903,19627.0,66,97192703.24707033,76430488.58642578,250208488.46435547,80561347.96142578
3899,3899,3904,19397.0,66,92191078.18603516,80303264.61791992,232644634.24682617,82963581.08520508
3900,3900,3905,19118.0,67,83453566.5512085,81387001.99127197,226801887.51220703,84090348.24371338
3901,3901,3906,19451.0,76,98351914.40582275,83447711.94458008,241315223.6938477,85729649.5437622
3902,3902,3907,19018.0,81,92779233.93249512,80184192.6574707,221719696.9985962,85816704.75006104
3903,3903,3908,19380.0,69,89800820.35064697,81949651.71813965,236369700.43182373,84883172.9888916
3904,3904,3909,19056.0,86,99119510.65063477,80361404.41894531,448629151.3442993,84261933.32672119
3905,3905,3910,19115.0,77,91515549.659729,82733200.07324219,222894458.77075195,86704315.18554688
3906,3906,3911,18892.0,69,91012136.4593506,82861240.38696289,265099212.6464844,86100460.05249023
3907,3907,3912,18795.0,64,91030052.1850586,83077831.26831055,285743392.94433594,84904415.13061523
3908,3908,3913,19054.0,85,79501452.44598389,80506401.06201172,221191758.15582275,83965904.23583984
3909,3909,3914,19677.0,85,97426032.0663452,80840116.50085449,294346040.725708,82992868.42346191
3910,3910,3915,19306.0,70,86064659.11865234,79765996.9329834,273595386.5051269,82558183.67004395
3911,3911,3916,19333.0,77,97530090.33203124,78701161.38458252,256697113.9907837,82499409.67559814
3912,3912,3917,19687.0,70,94268463.13476562,79133744.23980713,240483867.64526367,81888699.53155518
3913,3913,3918,19204.0,67,81100025.17700195,77317897.79663086,238214435.57739255,80252700.80566406
3914,3914,3919,19393.0,70,86554455.75714111,75147848.12927246,232842328.07159424,76528436.6607666
3915,3915,3920,19887.0,87,82402361.86981201,73437555.31311035,248140901.56555176,75052885.05554199
3916,3916,3921,19106.0,66,82712156.29577637,72558541.2979126,237117794.03686523,73389081.00128174
3917,3917,3922,19727.0,90,88469679.8324585,76861912.72735596,230696991.9204712,80077952.38494873
3918,3918,3923,19091.0,77,82031288.14697266,76102843.28460693,239615497.58911133,77836714.74456787
3919,3919,3924,19168.0,79,72549426.07879639,74873122.215271,224348902.70233157,77529473.30474854
3920,3920,3925,19749.0,85,94205454.82635498,77503456.11572266,243594352.722168,79136278.15246582
3921,3921,3926,19636.0,70,75011172.2946167,76511552.81066895,220516136.1694336,79281899.45220947
3922,3922,3927,19589.0,71,72349994.65942383,76275146.484375,205353958.1298828,78506801.60522461
3923,3923,3928,19435.0,67,60516279.220581055,75410121.91772461,209245239.2578125,78450569.15283203
3924,3924,3929,19617.0,73,65149520.87402344,75373703.956604,195706996.9177246,76694760.3225708
3925,3925,3930,19500.0,65,57821273.80371094,74256992.34008789,200571727.75268555,75990486.14501953
3926,3926,3931,19413.0,65,66440792.08374024,75140808.10546875,221382110.59570312,78354011.53564453
3927,3927,3932,19462.0,70,70552257.5378418,76815252.30407715,214187313.079834,79318750.38146973
3928,3928,3933,19137.0,71,67319794.65484619,76064802.1697998,200209038.73443604,78303118.70574951
3929,3929,3934,19865.0,71,81773757.93457031,78489634.51385498,237207154.2739868,81417740.82183838
3930,3930,3935,19628.0,73,65843078.61328125,77076322.55554199,204727650.64239505,78894813.53759766
3931,3931,3936,19364.0,65,61898616.790771484,75598350.52490234,251757259.36889648,78326896.66748047
3932,3932,3937,19580.0,75,83307440.75775146,79152583.12225342,223339557.64770508,81964334.48791504
3933,3933,3938,19496.0,69,80604946.13647461,80399318.69506836,237460716.2475586,83472665.78674316
3934,3934,3939,19574.0,72,74394902.22930908,82738965.98815918,250974520.68328857,86018217.08679199
3935,3935,3940,19501.0,70,77848499.2980957,81276184.08203125,236536356.9259644,85566452.02636719
3936,3936,3941,19500.0,65,87755012.51220703,82706737.51831055,228316783.9050293,85868167.87719727
3937,3937,3942,19440.0,70,77205410.95733643,80057410.24017334,264126206.39801025,83707924.84283447
3938,3938,3943,19410.0,67,86033878.32641602,80826411.24725342,254921173.09570312,83411445.61767578
3939,3939,3944,19385.0,70,77047089.57672119,80277071.95281982,238807767.868042,83160967.82684326
3940,3940,3945,19063.0,73,76197487.83111572,78830082.89337158,256394629.4784546,82975559.23461914
3941,3941,3946,19457.0,78,85427564.62097168,81446993.82781982,353468873.97766113,84815809.24987793
3942,3942,3947,19189.0,72,71701053.61938477,78855662.34588623,206257327.07977292,80785434.72290039
3943,3943,3948,19326.0,67,81130844.11621094,78339675.90332031,225920009.6130371,81042465.20996094
3944,3944,3949,19465.0,67,86874654.76989746,79208397.86529541,246754383.0871582,80520943.6416626
3945,3945,3950,19274.0,70,73836804.38995361,78278714.17999268,256999549.86572263,81395832.06176758
3946,3946,3951,19712.0,68,74811431.88476562,80076446.53320312,288835197.44873047,82701181.41174316
3947,3947,3952,19404.0,65,77090549.46899414,79840003.96728516,245701206.2072754,83570503.23486328
3948,3948,3953,19511.0,68,65789062.5,81989466.6671753,207051723.4802246,85677683.83026123
3949,3949,3954,19493.0,69,75080553.05480957,79996612.54882812,251682579.0405273,83880882.2631836
3950,3950,3955,19460.0,70,77119266.51000977,80932260.51330566,388538288.1164551,82789325.71411133
3951,3951,3956,19606.0,67,78793804.16870117,81001777.64892578,238521228.7902832,84758773.80371094
3952,3952,3957,19500.0,66,64018669.12841797,80133247.37548828,179565464.0197754,82272232.05566406
3953,3953,3958,19450.0,66,66440290.451049805,78787353.515625,221026840.2099609,81421735.7635498
3954,3954,3959,19550.0,67,64858757.01904297,78084135.05554199,251403926.84936523,79791879.65393066
3955,3955,3960,19493.0,75,76622186.6607666,79451379.77600098,247557963.3712769,83249732.01751709
3956,3956,3961,19496.0,66,89027294.15893555,83673145.29418945,269386310.5773926,86670337.67700195
3957,3957,3962,19457.0,68,76862667.08374023,82539066.31469727,251430002.2125244,86730615.61584473
3958,3958,3963,19426.0,66,69533691.40625,82079624.17602539,202341884.6130371,84820362.09106445
3959,3959,3964,19509.0,67,79431659.69848633,82127449.03564453,201850177.76489255,84626766.20483398
3960,3960,3965,19547.0,67,70208812.71362305,81555076.5991211,233636615.75317383,84646785.73608398
3961,3961,3966,19565.0,67,59017372.131347656,80745239.2578125,219421138.76342773,82945537.56713867
3962,3962,3967,19403.0,66,67617164.6118164,80732078.5522461,214957157.13500977,83113731.38427734
3963,3963,3968,19382.0,69,69861050.60577393,81098789.21508789,249523540.49682617,83129904.74700928
3964,3964,3969,19616.0,68,68659049.98779297,81438098.9074707,213491588.5925293,84061439.51416016
3965,3965,3970,19501.0,67,66510482.78808594,81610019.68383789,216826663.97094727,83390430.45043945
3966,3966,3971,19499.0,67,60271900.17700195,80360218.0480957,191725650.78735352,82864215.85083008
3967,3967,3972,19500.0,68,61555446.62475586,80396759.03320312,224369117.7368164,82441772.4609375
3968,3968,3973,19516.0,68,69112510.68115234,81071868.89648438,240121778.4881592,83224727.63061523
3969,3969,3974,19403.0,67,63119787.21618652,80774997.71118164,201393381.1187744,83263305.6640625
3970,3970,3975,19641.0,69,67574778.55682373,81145263.671875,195852001.19018555,83504760.7421875
3971,3971,3976,19506.0,67,58911918.64013672,79173397.06420898,190362819.6716309,80511806.48803711
3972,3972,3977,19373.0,66,60569122.314453125,78466224.67041016,220303478.2409668,80913471.22192383
3973,3973,3978,19433.0,67,63008979.79736328,79246646.88110352,179583103.17993164,80537086.4868164
3974,3974,3979,19461.0,68,60958560.94360352,80663372.03979492,196142555.2368164,83148521.42333984
3975,3975,3980,19629.0,68,69482006.07299805,81137657.16552734,194243141.1743164,81823848.72436523
3976,3976,3981,19539.0,67,62556529.9987793,80601757.04956055,215662609.1003418,84229923.24829102
3977,3977,3982,19499.0,68,63783185.95886231,79362499.23706055,183096511.8408203,80959506.98852539
3978,3978,3983,19531.0,68,66964327.81219482,80382564.54467773,222993750.5722046,82970123.29101562
3979,3979,3984,19535.0,66,63831348.41918945,80333747.86376953,223416080.47485352,81409473.41918945
3980,3980,3985,19500.0,68,67040818.2144165,80605683.32672119,216352410.3164673,83531682.01446533
3981,3981,3986,19449.0,66,64488266.94488525,79729351.04370117,199085115.4327393,80684358.59680176
3982,3982,3987,19551.0,66,69662873.26812744,80161674.49951172,251443553.92456052,83492197.03674316
3983,3983,3988,19444.0,65,63227344.51293945,78656223.29711914,197749916.07666016,79935245.51391602
3984,3984,3989,19556.0,66,66157531.73828125,79664989.47143555,203412593.84155276,82132263.18359375
3985,3985,3990,19500.0,65,65678787.23144531,79272079.46777344,202490043.64013672,80481719.97070312
3986,3986,3991,19500.0,65,65396690.36865234,78668975.83007812,208949947.35717773,81160640.71655273
3987,3987,3992,19500.0,65,64199066.162109375,78614330.29174805,199623298.64501956,79600238.80004883
3988,3988,3993,19500.0,65,65696811.67602539,79338455.20019531,208940792.08374023,82388019.56176758
3989,3989,3994,19388.0,65,60783668.518066406,79729080.20019531,183717403.41186523,80191574.09667969
3990,3990,3995,19612.0,67,62124427.79541016,80184185.02807617,198253135.68115237,82650451.66015625
3991,3991,3996,19514.0,82,64273503.30352783,76699085.2355957,198150391.57867432,79152434.34906006
3992,3992,3997,20305.0,75,84626326.56097412,88747783.66088867,348469164.84832764,94781071.66290285
3993,3993,3998,19960.0,71,92924144.74487305,87984790.80200195,323551986.69433594,98280094.14672852
3994,3994,3999,19727.0,90,92946337.69989014,88922950.7446289,304804871.55914307,93121124.26757812
3995,3995,4000,19590.0,89,73831460.95275879,81388499.25994873,253915432.92999268,90162514.68658447
3996,3996,4001,20225.0,82,107502230.64422607,100719515.80047607,298394576.0726929,107427506.44683838
3997,3997,4002,19718.0,68,107027763.36669922,100803138.73291016,273205066.6809082,102620567.32177734
3998,3998,4003,19872.0,88,90546856.880188,93088870.04852296,296702576.63726807,105838696.47979736
3999,3999,4004,20226.0,70,100820236.20605467,104087699.89013672,295680526.73339844,109899379.7302246
4000,4000,4005,20096.0,78,96930131.91223145,102336065.2923584,303353517.53234863,106952464.10369872
4001,4001,4006,19883.0,76,95517606.73522948,102376299.85809326,269129427.9098511,104390061.378479
4002,4002,4007,19977.0,73,95863038.06304932,101913999.55749512,305439470.2911377,105890586.85302734
4003,4003,4008,19700.0,75,78872789.38293457,90959053.9932251,299016278.26690674,97117531.77642822
4004,4004,4009,19794.0,68,96978218.07861328,98462512.9699707,317004135.13183594,104580081.93969728
4005,4005,4010,19713.0,68,68444503.78417969,88307434.08203125,246262920.37963867,96415065.76538086
4006,4006,4011,19917.0,77,59602337.83721924,82284202.5756836,203879113.19732663,93112812.04223631
4007,4007,4012,19859.0,79,59655179.02374268,83720422.74475098,252135807.03735352,84519662.85705566
4008,4008,4013,20389.0,87,86726235.38970947,97299494.74334715,313087766.64733887,107050614.35699464
4009,4009,4014,20042.0,71,89028831.4819336,99617038.72680664,287880683.8989258,105463153.83911131
4010,4010,4015,19965.0,75,77348143.57757568,94903007.50732422,335661273.9562988,107579601.2878418
4011,4011,4016,20035.0,92,71423657.41729736,88286026.95465088,248000296.5927124,91830636.0244751
4012,4012,4017,19807.0,71,82086563.11035156,89249900.8178711,274743301.3916016,101227748.8708496
4013,4013,4018,20823.0,89,106656954.76531982,103048729.8965454,333994034.7671509,111345867.15698242
4014,4014,4019,20232.0,70,89363636.0168457,97335060.1196289,270852714.5385742,107874477.3864746
4015,4015,4020,20767.0,78,78019834.51843262,91266222.00012209,388697349.54833984,100551556.58721924
4016,4016,4021,20427.0,82,83052881.24084473,85642837.52441406,323191568.3746338,96805438.041687
4017,4017,4022,20400.0,76,76319749.83215332,86588022.23205566,313573474.8840332,96271127.70080566
4018,4018,4023,20518.0,81,97480496.40655518,94883890.15197754,304748987.197876,102818007.46917725
4019,4019,4024,20401.0,71,116587112.4267578,99276218.41430664,339257808.68530273,104093872.0703125
4020,4020,4025,20340.0,71,103597370.14770508,94607860.56518556,303217281.34155273,102778228.75976562
4021,4021,4026,20418.0,74,68903490.06652832,85127577.78167725,309321777.34375,101766077.9953003
4022,4022,4027,20403.0,77,96278646.4691162,85113529.20532227,323907115.9362793,95697494.50683594
4023,4023,4028,20158.0,72,71655763.62609863,80376212.12005615,270144466.4001465,90975925.44555664
4024,4024,4029,20541.0,86,111865272.52197266,98944693.56536864,367074615.4785156,108050454.13970947
4025,4025,4030,20262.0,76,115569040.29846191,97467926.02539062,362241688.7283325,105174449.9206543
4026,4026,4031,20356.0,75,109978092.19360352,96135161.39984132,301138487.81585693,104264501.57165527
4027,4027,4032,20128.0,69,109582077.0263672,96729244.23217772,269142490.3869629,101423267.36450195
4028,4028,4033,19806.0,70,96490104.67529295,88057581.9015503,324694719.3145752,97304669.380188
4029,4029,4034,19942.0,88,93380406.3796997,91199702.26287842,296477813.7207031,106473405.8380127
4030,4030,4035,19801.0,70,106249351.50146484,96070995.33081056,356399906.15844727,104848751.06811523
4031,4031,4036,19807.0,76,96751990.31829834,88602741.24145508,342339315.4144287,94045845.9854126
4032,4032,4037,19885.0,72,50743890.7623291,74475371.36077881,223641298.29406735,85365485.19134521
4033,4033,4038,19996.0,86,102678079.60510254,89216731.07147217,361910176.27716064,98859098.43444824
4034,4034,4039,20132.0,71,99300540.92407228,88397544.86083984,367582096.0998535,97733020.7824707
4035,4035,4040,20214.0,70,117358577.72827148,96021121.97875977,372991062.1643066,99785045.6237793
4036,4036,4041,19936.0,69,79258144.37866211,83690471.64916992,268939102.1728516,97393211.3647461
4037,4037,4042,20275.0,71,116699920.65429688,95496120.45288086,398181629.1809082,101009162.90283205
4038,4038,4043,19870.0,78,58119230.27038574,79011533.73718262,288695383.0718994,93299392.70019533
4039,4039,4044,19916.0,77,78957326.88903809,85635108.9477539,226133697.5097656,95850589.75219728
4040,4040,4045,20111.0,69,92476539.6118164,96150108.33740234,313253475.189209,100001838.68408205
4041,4041,4046,20116.0,70,72179500.57983398,93027824.40185548,275828281.4025879,103636421.20361328
4042,4042,4047,19903.0,69,70139091.49169922,98777080.53588869,235405880.92803955,101931196.21276855
4043,4043,4048,20335.0,86,88781494.140625,100817300.7965088,307843585.01434326,109218541.1453247
4044,4044,4049,20546.0,78,111031173.70605467,105276758.19396973,332506961.82250977,109115911.48376463
4045,4045,4050,20285.0,71,75773663.52081299,89369194.03076172,490122397.4227905,105308496.47521973
4046,4046,4051,20420.0,73,80906023.97918701,90680255.88989258,301646097.18322754,97484878.54003906
4047,4047,4052,20400.0,74,90175102.23388672,95707286.8347168,345036415.10009766,106220710.75439452
4048,4048,4053,20081.0,76,96851822.85308838,99418595.31402588,285988274.5742798,103710808.75396729
4049,4049,4054,20792.0,84,107910333.63342284,97472482.6812744,339264279.36553955,108846792.22106934
4050,4050,4055,20298.0,70,118674934.38720705,102701557.15942384,442543430.32836914,104918094.63500977
4051,4051,4056,20170.0,73,119700977.32543944,102335680.00793456,316469858.16955566,107211091.99523926
4052,4052,4057,20049.0,71,110135021.2097168,95149461.74621582,301803020.4772949,98704275.1312256
4053,4053,4058,19926.0,74,79531349.1821289,79960511.20758057,273604747.7722168,97799078.9413452
4054,4054,4059,20324.0,72,100822151.18408205,94485111.23657228,295320648.1933594,105331630.70678712
4055,4055,4060,20100.0,70,114374889.3737793,99734924.31640624,304383388.5192871,106517684.93652344
4056,4056,4061,20095.0,70,102027816.77246094,100189468.38378906,308922803.8787842,106420192.71850586
4057,4057,4062,19992.0,71,102301463.12713625,97475207.3287964,290241625.78582764,104385989.18914796
4058,4058,4063,20317.0,74,100379686.35559082,92461885.45227052,318953130.7220459,101934926.03302002
4059,4059,4064,20398.0,72,111429356.5750122,98047767.63916016,328000135.4217529,104848093.03283691
4060,4060,4065,20175.0,77,97759432.79266356,93383075.71411131,340557919.5022583,104577488.89923096
4061,4061,4066,20198.0,75,96213042.25921632,91447406.76879884,315015776.6342163,104511356.35375977
4062,4062,4067,20186.0,72,97340255.73730467,99734462.73803712,300263454.43725586,106163150.78735352
4063,4063,4068,20101.0,69,120030956.26831056,101886959.07592772,328695240.02075195,105815494.53735352
4064,4064,4069,20099.0,69,121583095.55053712,103392509.46044922,325589519.5007324,106263465.88134766
4065,4065,4070,20115.0,70,112863891.6015625,97559890.74707033,377354751.58691406,109109939.57519533
4066,4066,4071,20126.0,73,113836642.26531982,98989596.36688232,361775712.96691895,103560134.88769533
4067,4067,4072,19898.0,76,102193784.71374512,89899519.92034912,372279629.7073364,100171752.9296875
4068,4068,4073,20216.0,94,90259438.51470947,92527313.23242188,287321035.38513184,102061553.0014038
4069,4069,4074,20641.0,83,90738885.8795166,90202443.12286375,308836905.47943115,99630943.29833984
4070,4070,4075,19736.0,75,66794342.99468994,75776984.21478271,226714830.3985596,84426067.35229492
4071,4071,4076,19777.0,88,64815132.14111328,70569016.456604,198644567.489624,73362581.25305176
4072,4072,4077,19953.0,82,84209672.92785645,76764749.52697754,280019931.7932129,83090831.7565918
4073,4073,4078,19680.0,71,69932708.74023438,74960669.51751709,252629024.50561523,82185776.71051025
4074,4074,4079,19797.0,70,72390814.78118896,75791730.8807373,238019645.690918,81831531.5246582
4075,4075,4080,19924.0,69,89347053.52783203,80644393.92089844,250530670.1660156,83057701.11083984
4076,4076,4081,19590.0,68,77179439.54467773,74362094.87915039,250111595.1538086,80750614.16625977
4077,4077,4082,19980.0,78,92849954.60510254,81789740.56243896,310856054.3060303,86221390.72418213
4078,4078,4083,19678.0,80,72682006.8359375,77326354.98046875,282942467.68951416,85078409.19494629
4079,4079,4084,20006.0,69,97033325.1953125,85306755.06591797,273208778.38134766,88982658.38623047
4080,4080,4085,18843.0,75,66617611.8850708,72407547.95074463,214564787.86468503,78654752.73132324
4081,4081,4086,19874.0,81,80271425.24719238,82860284.80529785,229288306.2362671,87093981.74285889
4082,4082,4087,20006.0,77,83087801.93328857,86901320.4574585,256922315.59753415,92288804.05426024
4083,4083,4088,19659.0,68,72378597.25952148,78882911.6821289,252157356.26220703,87595142.36450195
4084,4084,4089,19586.0,81,65101203.91845703,73852197.64709473,197868412.97149655,78180480.00335693
4085,4085,4090,19503.0,67,73687217.71240234,76529357.91015625,202690521.2402344,77647338.8671875
4086,4086,4091,19499.0,67,61220729.82788086,71866664.88647461,204411403.65600583,78413364.41040039
4087,4087,4092,19498.0,70,65246898.65112305,72224836.3494873,215591472.6257324,74235569.00024414
4088,4088,4093,19391.0,67,67282896.04187012,72147048.95019531,190958187.10327148,75319562.9119873
4089,4089,4094,19424.0,82,70870040.89355469,76163052.55889893,279340096.47369385,78406650.54321289
4090,4090,4095,19641.0,72,72735317.23022461,76378591.53747559,201583354.9499512,80007154.46472168
4091,4091,4096,19497.0,67,69775215.14892578,72533943.17626953,198071685.7910156,75727893.8293457
4092,4092,4097,19504.0,67,70489238.73901367,74614421.84448242,220901626.5869141,78704319.00024414
4093,4093,4098,19498.0,67,68465419.76928711,74917850.49438477,190426826.4770508,77642498.01635742
4094,4094,4099,19367.0,76,72119839.66827393,74032287.59765625,219987306.59484863,77064881.32476807
4095,4095,4100,19724.0,90,80855342.86499023,73645217.89550781,207854932.78503415,75827451.70593262
4096,4096,4101,19793.0,72,83184654.23583984,74873784.06524658,265798266.41082764,81322363.85345459
4097,4097,4102,19678.0,67,81464747.42889404,73919338.22631836,231697780.6091309,79403440.47546387
4098,4098,4103,19324.0,79,77742918.01452637,73815400.12359619,200858759.88006592,78981942.17681885
4099,4099,4104,19645.0,80,65782919.88372803,69657011.03210449,194089813.23242188,72098760.6048584
4100,4100,4105,19304.0,77,79247186.6607666,70627676.01013184,215007345.19958496,74725260.7345581
4101,4101,4106,19543.0,71,74733799.9343872,73677940.36865234,235081136.7034912,75457767.48657227
4102,4102,4107,19423.0,69,66791902.54211426,70657863.61694336,201343002.31933597,75791610.71777344
4103,4103,4108,20070.0,85,80168378.82995605,73996976.85241699,209767527.58026123,78005860.32867432
4104,4104,4109,19786.0,71,76980370.52154541,75443589.21051025,240010143.2800293,81171935.08148193
4105,4105,4110,19693.0,67,81187431.33544922,77025432.58666992,224827877.04467773,81621391.29638672
4106,4106,4111,19623.0,75,75772048.95019531,71056614.87579346,227520143.50891116,77816009.52148438
4107,4107,4112,19287.0,65,69211097.71728516,67802268.9819336,229705043.7927246,70459960.9375
4108,4108,4113,19416.0,74,79704708.09936523,69854323.387146,214912944.7937012,73444984.43603516
4109,4109,4114,19538.0,67,74414435.38665771,71017667.77038574,220760424.61395264,73027405.73883057
4110,4110,4115,19496.0,72,72819337.84484863,70070316.31469727,243544816.01715088,74630848.88458252
4111,4111,4116,19736.0,72,77757322.31140137,72436511.9934082,199280166.62597656,75071495.05615234
4112,4112,4117,19407.0,67,77005226.1352539,72891025.54321289,218349704.74243164,76023712.15820312
4113,4113,4118,19239.0,71,71152651.7868042,71044684.41009521,201725984.57336423,73557677.26898193
4114,4114,4119,19000.0,78,70479604.72106934,71466882.70568848,191220909.11865237,74021899.22332764
4115,4115,4120,19623.0,84,72102043.15185547,73104620.93353271,185371241.56951904,74804015.15960693
4116,4116,4121,19254.0,71,73334334.37347412,70966901.7791748,231867519.3786621,75614296.91314697
4117,4117,4122,19631.0,71,74581617.35534668,69738900.18463135,185016490.9362793,72045548.43902588
4118,4118,4123,19586.0,74,67009908.67614746,69176227.56958008,196223226.5472412,72582189.55993652
4119,4119,4124,19591.0,68,72427497.86376953,71446395.87402344,246815284.7290039,73301033.02001953
4120,4120,4125,19420.0,67,74063426.01776123,68190017.70019531,233759662.62817383,72356969.83337402
4121,4121,4126,19534.0,67,72297584.5336914,70745719.90966797,186533088.68408203,74372547.1496582
4122,4122,4127,19436.0,67,81734613.4185791,74323766.70837402,222009490.96679688,77180923.46191406
4123,4123,4128,19632.0,72,71769570.35064697,72593624.11499023,215002209.6633911,77013157.84454346
4124,4124,4129,19368.0,66,75463302.61230469,74321945.19042969,223939849.8535156,77577136.9934082
4125,4125,4130,19614.0,67,76549976.34887695,74035617.82836914,208380191.8029785,77589981.07910156
4126,4126,4131,19291.0,66,76772260.66589355,72987098.69384766,188290214.53857425,75802082.06176758
4127,4127,4132,19590.0,71,76391801.83410645,75517169.95239258,218403642.65441892,78145240.7836914
4128,4128,4133,19637.0,67,81956871.03271484,75277927.39868164,232064647.67456052,81116920.4711914
4129,4129,4134,19502.0,70,75540992.7368164,73788013.45825195,222893325.8056641,77260562.89672852
4130,4130,4135,19359.0,66,71837446.21276855,74365737.91503906,226319978.7139893,78116544.72351074
4131,4131,4136,19641.0,67,84313691.13922119,76106077.19421387,277414993.2861328,79023649.21569824
4132,4132,4137,19398.0,66,78040876.3885498,73899227.14233398,216987022.39990237,79018535.61401367
4133,4133,4138,19602.0,67,76763761.52038574,76874626.15966797,247744419.0979004,79465564.7277832
4134,4134,4139,19500.0,66,78300567.62695312,73189716.33911133,226072826.38549805,77810268.40209961
4135,4135,4140,19500.0,67,80499382.97271729,74377298.35510254,210692964.553833,77584598.54125977
4136,4136,4141,19500.0,65,85776901.24511719,74148273.46801758,220902156.829834,76659393.31054688
4137,4137,4142,19500.0,65,82226657.86743164,72801876.06811523,203241634.36889648,75327587.12768555
4138,4138,4143,19500.0,65,75759029.38842773,72996425.62866211,212452697.75390625,74380302.42919922
4139,4139,4144,19500.0,65,79391670.22705078,72680854.79736328,239033889.7705078,76776695.25146484
4140,4140,4145,19500.0,65,81011295.31860352,75637722.01538086,221379375.45776367,77863883.97216797
4141,4141,4146,19277.0,71,74857161.52191162,74961694.71740723,215811077.11791992,78246929.16870117
4142,4142,4147,19717.0,68,73651767.73071289,75715808.8684082,217005065.91796875,78362068.17626953
4143,4143,4148,19125.0,65,82541107.17773438,77142829.89501953,237764804.8400879,79827217.10205078
4144,4144,4149,19875.0,70,82247619.62890625,76688327.78930664,237784496.30737305,79905048.37036133
4145,4145,4150,19362.0,66,85724407.19604492,77632884.97924805,244058074.95117188,81945590.97290039
4146,4146,4151,19213.0,73,92227467.53692628,77167309.76104736,230106330.87158203,79926304.8171997
4147,4147,4152,19412.0,72,85722149.84893799,73814551.35345459,193695941.92504883,79482421.875
4148,4148,4153,19591.0,71,96088348.38867188,78984954.83398438,278381860.7330322,82160403.25164795
4149,4149,4154,19500.0,66,93104448.31848145,79336738.58642578,277934951.78222656,82600021.36230469
4150,4150,4155,19500.0,65,85053348.54125977,76335239.41040039,227339458.46557617,80835628.50952148
4151,4151,4156,19486.0,65,87454739.57061768,79072052.95562744,251668036.4608765,82560198.78387451
4152,4152,4157,18871.0,72,78557830.81054688,76859661.10229492,199380309.10491943,81790684.7000122
4153,4153,4158,18724.0,68,84371997.83325195,76593399.04785156,237984188.079834,80435132.02667236
4154,4154,4159,19035.0,82,88923648.83422852,79648920.0592041,267977273.94104004,83723840.71350098
4155,4155,4160,18935.0,67,88646759.03320312,78334343.91021729,223144226.07421875,83728379.24957275
4156,4156,4161,18853.0,77,71162204.74243164,76377576.82800293,202286470.413208,78742148.39935303
4157,4157,4162,18927.0,71,83484781.26525879,75814825.0579834,228109355.92651367,79781623.84033203
4158,4158,4163,19590.0,72,81858685.49346924,77530236.24420166,226648777.00805664,80791017.53234863
4159,4159,4164,19778.0,85,69853770.25604248,76517305.37414551,225937915.80200195,82685704.2312622
4160,4160,4165,19599.0,67,91891876.22070312,77116661.07177734,229320144.6533203,79337554.93164062
4161,4161,4166,19395.0,66,80334133.14819336,75105500.22125244,267539073.9440918,79138852.1194458
4162,4162,4167,19812.0,75,56787976.26495361,70566720.96252441,183903947.8302002,73040377.61688232
4163,4163,4168,19952.0,68,64866970.06225586,72245628.3569336,181605503.0822754,75121540.06958008
4164,4164,4169,19800.0,67,80424694.0612793,74693149.56665039,213700435.63842773,76213504.79125977
4165,4165,4170,19800.0,68,76584972.3815918,73104549.40795898,186459789.27612305,77305469.51293945
4166,4166,4171,19800.0,67,69631587.98217773,73690509.79614258,187639133.45336917,76204490.6616211
4167,4167,4172,19800.0,68,82718515.39611816,74291849.13635254,216483394.62280276,78872959.13696289
4168,4168,4173,19670.0,69,78804201.12609863,76506345.74890137,279589666.36657715,79591785.4309082
4169,4169,4174,19921.0,69,70192067.14630127,76334182.73925781,190324871.0632324,80286678.31420898
4170,4170,4175,19800.0,66,71455764.77050781,72404766.08276367,180526256.5612793,76560115.81420898
4171,4171,4176,19694.0,67,85622741.69921875,75887119.29321289,217746208.190918,80998554.22973633
4172,4172,4177,19906.0,67,78306438.44604492,76880897.52197266,239829185.48583984,81821311.9506836
4173,4173,4178,19685.0,66,82363042.8314209,76569671.63085938,216265907.2875977,81517591.47644043
4174,4174,4179,19915.0,68,78115259.17053223,78969488.1439209,219487557.41119385,82850641.25061035
4175,4175,4180,19800.0,66,84399604.79736328,78553104.40063477,209128189.0869141,83479499.81689453
4176,4176,4181,19800.0,66,87739276.88598633,79428863.52539062,220321941.3757324,82348537.44506836
4177,4177,4182,19673.0,68,76598884.58251953,77007335.6628418,217225960.73150635,81788536.07177734
4178,4178,4183,19818.0,72,87874950.40893555,77521888.73291016,236281494.140625,81878387.45117188
4179,4179,4184,19910.0,68,93988861.08398438,79106998.44360352,233188137.05444336,84457679.74853516
4180,4180,4185,19799.0,67,89670795.44067383,81984275.8178711,219823860.16845703,85463130.95092773
4181,4181,4186,19266.0,70,83972704.88739014,80656077.38494873,227365268.7072754,85778385.16235352
4182,4182,4187,19200.0,64,94944477.08129884,81614685.05859375,231280803.68041992,84888553.61938477
4183,4183,4188,19200.0,65,74133813.85803223,80066059.11254883,232402439.11743164,85689399.71923828
4184,4184,4189,19194.0,65,70928455.3527832,75981033.32519531,208532403.94592285,82274826.04980469
4185,4185,4190,18633.0,67,82321275.71105957,75430818.55773926,241385746.00219727,79927097.32055664
4186,4186,4191,19176.0,74,88630607.60498047,77752339.36309814,227403289.79492188,82012234.68780518
4187,4187,4192,19513.0,85,89123125.07629395,81619877.81524658,315056186.6760254,86522854.80499268
4188,4188,4193,19501.0,72,78978761.67297363,80152926.44500732,239060121.53625488,86755209.92279053
4189,4189,4194,20042.0,73,102483457.56530762,86266624.4506836,269622638.7023926,92014975.54779053
4190,4190,4195,19721.0,71,93691047.66845705,82111314.77355957,338543743.1335449,88155074.11956787
4191,4191,4196,19375.0,65,70952510.83374023,76979255.67626953,261151409.14916992,82664680.48095703
4192,4192,4197,19213.0,68,90803987.50305176,76811103.82080078,212753528.5949707,83607414.24560547
4193,4193,4198,18972.0,70,81062512.39776611,74116654.39605713,226828207.96966556,78383789.0625
4194,4194,4199,19191.0,70,68084494.59075928,75571788.7878418,198787267.6849365,80758587.83721924
4195,4195,4200,19144.0,76,92788339.61486816,81390583.03833008,270482116.69921875,85643331.52770996
4196,4196,4201,19079.0,70,98187261.5814209,81515142.4407959,284666094.77996826,87680416.10717773
4197,4197,4202,18980.0,77,69672918.31970215,78394828.79638672,207553384.7808838,83743881.22558594
4198,4198,4203,18751.0,74,78378550.52947998,76644275.6652832,216031479.83551025,81781986.23657227
4199,4199,4204,18956.0,70,76750102.04315186,77837577.81982422,206790614.1281128,81833507.5378418
4200,4200,4205,19335.0,72,76837615.96679688,76832252.5024414,223741671.5621948,81111111.64093018
4201,4201,4206,19200.0,64,79302978.515625,75005149.8413086,236260128.02124023,78497028.35083008
4202,4202,4207,19200.0,64,78291320.80078125,77252769.47021484,307573699.9511719,80853939.05639648
4203,4203,4208,19200.0,64,78973102.56958008,76649951.93481445,220747089.38598636,81560897.82714844
4204,4204,4209,19417.0,70,91787204.74243164,80392776.48925781,255551525.1159668,83735740.6616211
4205,4205,4210,19500.0,65,87560749.05395508,80303192.13867188,215412139.89257807,84011363.9831543
4206,4206,4211,19500.0,65,71289253.23486328,76718330.38330078,223293972.0153809,82871818.54248047
4207,4207,4212,19500.0,65,78879833.22143555,79708957.67211914,244964504.24194336,83315277.09960938
4208,4208,4213,19425.0,65,82156599.99847412,80465274.81079102,250288106.91833496,85790657.04345703
4209,4209,4214,19575.0,68,76788754.4631958,75362617.49267578,199550843.23883057,78532339.09606934
4210,4210,4215,19296.0,69,78929415.70281982,75618991.85180664,213055493.35479736,79058984.75646973
4211,4211,4216,19843.0,76,89467516.89910889,79881958.96148682,242047320.36590576,83809334.75494385
4212,4212,4217,19799.0,70,98031068.80187988,81527929.30603027,310413756.37054443,87097513.19885254
4213,4213,4218,19800.0,66,94482421.875,80765819.54956055,271114253.99780273,87630844.11621094
4214,4214,4219,19800.0,67,95033464.4317627,83892059.32617188,290405826.5686035,90091766.35742188
4215,4215,4220,19800.0,66,85935401.9165039,81851291.65649414,287907314.3005371,88654804.22973633
4216,4216,4221,19800.0,67,93649463.65356444,82211322.78442383,265267925.2624512,89902896.88110352
4217,4217,4222,19800.0,67,95855026.2451172,84227680.20629883,263884014.12963867,89384330.74951172
4218,4218,4223,19389.0,77,69588886.26098633,75787371.63543701,216061557.7697754,81737956.0470581
4219,4219,4224,19004.0,78,77383278.84674072,77869983.6730957,230492724.4186401,82552645.68328857
4220,4220,4225,19598.0,74,94664790.15350342,82315515.51818848,298625778.1982422,89296144.48547363
4221,4221,4226,19759.0,73,79847758.29315186,81091800.68969727,248670409.20257568,87852106.09436035
4222,4222,4227,19925.0,68,88266326.90429688,84526492.11883545,270416474.3423462,91969682.69348145
4223,4223,4228,19685.0,67,91295304.29840088,83283161.16333008,283336946.4874268,90341728.21044922
4224,4224,4229,19729.0,68,73482225.41809082,81866588.5925293,262511172.2946167,90134048.46191406
4225,4225,4230,19953.0,68,91904739.3798828,81206378.93676758,275961124.420166,88959072.11303711
4226,4226,4231,19833.0,67,96655909.53826904,84919109.34448242,244202510.83374023,91163749.69482422
4227,4227,4232,19565.0,71,81830671.3104248,79348588.94348145,257879829.40673828,86495334.62524414
4228,4228,4233,19409.0,70,79606774.33013916,78559573.17352295,228709468.84155276,85254013.06152344
4229,4229,4234,19818.0,76,88333320.61767578,82688734.05456543,240506163.59710693,89391433.71582031
4230,4230,4235,19746.0,78,77994380.95092773,78785881.99615479,224801753.99780276,86250807.762146
4231,4231,4236,19495.0,69,90537950.51574709,78257339.47753906,283328586.57836914,82838948.2498169
4232,4232,4237,19500.0,65,77210140.22827148,76801300.04882812,269930362.701416,81805515.28930664
4233,4233,4238,19260.0,66,86367856.0256958,75527370.45288086,211091196.06018063,79930902.4810791
4234,4234,4239,19027.0,78,87701678.27606201,77629610.06164551,265512069.70214844,82102900.50506592
4235,4235,4240,19327.0,74,66734683.0368042,76862366.67633057,220180319.78607175,82503755.56945801
4236,4236,4241,19217.0,78,75629423.14147949,76722939.49127197,237288866.0430908,81850132.9421997
4237,4237,4242,19249.0,65,83871360.7788086,77493892.66967773,232686664.58129883,81838607.78808594
4238,4238,4243,19200.0,64,74897861.48071289,76451683.0444336,226170444.4885254,81265640.25878906
4239,4239,4244,19066.0,74,71263705.25360107,72576696.39587402,233124951.36260983,75861272.81188965
4240,4240,4245,19252.0,74,83749187.46948242,77684725.76141357,248230430.6030273,83195122.71881104
4241,4241,4246,19520.0,69,63333934.78393555,78981358.5281372,213628593.44482425,85152330.39855957
4242,4242,4247,19471.0,70,67911576.27105713,71511906.62384033,206025988.5787964,78401071.54846191
4243,4243,4248,19514.0,66,82823591.2322998,75540392.87567139,228563556.67114255,79151404.38079834
4244,4244,4249,19509.0,66,73955446.24328613,77646183.01391602,233195357.32269287,81963214.87426758
4245,4245,4250,19500.0,66,77085908.88977051,77487659.4543457,223775442.1234131,81217700.95825195
4246,4246,4251,19338.0,72,93725915.90881348,77482049.9420166,518409685.1348877,81436829.56695557
4247,4247,4252,19586.0,73,83260964.39361572,80323239.32647705,234939587.5930786,84393424.03411865
4248,4248,4253,19302.0,70,74834647.1786499,77344476.6998291,231868198.3947754,83275380.13458252
4249,4249,4254,19200.0,64,88831043.2434082,80146121.97875977,296254348.7548828,84212493.89648438
4250,4250,4255,19200.0,65,86889099.12109375,80213970.18432617,219450286.8652344,84683961.86828613
4251,4251,4256,19200.0,64,75842571.25854492,78760242.4621582,225139904.0222168,85293960.57128906
4252,4252,4257,19200.0,64,68531799.31640625,79276657.10449219,210040855.40771484,81254482.26928711
4253,4253,4258,19200.0,64,64262580.87158203,75376224.51782227,196868705.7495117,80364990.234375
4254,4254,4259,19247.0,68,65973936.08093262,77993024.8260498,196094268.79882807,79942190.17028809
4255,4255,4260,19636.0,66,73293315.88745117,77494144.43969727,282912830.3527832,81438297.27172852
4256,4256,4261,19500.0,65,66767692.56591797,77228450.77514648,218970680.2368164,79215431.2133789
4257,4257,4262,19386.0,65,66352231.97937012,76575668.33496094,216121433.25805664,79610275.26855469
4258,4258,4263,19518.0,66,59698768.615722656,74279926.30004883,229546302.79541016,76528953.5522461
4259,4259,4264,19971.0,72,85406223.29711914,80232386.5890503,247325796.1273193,84490555.76324463
4260,4260,4265,19800.0,66,73320865.63110352,78465557.09838867,223544311.5234375,84427928.92456055
4261,4261,4266,19555.0,66,94434318.54248048,81991104.12597656,281267719.2687988,86812309.26513672
4262,4262,4267,20086.0,86,87060446.73919678,85187588.69171143,281939882.2784424,94233988.76190186
4263,4263,4268,19800.0,67,106185154.91485596,91877050.39978027,303958292.0074463,96796312.33215332
4264,4264,4269,19800.0,66,106477546.69189452,93461608.88671876,277861976.6235352,97144031.5246582
4265,4265,4270,19800.0,66,103330421.4477539,90972518.92089844,298043918.60961914,95523548.1262207
4266,4266,4271,19693.0,67,63010887.145996094,78948925.01831055,215372264.86206052,90567451.47705078
4267,4267,4272,19772.0,67,94299266.81518556,84565082.55004883,373025867.4621582,91971443.17626952
4268,4268,4273,20300.0,78,110000828.74298096,94416440.96374512,316555431.3659668,98494135.85662842
4269,4269,4274,19649.0,67,93124341.01104736,87619633.67462158,258149536.1328125,94980411.52954102
4270,4270,4275,19099.0,77,93822418.21289062,86962533.95080566,261218936.920166,94357770.9197998
4271,4271,4276,20025.0,81,96653368.94989014,88588045.12023926,345053455.3527832,95209252.35748293
4272,4272,4277,20423.0,74,115010809.89837646,94641345.9777832,376170400.6195069,101950271.60644533
4273,4273,4278,19644.0,92,99823100.09002686,91054532.05108644,307436532.9742432,103950760.84136964
4274,4274,4279,19861.0,76,130020076.75170898,101302159.3093872,351067156.791687,103576526.6418457
4275,4275,4280,20081.0,71,126199415.20690918,100367486.95373537,431156151.7715454,104307668.68591309
4276,4276,4281,20122.0,72,117964368.82019044,95211112.0223999,381213539.1235352,103307120.32318117
4277,4277,4282,19714.0,69,119504226.68457033,92132366.18041992,363936930.6564331,99951598.16741943
4278,4278,4283,19815.0,80,105854975.70037842,89996667.86193848,332605620.3842163,99552355.7662964
4279,4279,4284,19854.0,68,97320007.32421876,86544799.8046875,270094470.9777832,98245353.69873048
4280,4280,4285,19680.0,68,91192181.58721924,79983455.65795898,328159244.5373535,90719249.7253418
4281,4281,4286,19941.0,68,115397426.6052246,88660915.37475586,295218738.5559082,98414096.8322754
4282,4282,4287,19800.0,68,112594539.64233398,86366592.40722656,333833175.6591797,92633548.73657228
4283,4283,4288,19456.0,73,112457188.6062622,85557116.50848389,349318515.7775879,89252064.70489502
4284,4284,4289,19536.0,71,112808261.87133788,86118359.56573486,384939688.68255615,88150728.22570801
4285,4285,4290,19295.0,83,99419556.61773682,82797014.2364502,374578446.3882446,90271536.8270874
4286,4286,4291,20143.0,83,118266292.57202148,90595451.35498048,332201752.6626587,98687419.89135742
4287,4287,4292,20134.0,78,66058078.76586914,81309389.11437988,244408821.10595703,94421277.99987791
4288,4288,4293,20113.0,89,85588076.5914917,88835309.9822998,285419808.38775635,100045348.16741943
4289,4289,4294,20292.0,81,114378980.63659668,101243707.65686037,322795209.88464355,108514883.04138184
4290,4290,4295,19791.0,75,106524290.08483888,96472235.67962646,267847415.92407227,101727705.95550536
4291,4291,4296,19495.0,88,92890989.30358888,90421802.52075195,273358364.1052246,102323148.727417
4292,4292,4297,20143.0,85,112847900.390625,103129114.15100098,318150758.74328613,111070631.980896
4293,4293,4298,20711.0,75,114800813.67492676,107987828.2546997,311655740.73791504,118456780.4336548
4294,4294,4299,20302.0,69,100273197.17407228,99050123.21472168,293355113.9831543,110967089.65301514
4295,4295,4300,20208.0,70,101186933.51745604,102846515.65551758,280201160.4309082,108809974.67041016
4296,4296,4301,19624.0,78,104573352.8137207,100575827.59857178,312632195.4727173,107512948.03619383
4297,4297,4302,20708.0,102,114132201.19476318,97491844.1772461,344608246.8032837,108421149.2538452
4298,4298,4303,19694.0,67,102051887.51220705,87515373.22998047,311806308.7463379,102162620.5444336
4299,4299,4304,20094.0,75,78114277.83966064,87756747.24578857,347331203.46069336,106089023.59008788
4300,4300,4305,20001.0,82,121526216.506958,100182216.64428712,349545634.2697144,109539969.4442749
4301,4301,4306,19538.0,68,112008777.6184082,98350418.09082033,344115341.18652344,106363059.9975586
4302,4302,4307,20000.0,70,119448528.28979492,100220455.16967772,342113739.0136719,115804882.04956056
4303,4303,4308,19847.0,68,124132432.93762209,105856596.94671632,341541782.3791504,114345308.303833
4304,4304,4309,19504.0,68,116113277.43530272,96549939.1555786,395051076.8890381,112094708.442688
4305,4305,4310,19348.0,71,85390771.86584473,87066905.02166748,304271928.78723145,102022336.95983888
4306,4306,4311,19335.0,70,119686182.02209473,104396697.04437256,370167497.6348877,114795784.95025636
4307,4307,4312,19200.0,64,131252861.02294922,101582336.42578124,411975288.3911133,110631752.01416016
4308,4308,4313,19200.0,64,125785160.06469728,106113910.67504884,437614345.5505371,110428905.48706056
4309,4309,4314,19506.0,67,119264442.44384766,101709205.6274414,478500251.77001953,107931924.81994627
4310,4310,4315,19315.0,69,115521164.894104,92171267.50946043,378181117.0578003,104219525.33721924
4311,4311,4316,19420.0,69,130404762.2680664,100569690.7043457,432669159.8892212,109459860.80169678
4312,4312,4317,19188.0,65,128274616.24145508,101831691.74194336,466518157.9589844,111727012.63427734
4313,4313,4318,19307.0,75,129692345.61920166,100477670.66955566,403863437.6525879,109823961.25793456
4314,4314,4319,19242.0,76,114331142.42553712,103697765.3503418,422124795.9136963,112141266.82281494
4315,4315,4320,19094.0,75,107447495.46051024,96990552.90222168,354630016.3269043,112188217.16308594
4316,4316,4321,18997.0,84,100908376.6937256,95060270.30944824,317614735.6033325,108744654.65545654
4317,4317,4322,18908.0,64,126967578.88793944,106306087.49389648,381431690.21606445,113585681.9152832
4318,4318,4323,20527.0,88,92843482.01751707,91453042.9840088,318685384.7503662,109921445.84655762
4319,4319,4324,20550.0,76,83689383.5067749,91479731.55975342,337568417.5491333,106662055.96923828
4320,4320,4325,20268.0,74,110919729.23278809,100308188.43841553,362656583.78601074,109907837.86773682
4321,4321,4326,20938.0,77,118286127.0904541,108210304.2602539,343670363.4262085,117964532.85217284
4322,4322,4327,20241.0,87,122810958.86230467,104934096.33636476,501766119.0032959,112089602.47039796
4323,4323,4328,20100.0,67,119285774.23095705,107831382.75146484,424297428.1311035,112001037.59765624
4324,4324,4329,19818.0,68,95581766.12854004,92101861.95373537,360135158.5388184,100743121.14715576
4325,4325,4330,19406.0,81,93386283.87451172,80280497.55096436,355014461.517334,91380052.56652832
4326,4326,4331,19254.0,75,73032997.13134766,75111799.2401123,237363864.89868164,82934276.58081055
4327,4327,4332,20207.0,100,106705155.37261964,92312440.87219238,373880712.5091553,102875539.77966309
4328,4328,4333,19658.0,83,106208451.27105711,96023415.56549072,338608119.0109253,100374526.97753906
4329,4329,4334,20096.0,80,76650542.25921631,87314856.52923584,248910816.19262692,100151290.89355467
4330,4330,4335,20178.0,74,108244999.88555908,93988965.03448486,328257589.34021,98229681.96868896
4331,4331,4336,19729.0,72,78476665.49682617,83096561.43188477,309981014.251709,96064651.4892578
4332,4332,4337,20354.0,76,105035964.96582033,89326121.33026123,377497192.3828125,102440041.54205322
4333,4333,4338,20736.0,76,124439958.5723877,103159911.15570068,1014852006.9122314,108720029.83093262
4334,4334,4339,20418.0,78,96352008.81958008,92315472.60284424,321207696.91467285,108217707.63397215
4335,4335,4340,20390.0,85,84578965.18707275,89362105.36956787,262139161.10992432,98644471.16851808
4336,4336,4341,20269.0,73,91250925.06408691,95351765.6326294,355997352.60009766,99566078.18603516
4337,4337,4342,20908.0,85,99018027.30560304,103269844.05517578,334501585.00671387,112875097.27478027
4338,4338,4343,20395.0,71,109961206.43615724,105489056.58721924,321375617.0272827,111231163.02490234
4339,4339,4344,20376.0,75,104739633.56018066,102322845.45898438,330075342.1783447,111098074.9130249
4340,4340,4345,20531.0,91,121975482.94067384,111855951.3092041,334300789.83306885,115403706.55059814
4341,4341,4346,20081.0,81,97831864.35699464,101368557.92999268,290885841.3696289,116785722.73254396
4342,4342,4347,20642.0,83,102271263.1225586,105102986.3357544,392783771.5148926,110999657.6309204
4343,4343,4348,20222.0,80,96266720.77178957,102295913.69628906,292009047.50823975,108449683.18939207
4344,4344,4349,19824.0,83,90086006.16455078,99734950.0656128,268740559.5779419,105389629.36401369
4345,4345,4350,20012.0,82,92603447.91412354,97264503.4790039,245231060.02807617,105171733.85620116
4346,4346,4351,20869.0,83,72850990.29541016,93680139.54162598,254366312.02697757,104461113.92974854
4347,4347,4352,20437.0,70,109056453.70483398,105423557.28149414,373475561.1419678,111870267.868042
4348,4348,4353,20421.0,70,117289447.78442384,111397520.06530762,354913362.50305176,117876136.77978516
4349,4349,4354,20178.0,71,101381041.52679443,92406305.31311037,317408317.565918,109339788.43688963
4350,4350,4355,20625.0,75,123081878.66210938,108346482.2769165,372034421.9207764,113530152.32086182
4351,4351,4356,20252.0,68,111641147.6135254,104148998.26049805,340100154.876709,108008663.17749023
4352,4352,4357,19987.0,73,106276075.36315918,95632468.22357178,323469181.060791,107921462.059021
4353,4353,4358,20324.0,73,119748706.81762695,109984925.27008057,307616966.2475586,114521471.97723389
4354,4354,4359,20534.0,72,120589414.59655762,109314719.20013428,412457530.9753418,114417244.91119383
4355,4355,4360,20400.0,69,96225410.46142578,95442852.02026369,319355430.60302734,112950679.77905272
4356,4356,4361,20186.0,80,101313619.61364746,79490875.24414062,315936192.5125122,89581760.40649414
4357,4357,4362,20112.0,70,96119741.43981934,87212356.56738281,311221015.9301758,93198125.8392334
4358,4358,4363,19769.0,67,79977874.75585938,84856269.83642578,213974861.14501956,87090953.8269043
4359,4359,4364,20384.0,79,82337734.22241211,85118443.4890747,249759793.2815552,92686798.09570312
4360,4360,4365,20044.0,67,79391887.66479492,85695545.1965332,250499412.5366211,89290233.61206055
4361,4361,4366,19641.0,82,82165097.2366333,84250771.52252197,244228337.28790283,87223237.03765869
4362,4362,4367,19904.0,78,81094861.98425293,84579567.90924072,212192438.12561035,88361944.1986084
4363,4363,4368,19719.0,82,83578350.06713867,81429651.26037598,227402183.53271484,87510478.97338867
4364,4364,4369,19704.0,72,79400274.2767334,77400673.86627197,263912569.0460205,80061335.56365967
4365,4365,4370,19333.0,70,72598510.7421875,72541229.24804688,213035133.3618164,77991875.64849854
4366,4366,4371,19752.0,85,84223443.03131104,78592277.52685547,241633462.9058838,86068852.42462158
4367,4367,4372,19768.0,72,90541843.41430664,83746026.03912354,283285557.7468872,88299149.51324463
4368,4368,4373,19272.0,66,92539047.24121094,84247076.0345459,213964697.8378296,87682353.97338867
4369,4369,4374,19319.0,68,86921799.659729,85996787.07122803,277591258.04901123,91696310.99700928
4370,4370,4375,19383.0,70,94597741.12701416,88544323.92120361,221152217.86499023,92443125.72479248
4371,4371,4376,19440.0,84,89044754.02832031,84151974.67803955,252890333.1756592,88866450.30975342
4372,4372,4377,19649.0,76,78987940.78826904,76616988.18206787,231282330.5130005,85426362.99133301
4373,4373,4378,19189.0,81,70257416.72515869,76912761.68823242,238554123.878479,83228275.29907227
4374,4374,4379,19883.0,71,84109544.75402832,76983260.15472412,265360477.44750977,82320366.85943604
4375,4375,4380,19935.0,93,90651733.3984375,78228288.6505127,271149245.262146,86879975.31890869
4376,4376,4381,20342.0,75,93387343.40667725,83442859.6496582,266398056.03027344,93214075.08850098
4377,4377,4382,20100.0,67,93710803.9855957,85414409.63745117,261701202.39257807,91064643.85986328
4378,4378,4383,19878.0,67,83470630.64575195,83010623.93188477,248283531.18896484,90368774.4140625
4379,4379,4384,19852.0,78,90561677.93273926,80118590.35491943,284010975.8377075,88641000.74768066
4380,4380,4385,19540.0,72,82664052.00958252,74321541.78619385,210788019.18029785,82136020.66040039
4381,4381,4386,19343.0,65,85379358.29162598,77928361.8927002,225921134.94873047,82260051.72729492
4382,4382,4387,19380.0,81,86151050.56762695,78253711.70043945,250076787.9486084,81411019.32525635
4383,4383,4388,19653.0,70,71455032.34863281,74619313.24005127,206661809.92126465,82262660.0265503
4384,4384,4389,19420.0,66,83715046.8826294,76147874.83215332,215967686.6531372,78525341.03393555
4385,4385,4390,19180.0,73,68525448.7991333,72391722.67913818,205364988.3270264,80239609.71832275
4386,4386,4391,19547.0,71,78757408.14208984,74403347.96905518,259351119.04144287,76884018.89801025
4387,4387,4392,19393.0,68,72959230.42297363,74716801.64337158,216189378.7384033,78546532.63092041
4388,4388,4393,19500.0,66,79448508.26263428,72843969.34509277,252623613.35754395,76992166.51916504
4389,4389,4394,19500.0,65,74696159.36279297,74037551.87988281,215893077.8503418,78493881.22558594
4390,4390,4395,19372.0,71,77287440.2999878,77738409.99603271,205797397.6135254,80011275.29144287
4391,4391,4396,19980.0,74,83069211.95983887,86252238.2736206,313268806.45751953,92917644.50073242
4392,4392,4397,19800.0,66,94800567.62695312,85139465.33203125,243014144.8974609,93822669.98291016
4393,4393,4398,19538.0,66,93445755.0048828,86454344.74945068,229206412.31536865,90013477.32543945
4394,4394,4399,19728.0,76,81178187.3703003,80422142.0288086,246760884.28497317,85048132.89642334
4395,4395,4400,19818.0,79,83621088.0279541,75975373.26812744,236876184.46350095,80253805.16052246
4396,4396,4401,19497.0,71,77260501.86157227,72481924.05700684,210108517.64678955,74019676.2084961
4397,4397,4402,19372.0,71,80412575.72174072,72540276.52740479,218559278.4881592,75341654.77752686
4398,4398,4403,19457.0,72,79614392.28057861,74016775.13122559,225203970.90911865,75846030.23529053
4399,4399,4404,19428.0,68,79368093.49060059,74032377.24304199,224321619.03381348,77286386.48986816
4400,4400,4405,18973.0,79,84356355.66711426,74102217.67425537,222520252.2277832,77666406.63146973
4401,4401,4406,18998.0,77,81811161.04125977,74469220.16143799,248804133.41522217,77570915.22216797
4402,4402,4407,20168.0,71,97149303.4362793,83359187.12615967,264120342.25463867,92258257.86590576
4403,4403,4408,19585.0,78,80436730.38482666,78067851.06658936,245479861.25946045,84637428.2836914
4404,4404,4409,20280.0,71,94921829.2236328,79817090.98815918,285512958.5266113,86987400.05493164
4405,4405,4410,20124.0,71,89266230.58319092,76110681.53381348,261933896.0647583,84217235.56518555
4406,4406,4411,19674.0,76,81465723.03771973,73811557.76977539,242420427.3223877,78812582.01599121
4407,4407,4412,19557.0,76,80621255.87463379,75722122.19238281,247646677.97088623,80226578.71246338
4408,4408,4413,19502.0,69,80715795.51696777,72450529.09851074,215334012.9852295,76170087.81433105
4409,4409,4414,19500.0,65,82866668.70117188,71413421.63085938,228584861.7553711,75982475.28076172
4410,4410,4415,19034.0,73,81178003.31115723,73338467.59796143,226227065.08636475,77049581.52770996
4411,4411,4416,18998.0,77,91933156.96716309,74965498.92425537,270507549.2858887,79092118.26324463
4412,4412,4417,18736.0,77,70780298.23303223,68262482.64312744,222159433.36486816,73618468.28460693
4413,4413,4418,18554.0,66,88396829.60510254,70431676.86462402,208800947.18933105,73887373.92425537
4414,4414,4419,19608.0,87,79943825.72174072,74100561.14196777,246478516.57867432,77719209.67102051
4415,4415,4420,19172.0,72,75230082.51190186,73289466.85791016,200075118.0648804,76546373.36730957
4416,4416,4421,19383.0,76,87916408.53881836,76108691.21551514,233456961.6317749,79986163.13934326
4417,4417,4422,19248.0,76,90939655.30395508,76400924.68261719,241985236.1679077,82802594.18487549
4418,4418,4423,19076.0,74,78715039.25323486,72600481.0333252,236285432.81555176,76689076.42364502
4419,4419,4424,19330.0,82,83937181.47277832,74964193.34411621,220347679.1381836,80056019.78302002
4420,4420,4425,19438.0,67,87710422.51586914,79318150.5203247,243498619.07958984,83248131.75201416
4421,4421,4426,19371.0,65,85975318.9086914,78220095.63446045,254096408.8439941,82147816.65802002
4422,4422,4427,19632.0,71,88639141.08276367,79907707.21435547,201009815.21606445,83107535.36224365
4423,4423,4428,19500.0,65,87214279.17480469,76439094.54345703,223040771.484375,83549022.67456055
4424,4424,4429,19500.0,65,79703521.72851562,71588516.23535156,232964229.58374023,76273441.31469727
4425,4425,4430,19500.0,65,86330795.28808594,76080608.36791992,258377265.93017575,80054569.24438477
4426,4426,4431,18952.0,75,83322865.48614502,75289599.41864014,263773431.7779541,79726862.90740967
4427,4427,4432,19742.0,74,82862068.17626953,77598716.73583984,259556419.3725586,82652519.22607422
4428,4428,4433,19545.0,72,76700802.80303955,76618180.27496338,224978734.0164185,82699867.24853516
4429,4429,4434,19518.0,68,87769741.05834961,74258507.72857666,195214398.38409424,80120217.32330322
4430,4430,4435,19223.0,68,88519039.15405273,75490564.34631348,312577215.19470215,77977914.81018066
4431,4431,4436,19764.0,70,91303106.3079834,74084037.78076172,250702768.3258057,77913020.13397217
4432,4432,4437,19342.0,69,79636171.34094238,73119776.72576904,256807692.527771,77572832.10754395
4433,4433,4438,19532.0,69,80033301.35345459,72215330.12390137,215851263.04626465,76747523.3078003
4434,4434,4439,19509.0,66,94253603.9352417,74261923.78997803,216402084.35058597,78053833.0078125
4435,4435,4440,19206.0,74,98270915.0314331,77699406.62384033,230283997.5357056,80504005.4321289
4436,4436,4441,18714.0,71,87322271.3470459,74756138.8015747,245217466.3543701,76821167.94586182
4437,4437,4442,19158.0,73,82888039.58892822,70697577.47650146,252733698.84490967,74993771.55303955
4438,4438,4443,19176.0,75,82355792.99926758,69583535.19439697,217787032.1273804,72412482.26165771
4439,4439,4444,19074.0,65,91892972.946167,74501495.36132812,234561376.57165527,77264949.79858398
4440,4440,4445,19691.0,72,90264131.54602052,75992928.50494385,238573257.44628903,77863686.56158447
4441,4441,4446,19260.0,66,86363862.03765869,71176743.50738525,229410105.70526123,77328497.88665771
4442,4442,4447,19377.0,75,83506849.28894043,66450464.24865723,221444087.02850345,68156122.2076416
4443,4443,4448,19350.0,74,82359746.9329834,67913361.54937744,227042517.66204837,70451404.5715332
4444,4444,4449,19109.0,76,86767193.79425049,71145933.15124512,245554658.8897705,75722121.2387085
4445,4445,4450,19001.0,92,84447851.18103027,70355680.46569824,247015430.45043945,73723291.39709473
4446,4446,4451,19439.0,68,93971970.5581665,75228752.13623047,256916942.59643555,78821973.80065918
4447,4447,4452,19306.0,78,83258997.9171753,73276815.41442871,229254954.33807373,77436929.70275879
4448,4448,4453,19130.0,69,84484184.26513672,68352802.27661133,241106348.03771973,71164009.09423828
4449,4449,4454,19427.0,77,89068431.85424805,72062732.6965332,233336734.7717285,75817456.24542236
4450,4450,4455,19200.0,64,88896846.77124023,74422359.46655273,261655139.9230957,77416419.98291016
4451,4451,4456,19456.0,68,87862327.5756836,74875243.18695068,241518795.01342773,77936841.01104736
4452,4452,4457,19491.0,72,96020215.03448486,74863934.51690674,365475581.1691284,81701778.41186523
4453,4453,4458,19215.0,71,91756157.87506104,76416458.12988281,222260483.74176025,80620833.39691162
4454,4454,4459,18868.0,66,94212859.15374756,76068434.715271,212967125.8926392,78112421.98944092
4455,4455,4460,18561.0,65,89775886.53564453,74807037.35351562,191237057.68585205,77124673.84338379
4456,4456,4461,18403.0,69,92894721.98486328,71198454.85687256,245669620.513916,76161631.58416748
4457,4457,4462,19636.0,95,90542181.96868896,71600236.8927002,240605588.91296387,76078124.04632568
4458,4458,4463,19644.0,77,96217418.6706543,75701292.99163818,216652110.09979248,78357388.49639893
4459,4459,4464,18765.0,82,91461820.602417,74033262.25280762,233298788.0706787,76754631.99615479
4460,4460,4465,19173.0,72,91903937.33978271,71501448.63128662,247827430.7250977,80083275.79498291
4461,4461,4466,18512.0,63,88631958.0078125,71011516.57104492,217801139.83154297,74657196.04492188
4462,4462,4467,20314.0,77,87532135.00976562,76839970.58868408,219709033.96606445,82240517.61627197
4463,4463,4468,19748.0,75,87747347.83172607,79577977.18048096,231069362.6403809,82799344.06280518
4464,4464,4469,19502.0,80,93057472.2290039,77850617.40875244,245091012.0010376,83726933.47930908
4465,4465,4470,19852.0,68,82437831.87866211,77080783.84399414,219379863.73901367,81445511.81793213
4466,4466,4471,19281.0,79,88582510.94818115,77423815.72723389,242325736.0458374,81538129.80651855
4467,4467,4472,19777.0,70,89288079.26177979,82048833.8470459,261150400.1617432,85786197.66235352
4468,4468,4473,19115.0,70,79937915.80200195,76956488.60931396,209861445.4269409,81727000.23651123
4469,4469,4474,19638.0,72,91065388.6795044,80873797.41668701,262143808.36486816,83683489.79949951
4470,4470,4475,19882.0,73,91506635.66589355,79212749.48120117,227298841.47644043,82245730.40008545
4471,4471,4476,19800.0,66,89232158.66088867,77639579.77294922,266182708.7402344,83579349.51782227
4472,4472,4477,19583.0,69,87313203.81164551,77199032.7835083,223723571.77734372,81092398.64349365
4473,4473,4478,19242.0,74,90547360.42022704,78745045.66192627,215813937.1871948,82210664.74914551
4474,4474,4479,19414.0,68,89250432.01446533,82016697.88360596,237392889.97650144,84022500.03814697
4475,4475,4480,19394.0,86,82732068.06182861,80455471.99249268,217122052.192688,83475023.26965332
4476,4476,4481,19642.0,71,85173564.91088867,78015060.42480469,226667548.1796265,83496336.93695068
4477,4477,4482,20087.0,72,91802438.73596191,80811305.99975586,261179576.8737793,83378726.95922852
4478,4478,4483,19851.0,68,93780976.2954712,81059680.9387207,230952870.36895752,84204139.70947266
4479,4479,4484,19800.0,67,85486328.125,82222366.33300781,217434959.4116211,83993041.9921875
4480,4480,4485,19800.0,66,71990776.06201172,76527500.15258789,225645160.67504883,84071159.36279297
4481,4481,4486,19533.0,66,86465635.29968262,78367933.27331543,222037799.83520508,80931478.50036621
4482,4482,4487,20060.0,74,89822966.57562256,79239020.34759521,203130956.64978027,82825293.54095459
4483,4483,4488,19804.0,72,92808891.29638672,80720458.984375,223349092.4835205,86071408.27178955
4484,4484,4489,19800.0,66,87759017.94433594,83745574.95117188,233738422.39379883,87242603.30200195
4485,4485,4490,19552.0,66,86822910.30883789,81219768.52416992,229054439.54467773,86260803.22265625
4486,4486,4491,19735.0,72,83000228.88183594,76116213.79852295,226840222.3587036,79841233.253479
4487,4487,4492,19551.0,69,83586915.96984863,80434563.63677979,248157553.67279053,84169399.26147461
4488,4488,4493,19343.0,68,90397898.67401125,82449321.74682617,234249082.5653076,84439528.465271
4489,4489,4494,19701.0,79,80029181.48040771,76899160.38513184,214055210.1135254,84204885.48278809
4490,4490,4495,19944.0,82,81942695.61767578,76307247.16186523,201138771.0571289,80065688.13323975
4491,4491,4496,19781.0,66,90764692.30651855,78724391.93725586,241410564.42260745,82718803.40576172
4492,4492,4497,19819.0,67,90184905.05218506,81533805.84716797,271318092.3461914,84635726.92871094
4493,4493,4498,19800.0,66,92690277.09960938,83057785.03417969,218353557.58666992,86143112.18261719
4494,4494,4499,19800.0,67,92449504.85229492,80290386.19995117,225664524.07836917,86241668.70117188
4495,4495,4500,19586.0,66,88715333.93859863,75991676.3305664,264978177.07061768,79552166.93878174
4496,4496,4501,19712.0,77,98186815.26184082,80252393.72253418,229016020.7748413,84408914.56604004
4497,4497,4502,19965.0,77,87738398.55194092,79255363.46435547,235622597.69439697,83811440.46783447
4498,4498,4503,19546.0,72,82171546.93603516,77958518.02825928,252576852.7984619,83907358.16955566
4499,4499,4504,19626.0,73,79556797.9812622,82218875.88500977,226226318.359375,86145797.72949219
4500,4500,4505,19950.0,75,84458294.86846924,82291594.50531006,244601179.1229248,87237204.55169678
4501,4501,4506,19682.0,68,87934686.6607666,79252151.48925781,306272722.2442627,84505790.71044922
4502,4502,4507,19906.0,72,71110637.66479492,81287887.57324219,225993822.09777832,86002510.07080078
4503,4503,4508,19557.0,71,58235044.47937012,74268257.14111328,190859539.0319824,80134197.23510742
4504,4504,4509,20119.0,69,72187957.76367188,78116003.03649902,273594585.4187012,81810401.9165039
4505,4505,4510,20001.0,67,97555174.82757568,80581890.10620117,346535350.79956055,86292400.36010742
4506,4506,4511,20465.0,74,110787933.34960938,91836005.21087646,290113580.7037353,99176263.8092041
4507,4507,4512,20372.0,70,113825393.6767578,94329029.08325195,307061485.29052734,99373481.75048828
4508,4508,4513,19708.0,73,75847291.94641113,80216720.58105469,234725261.6882324,88592073.44055176
4509,4509,4514,19790.0,80,89564349.17449951,81367940.90270996,261342905.99823,89760294.9142456
4510,4510,4515,18760.0,88,94078903.1982422,76425044.05975342,266356603.6224365,82937432.28912354
4511,4511,4516,18955.0,88,94926556.58721924,74242549.89624023,259236317.6345825,78661680.22155762
4512,4512,4517,18909.0,74,84562837.60070801,70258394.24133301,247112112.0452881,75755311.96594238
4513,4513,4518,19130.0,86,78619522.09472656,73118969.91729736,321778494.8348999,80595132.82775879
4514,4514,4519,19627.0,70,90557178.49731444,84650285.7208252,274050952.9113769,95071731.5673828
4515,4515,4520,19500.0,66,93840332.03125,90694217.68188477,249779205.3222656,101151981.35375977
4516,4516,4521,19364.0,65,85012657.16552734,85523216.2475586,254349380.4931641,96870811.46240234
4517,4517,4522,18745.0,76,83752037.04833984,71290482.52105713,395446729.6600342,79082254.40979004
4518,4518,4523,19454.0,74,94813997.26867676,74487609.86328125,298984411.239624,79768975.25787354
4519,4519,4524,19143.0,65,73845914.84069824,72789642.33398438,222472087.86010745,78303955.078125
4520,4520,4525,19184.0,65,79944449.42474365,74562330.24597168,235735620.49865723,78205888.74816895
4521,4521,4526,18946.0,66,87503335.95275879,73355209.35058594,233501573.56262207,78219654.08325195
4522,4522,4527,18900.0,63,79955005.64575195,73212432.86132812,230977249.1455078,77622413.6352539
4523,4523,4528,19307.0,79,74673030.85327148,74069769.85931396,252845942.49725345,78490136.14654541
4524,4524,4529,19842.0,79,83816365.2420044,77307524.68109131,278376224.51782227,85257383.34655762
4525,4525,4530,19612.0,88,81007248.878479,75821584.70153809,257044589.0426636,83536178.58886719
4526,4526,4531,20132.0,75,87377925.87280273,79935670.85266113,280068609.2376709,90238516.80755617
4527,4527,4532,20287.0,70,83452987.67089844,81916315.07873535,303815322.87597656,92681732.17773438
4528,4528,4533,20092.0,71,97126969.33746338,86522990.2267456,286280799.86572266,92545055.3894043
4529,4529,4534,20388.0,81,93420639.99176024,83967206.95495605,307562683.10546875,94115235.32867432
4530,4530,4535,20042.0,89,90180224.41864014,77106752.39562988,263350117.68341064,82971673.01177979
4531,4531,4536,19382.0,67,101296882.62939452,78329227.44750977,266679428.10058597,83791860.58044434
4532,4532,4537,18993.0,71,96772619.24743652,72191543.57910156,297671214.10369873,78622454.64324951
4533,4533,4538,18764.0,64,99809507.36999512,73490638.73291016,249069154.73937988,78381752.01416016
4534,4534,4539,19280.0,76,90047311.78283691,74343809.12780762,263188159.94262692,79979162.21618652
4535,4535,4540,19439.0,70,77004393.57757568,75515791.89300537,225590164.1845703,84670267.10510254
4536,4536,4541,20113.0,73,88691247.94006348,81462733.2687378,277601596.8322754,86353889.46533203
4537,4537,4542,20237.0,74,72921493.53027344,82126351.35650635,236055084.2285156,88290694.23675537
4538,4538,4543,19620.0,75,46256063.46130371,74910420.41778564,154147647.85766602,78512265.2053833
4539,4539,4544,19806.0,71,66065664.29138184,77665853.50036621,206460818.29071045,81386265.7546997
4540,4540,4545,19767.0,70,64271165.84777832,78326957.70263672,239444819.4503784,79934604.64477539
4541,4541,4546,19814.0,75,55622698.78387451,76329858.77990723,197375044.82269287,78678035.73608398
4542,4542,4547,20335.0,73,89336067.19970703,86071033.4777832,260010127.06756592,89294449.80621338
4543,4543,4548,20078.0,67,82283102.03552246,82846717.83447266,239534656.5246582,86084655.76171875
4544,4544,4549,19983.0,74,71198791.50390625,80843526.84020996,218069952.9647827,88830913.54370117
4545,4545,4550,20053.0,88,82274764.06097412,85244362.83111572,222678388.59558105,89800959.58709717
4546,4546,4551,20484.0,85,80904017.4484253,89528724.67041016,255063505.1727295,101303202.62908936
4547,4547,4552,20400.0,68,96644783.02001952,101611804.9621582,324942111.96899414,106154823.30322266
4548,4548,4553,20400.0,68,100108623.50463869,101487922.66845705,266917419.43359372,104687118.53027344
4549,4549,4554,20400.0,69,97540107.72705078,100850284.57641602,295966243.7438965,104356739.04418944
4550,4550,4555,20043.0,72,74606494.90356445,87763427.734375,255420740.12756348,92091856.00280762
4551,4551,4556,20224.0,70,81566761.0168457,91557376.86157228,233898925.78125,94793998.71826172
4552,4552,4557,19953.0,76,78121166.22924805,89531129.83703613,236292293.548584,92650789.26086426
4553,4553,4558,20253.0,71,63009559.631347656,81793997.7645874,204387107.8491211,89142643.92852783
4554,4554,4559,20116.0,73,77128628.73077393,87798361.77825928,273369992.2561645,92922622.68066406
4555,4555,4560,20549.0,70,101949234.00878906,97994735.71777344,283831085.2050781,101882251.73950195
4556,4556,4561,20400.0,72,105008227.34832764,99595035.55297852,248584489.8223877,101087236.40441896
4557,4557,4562,20400.0,69,82386955.26123047,93505107.87963869,234787994.3847656,101564735.41259766
4558,4558,4563,20173.0,68,76996680.25970459,94447088.24157716,235300427.4368286,98924030.30395508
4559,4559,4564,20627.0,70,96041670.79925536,99218774.79553224,296950351.7150879,102402709.9609375
4560,4560,4565,20400.0,71,105865636.82556152,99844120.02563477,318705545.42541504,102885177.61230467
4561,4561,4566,20400.0,68,99001693.72558594,98738193.51196288,328501510.6201172,101649570.46508788
4562,4562,4567,20251.0,69,69906085.96801758,89414321.89941406,240110054.01611328,100823532.1044922
4563,4563,4568,20549.0,69,89902915.95458984,101420578.00292967,259039634.70458984,108737834.93041992
4564,4564,4569,20301.0,68,74704753.87573242,94709358.21533205,291918262.48168945,102884834.28955078
4565,4565,4570,20499.0,69,94363265.99121094,99195087.43286131,266611381.5307617,103869564.05639648
4566,4566,4571,20400.0,68,94066715.24047852,100148105.62133788,257878589.63012692,102611732.48291016
4567,4567,4572,20348.0,68,95288299.56054688,101724014.28222656,289937492.37060547,106204792.02270508
4568,4568,4573,20452.0,69,97757930.75561523,101655784.6069336,260939960.47973636,105778255.46264648
4569,4569,4574,20400.0,69,70992343.90258789,88399669.6472168,255874385.83374023,102280548.09570312
4570,4570,4575,20329.0,68,83324905.39550781,87039791.10717773,234922714.23339844,89665683.74633789
4571,4571,4576,20429.0,70,78173748.97003174,90502742.76733398,260319757.46154785,100619247.43652344
4572,4572,4577,20306.0,70,98509675.97961426,101518962.86010742,304738939.2852783,103977134.70458984
4573,4573,4578,20536.0,69,97967414.85595705,99989570.61767578,284665721.89331055,102912052.15454102
4574,4574,4579,20255.0,68,84036674.49951172,94459056.85424805,264330291.74804688,99590320.5871582
4575,4575,4580,20545.0,69,78828029.63256836,102181434.63134766,269199562.0727539,109551296.23413086
4576,4576,4581,20400.0,68,96007347.1069336,102869510.65063477,256422615.05126956,106303310.39428712
4577,4577,4582,20252.0,70,95126163.48266602,104326531.41021729,254869140.625,106417774.20043944
4578,4578,4583,20429.0,78,88233843.80340576,101904410.36224364,269967984.1995239,107542178.1539917
4579,4579,4584,20199.0,68,65383659.36279297,84315845.48950195,221686294.5556641,93426292.4194336
4580,4580,4585,20601.0,71,89008352.27966309,93553037.64343262,282345584.8693848,100362209.32006836
4581,4581,4586,20271.0,70,87956237.79296875,93363182.0678711,260428894.04296875,99789566.04003906
4582,4582,4587,20195.0,69,90864234.9243164,99593093.87207033,290586887.35961914,103864418.02978516
4583,4583,4588,20347.0,84,100604524.61242676,89029767.9901123,266930323.60076904,96489324.56970216
4584,4584,4589,20350.0,77,109405757.90405272,93621554.37469482,318906969.0704346,97649666.78619383
4585,4585,4590,19859.0,86,81189108.84857178,77909126.28173828,234821544.6472168,86449203.49121094
4586,4586,4591,19921.0,80,66039890.28930664,76017572.4029541,225123273.8494873,78990010.26153564
4587,4587,4592,20101.0,102,82128361.70196533,84105458.25958252,216275190.35339355,88219076.15661621
4588,4588,4593,20104.0,75,66015588.76037598,81318188.66729736,217755599.97558597,87747727.394104
4589,4589,4594,20466.0,74,92817949.29504396,92870416.64123537,303332057.95288086,98657715.79742432
4590,4590,4595,20890.0,78,117677500.72479248,98912992.477417,349202567.1005249,105493190.76538086
4591,4591,4596,20573.0,71,104548339.84375,94330741.88232422,300073114.3951416,105120443.3441162
4592,4592,4597,20855.0,76,93665445.3277588,92751364.70794678,288238414.7644043,103685152.053833
4593,4593,4598,20803.0,70,97730609.89379884,98664726.25732422,274727592.4682617,105807731.62841795
4594,4594,4599,20598.0,86,89083438.87329102,96008041.38183594,300588152.885437,108053285.59875488
4595,4595,4600,20773.0,77,107348937.98828124,100597595.21484376,328489458.08410645,106031097.41210938
4596,4596,4601,20751.0,76,95146385.1928711,93636024.47509766,292539701.461792,104991306.30493164
4597,4597,4602,20711.0,71,96398471.8322754,97650537.49084473,335236526.4892578,103381361.00769044
4598,4598,4603,20700.0,69,102322769.16503906,99474334.71679688,279376888.2751465,104709720.61157228
4599,4599,4604,20700.0,71,79582374.5727539,93757356.64367676,267142890.93017575,102595815.65856934
4600,4600,4605,20700.0,71,87174732.20825195,97803495.40710448,232738292.6940918,105410923.0041504
4601,4601,4606,20699.0,69,110954609.87091064,98248615.26489258,354359813.69018555,109969879.15039062
4602,4602,4607,20419.0,76,109780542.37365724,86767310.14251709,301522336.95983887,94969872.4746704
4603,4603,4608,21186.0,80,105609462.73803712,96023309.7076416,322017740.2496338,107399717.33093262
4604,4604,4609,21173.0,73,106439188.00354004,113457950.59204102,312215453.1478882,120229795.45593262
4605,4605,4610,20910.0,71,103379989.62402344,103511491.7755127,302819979.6676636,115530193.32885742
4606,4606,4611,21141.0,77,103085540.77148438,103871599.1973877,326948072.4334717,112861787.79602052
4607,4607,4612,20987.0,72,110139109.61151125,105861110.68725586,294993782.04345703,109863128.66210938
4608,4608,4613,20744.0,72,88335681.9152832,95191879.27246094,287701473.236084,101724151.61132812
4609,4609,4614,20993.0,74,101314704.89501952,101582397.4609375,341358665.4663086,109355087.28027344
4610,4610,4615,21206.0,81,117485025.4058838,105572000.50354004,416040912.6281738,116036312.10327148
4611,4611,4616,20849.0,73,98423889.16015624,93072803.49731444,345119503.02124023,112859294.89135742
4612,4612,4617,21045.0,82,97604642.868042,100123416.90063477,323391814.23187256,109782714.84375
4613,4613,4618,20998.0,72,130063735.96191406,105856159.21020508,349511875.1525879,113072208.40454102
4614,4614,4619,20942.0,73,123096992.49267578,101664325.71411131,362256568.9086914,108310733.79516602
4615,4615,4620,21121.0,74,115223114.01367188,100150563.24005128,324976646.42333984,111298960.68572998
4616,4616,4621,20815.0,77,109139064.78881836,97696331.97784424,311501588.82141113,109877982.1395874
4617,4617,4622,20732.0,75,119280896.1868286,106979109.76409912,323574240.6845093,113483008.3847046
4618,4618,4623,20736.0,83,126307252.88391112,109989552.49786375,344089921.95129395,115216567.03948976
4619,4619,4624,20511.0,75,125310853.95812988,107008467.67425536,335196369.1711426,115991041.18347168
4620,4620,4625,20326.0,72,120570728.30200195,107570140.83862305,338736648.5595703,114378440.8569336
4621,4621,4626,20535.0,71,120674163.81835938,107029533.38623048,1021914138.7939452,115081558.22753906
4622,4622,4627,20288.0,71,93776351.92871094,90933509.82666016,305591178.89404297,105965194.70214844
4623,4623,4628,21039.0,85,92446432.11364746,94930572.50976562,307402904.51049805,105614079.47540285
4624,4624,4629,21019.0,92,114232431.41174316,106550163.26904295,339266893.3868408,115818573.9517212
4625,4625,4630,20816.0,77,105130816.45965576,103425128.93676758,325114141.4642334,115632057.1899414
4626,4626,4631,20746.0,78,97128365.5166626,103224390.02990724,321704144.47784424,115829442.02423096
4627,4627,4632,20830.0,78,123010873.79455566,113364783.28704834,377167192.4591065,118568608.28399658
4628,4628,4633,20644.0,78,120036602.02026369,107048343.65844728,326454135.8947754,112942192.07763672
4629,4629,4634,21016.0,72,119691204.07104492,113486339.5690918,347815334.3200684,116223876.953125
4630,4630,4635,20775.0,73,115457359.31396484,103666400.90942384,339127990.72265625,112508674.62158205
4631,4631,4636,21054.0,87,94791840.55328368,93769875.52642822,357128138.5421753,107807480.81207275
4632,4632,4637,21099.0,76,93900932.31201172,93970361.70959473,267271389.0075684,105523689.27001952
4633,4633,4638,20851.0,73,90000407.2189331,95785046.5774536,353898279.1900635,116461415.29083252
4634,4634,4639,21046.0,92,117162405.01403809,103151898.38409424,411021713.256836,111250248.90899658
4635,4635,4640,21216.0,80,137194114.6850586,112773578.64379884,526561260.2233887,117454899.78790285
4636,4636,4641,21028.0,73,119235286.71264648,110132476.80664062,365479537.9638672,117174915.3137207
4637,4637,4642,20855.0,85,79957284.92736816,86955338.47808838,294231242.1798706,109401838.3026123
4638,4638,4643,21817.0,82,109881096.8399048,102429496.76513672,410446376.8005371,117649368.2861328
4639,4639,4644,21074.0,73,120808132.17163086,105522686.00463869,388033157.3486328,111522335.05249023
4640,4640,4645,20100.0,74,75845116.61529541,77401144.02770996,321738120.0790405,98871170.99761964
4641,4641,4646,21270.0,94,110746246.33789062,102178681.3735962,309675875.6637573,112023926.73492432
4642,4642,4647,20607.0,85,103557320.5947876,99927016.25823976,322714979.1717529,106434327.12554932
4643,4643,4648,21525.0,79,123242281.91375732,105523880.95855711,345374716.758728,118253926.27716064
4644,4644,4649,21381.0,86,96295791.62597656,97758737.56408691,318040032.3867798,109690798.75946043
4645,4645,4650,21348.0,76,90357875.8239746,91381744.38476562,296841384.8876953,110787080.76477052
4646,4646,4651,21441.0,74,103366340.63720705,104892181.39648438,349172023.77319336,121608142.8527832
4647,4647,4652,20781.0,80,87249334.33532715,91526939.39208984,248021924.97253415,99366908.0734253
4648,4648,4653,20398.0,94,82180794.71588135,88896520.61462402,247220309.2575073,97897282.60040285
4649,4649,4654,21079.0,96,102551947.59368896,101324139.59503174,365798411.3693237,108613408.08868408
4650,4650,4655,20896.0,97,95383979.79736328,94265599.25079346,271949322.7005005,102687241.55426024
4651,4651,4656,20554.0,90,93266811.3708496,95674239.15863036,298409376.1444092,104187678.33709715
4652,4652,4657,20645.0,81,93004664.42108154,95069353.1036377,301153076.171875,103519429.20684814
4653,4653,4658,20401.0,75,80252385.13946533,87394068.71795654,242146564.48364255,95279273.03314207
4654,4654,4659,20395.0,87,79938243.8659668,85945369.72045898,224942913.05541992,94017969.13146973
4655,4655,4660,20166.0,70,65059504.50897217,69604232.78808594,212376925.4684448,77151658.0581665
4656,4656,4661,20473.0,73,73394672.39379883,75469864.84527588,209824519.15740967,83428597.45025635
4657,4657,4662,20937.0,75,95339437.4847412,90062486.64855957,330431461.3342285,101722713.47045898
4658,4658,4663,20390.0,78,81519373.8937378,85520843.50585938,242632078.1707764,91625327.11029053
4659,4659,4664,20293.0,71,73972545.6237793,85827425.00305176,271918546.67663574,89705028.53393555
4660,4660,4665,20354.0,83,72971951.48468018,83598016.7388916,242804036.1404419,87311154.36553955
4661,4661,4666,20350.0,92,81751864.43328857,86606697.08251953,294521292.6864624,89910904.88433838
4662,4662,4667,20755.0,93,87264252.66265869,89103318.2144165,277274056.43463135,95858517.64678957
4663,4663,4668,20528.0,71,84227851.86767578,88110466.00341797,278269943.2373047,96297786.71264648
4664,4664,4669,20260.0,101,66753161.43035889,76446603.77502441,235856411.93389893,88506265.64025879
4665,4665,4670,19952.0,106,65958011.62719727,67987989.42565918,202268007.2784424,72611847.87750244
4666,4666,4671,19946.0,114,74375526.42822266,68517398.83422852,232085099.22027588,71040773.39172363
4667,4667,4672,20212.0,128,79927572.25036621,70093905.44891357,309103736.8774414,75740725.51727295
4668,4668,4673,19675.0,105,63850617.40875244,66929618.83544922,189854820.25146484,69850768.08929443
4669,4669,4674,20579.0,122,74145018.57757568,76151671.40960693,228981503.4866333,82653428.07769775
4670,4670,4675,20458.0,84,84055259.70458984,81436473.84643555,293707798.9578247,88073511.12365723
4671,4671,4676,20130.0,79,77718374.25231934,78897665.97747803,235666458.1298828,84744264.60266113
4672,4672,4677,20405.0,84,77525266.64733887,79178947.44873047,235641734.12323,85787928.5812378
4673,4673,4678,20518.0,90,85349970.81756592,81477993.96514893,268792702.6748657,91109145.16448976
4674,4674,4679,20693.0,83,104613348.00720216,95084811.21063232,290972562.789917,101082479.47692873
4675,4675,4680,20705.0,74,97146967.88787842,91400663.37585448,275128127.0980835,97534644.12689207
4676,4676,4681,20765.0,76,95647194.86236572,90844387.05444336,273523883.8195801,98516668.31970216
4677,4677,4682,20658.0,72,90885132.78961182,87861737.25128174,309526973.72436523,98072953.22418211
4678,4678,4683,20559.0,75,83643198.96697998,84625473.02246094,267552485.46600345,94464179.99267578
4679,4679,4684,20666.0,73,103306793.21289062,92654857.63549805,268943885.80322266,98662887.5732422
4680,4680,4685,20718.0,76,84960710.5255127,87879896.16394043,259145699.5010376,96089272.49908447
4681,4681,4686,20911.0,75,96039272.3083496,90216567.99316406,290658000.9460449,100013828.27758788
4682,4682,4687,20780.0,77,94313184.73815918,89961862.56408691,298098908.42437744,95990950.58441162
4683,4683,4688,20509.0,77,73812723.15979004,79353548.04992676,280552763.9389038,85987389.56451416
4684,4684,4689,20308.0,70,69236297.60742188,77669425.96435547,192440692.90161133,81953670.50170898
4685,4685,4690,20359.0,70,69131488.80004883,77825778.96118164,211588657.3791504,83150279.9987793
4686,4686,4691,20127.0,70,71965152.74047852,75961593.62792969,234765823.3642578,83046230.31616211
4687,4687,4692,19887.0,83,85872501.37329102,77440756.79779053,249362638.47351077,81563094.13909912
4688,4688,4693,20076.0,88,70670470.23773193,79453066.8258667,210367015.83862305,84461910.24780273
4689,4689,4694,20196.0,79,61500782.96661377,72718152.99987793,177947719.5739746,76320235.25238037
4690,4690,4695,20188.0,75,89442834.85412598,81145444.86999512,318321411.1328125,84213443.75610352
4691,4691,4696,20492.0,74,81109122.27630615,85792483.32977295,279863049.5071411,94950204.84924316
4692,4692,4697,20375.0,71,83166355.13305664,85698746.68121338,251199092.86499023,89637767.79174805
4693,4693,4698,20476.0,69,84469100.95214844,88617300.03356934,247881053.92456052,91403651.2374878
4694,4694,4699,19906.0,77,83211580.27648926,86563432.69348145,192182142.25769043,88473264.69421387
4695,4695,4700,19665.0,75,62731343.26934815,73291339.87426758,254985133.17108157,80091223.71673584
4696,4696,4701,19750.0,74,68338573.45581055,73526083.94622803,223516601.5625,79564550.39978027
4697,4697,4702,19806.0,70,90428083.4197998,77052764.89257812,265583297.7294922,80659393.31054688
4698,4698,4703,19847.0,72,87439286.23199463,74098087.31079102,201471920.01342773,79677738.18969727
4699,4699,4704,19847.0,67,87843469.61975098,75456248.28338623,261956348.41918945,80862213.13476562
4700,4700,4705,19379.0,91,93066235.54229736,71794569.96917725,258485100.7461548,74850483.89434814
4701,4701,4706,19218.0,67,83400711.05957031,67690069.1986084,254114349.3652344,71147676.46789551
4702,4702,4707,19484.0,85,88207371.71173096,68626078.60565186,222183135.98632807,72296373.36730957
4703,4703,4708,19760.0,78,96229586.60125732,74786593.43719482,245594746.58966064,78687016.48712158
4704,4704,4709,18448.0,77,78261870.38421631,69172814.36920166,235631540.2984619,71738624.5727539
4705,4705,4710,17095.0,101,58484057.42645264,61819650.650024414,185910856.24694824,66123440.74249268
4706,4706,4711,17989.0,86,60423807.14416504,61392798.42376709,224090342.52166748,64241517.06695557
4707,4707,4712,19987.0,98,76514221.19140625,66814047.81341553,219574737.54882807,70134571.07543945
4708,4708,4713,19689.0,99,79791336.05957031,67794243.81256104,265512888.90838623,71751772.8805542
4709,4709,4714,19600.0,75,81110298.15673828,70289248.4664917,253158654.2129517,73320013.99993896
4710,4710,4715,20212.0,79,75266917.22869873,69913873.67248535,222000565.52886963,73182087.8982544
4711,4711,4716,19606.0,67,74437043.19000244,69934706.68792725,220974383.354187,73406061.17248535
4712,4712,4717,19689.0,83,83562784.19494629,73113498.68774414,252099448.20404053,77558446.88415527
4713,4713,4718,19590.0,70,83923330.30700684,74895891.1895752,285072072.02911377,79045438.76647949
4714,4714,4719,18623.0,71,83744206.42852783,72654162.40692139,268680665.0161743,77030953.4072876
4715,4715,4720,19738.0,75,86079620.36132812,73785340.30914307,270368515.96832275,78353066.44439697
4716,4716,4721,19756.0,70,82918995.85723877,71347275.73394775,242976661.6821289,76333542.8237915
4717,4717,4722,19496.0,74,80168704.98657227,70808465.9576416,228657572.7462769,74314540.86303711
4718,4718,4723,19217.0,71,81550542.8314209,70287382.12585449,260695298.19488525,74017761.23046875
4719,4719,4724,19336.0,71,75095012.66479492,70372486.11450195,217397033.69140625,74417623.51989746
4720,4720,4725,20111.0,73,83092184.06677246,73558398.24676514,260759899.1394043,78245670.31860352
4721,4721,4726,19662.0,68,81393056.86950684,71911670.68481445,284856117.2485352,77210441.58935547
4722,4722,4727,19816.0,68,81313232.421875,74126537.32299805,285556049.3469238,78793712.6159668
4723,4723,4728,19732.0,68,75905929.56542969,72610233.30688477,245067012.78686523,76532302.85644531
4724,4724,4729,19472.0,75,77461901.66473389,74393851.2802124,225741525.6500244,77558135.03265381
4725,4725,4730,19825.0,73,77200375.5569458,75528824.80621338,258407747.2686768,78391615.86761475
4726,4726,4731,19678.0,73,74948450.08850098,73180044.17419434,234792756.08062744,77936014.17541504
4727,4727,4732,20005.0,70,85453296.66137695,75751775.74157715,246589275.36010745,78940624.23706055
4728,4728,4733,19827.0,69,87065019.60754395,74934908.86688232,308101447.1054077,79406442.64221191
4729,4729,4734,19538.0,71,69443895.33996582,73772975.92163086,222116569.51904297,78281643.86749268
4730,4730,4735,19212.0,69,80187583.92333984,73638063.43078613,260213100.4333496,77379746.43707275
4731,4731,4736,18871.0,71,84793064.11743164,72786157.60803223,251270899.77264404,75982136.7263794
4732,4732,4737,19817.0,76,85274037.36114502,75970214.84375,299190287.59002686,80198581.69555664
4733,4733,4738,19590.0,75,85265744.20928955,76249971.38977051,254708281.5170288,79895146.36993408
4734,4734,4739,19433.0,67,83894502.63977051,78226887.7029419,265133943.5577393,82306017.87567139
4735,4735,4740,19209.0,68,84892836.57073975,75626274.10888672,291111685.75286865,81576245.30792236
4736,4736,4741,19203.0,70,78950584.4116211,74869188.30871582,234847057.3425293,78518342.97180176
4737,4737,4742,19215.0,66,88256309.50927734,76182689.66674805,266303649.90234372,79248733.52050781
4738,4738,4743,18724.0,71,86146825.79040527,73803486.82403564,268673675.5371094,77453660.0112915
4739,4739,4744,18959.0,70,82316884.99450684,75828557.96813965,247547602.65350345,80373988.1515503
4740,4740,4745,18597.0,64,83981792.44995117,76682064.05639648,255644683.83789065,81897983.55102539
4741,4741,4746,18617.0,65,86568351.74560547,76331531.5246582,271164497.3754883,82658153.53393555
4742,4742,4747,18692.0,66,71815089.22576904,74718647.00317383,244858290.67230225,81446991.92047119
4743,4743,4748,18899.0,79,73918834.6862793,72014064.78881836,218293861.38916016,75442172.05047607
4744,4744,4749,19247.0,94,78276527.40478516,74752613.06762695,261954277.03857425,79496314.04876709
4745,4745,4750,19148.0,70,89809928.89404297,79199082.37457275,281499238.0142212,85245633.12530518
4746,4746,4751,19379.0,76,86386009.2163086,79202165.6036377,265062342.6437378,83378999.71008301
4747,4747,4752,19764.0,80,75761890.41137695,80004734.99298096,249494474.41101077,86085263.2522583
4748,4748,4753,19616.0,68,83775489.8071289,81540969.84863281,275546524.0478516,88077594.75708008
4749,4749,4754,18920.0,70,85693714.1418457,76960032.46307373,279895110.13031006,83878970.1461792
4750,4750,4755,19834.0,99,87191667.5567627,77487989.42565918,273189653.39660645,84587778.09143066
4751,4751,4756,18898.0,70,85967135.42938232,75449246.40655518,270980464.93530273,79771630.28717041
4752,4752,4757,19125.0,70,80763481.14013672,76288120.26977539,278191328.04870605,79298645.01953125
4753,4753,4758,231.0,10,409226.4175415039,168674.46899414062,920757.293701172,175976.75323486328
4754,4754,4759,17156.0,83,52492671.01287842,67366266.25061035,240041686.05804443,73430300.71258545
4755,4755,4760,19613.0,77,74550158.50067139,80307283.40148926,236279577.25524905,85366044.99816895
4756,4756,4761,19186.0,81,80660871.5057373,81149004.93621826,257856085.7772827,83724038.12408447
4757,4757,4762,19261.0,67,95607055.6640625,79094078.06396484,282503532.409668,87216022.49145508
4758,4758,4763,18928.0,72,85419133.18634033,79258288.38348389,269709392.5476074,84783065.79589844
4759,4759,4764,18884.0,68,71576659.20257568,78729622.84088135,230461105.3466797,83565868.37768555
4760,4760,4765,18898.0,65,91251682.28149414,81412101.74560547,305931667.32788086,86500637.05444336
4761,4761,4766,18903.0,65,88728618.62182617,77916183.47167969,252152790.06958008,85793735.50415039
4762,4762,4767,18897.0,65,82153793.33496094,75517627.71606445,249818538.66577148,80956348.41918945
4763,4763,4768,18481.0,69,80168327.33154297,76403021.81243896,250438674.9267578,81860557.55615234
4764,4764,4769,18577.0,69,85129026.41296387,77039762.49694824,275411960.60180664,82586815.83404541
4765,4765,4770,18835.0,69,86655450.82092285,79108559.60845947,252015129.08935547,84583504.67681885
4766,4766,4771,18616.0,64,84903873.44360352,80617286.6821289,249287059.78393555,85411766.0522461
4767,4767,4772,18449.0,64,77317424.77416992,74268993.37768555,297173980.7128906,81022592.54455566
4768,4768,4773,18352.0,69,68972091.67480469,71365900.03967285,230966026.30615237,75994753.83758545
4769,4769,4774,19091.0,73,79597738.26599121,75739612.5793457,263341424.9420166,80356551.17034912
4770,4770,4775,19073.0,71,78349046.70715332,73989444.73266602,243420406.34155276,79018327.7130127
4771,4771,4776,19328.0,67,74257081.98547363,75384346.00830078,238799530.02929688,80939199.44763184
4772,4772,4777,19218.0,66,74527576.4465332,76533168.79272461,259792854.30908203,79414619.44580078
4773,4773,4778,19213.0,66,78554912.56713867,75375495.91064453,262684795.37963867,81556346.89331055
4774,4774,4779,19200.0,66,89998081.20727539,77065910.33935547,270237297.05810547,80990936.27929688
4775,4775,4780,19202.0,66,73751388.54980469,76676654.81567383,266331447.6013184,81067745.20874023
4776,4776,4781,18875.0,79,75015279.76989746,60687282.56225586,212344736.0992432,65607592.58270264
4777,4777,4782,19541.0,74,81844390.86914062,61422113.4185791,263484657.2875977,67701370.23925781
4778,4778,4783,19472.0,71,69868906.02111816,62110383.03375244,234491745.9487915,69328723.9074707
4779,4779,4784,19271.0,71,60743390.08331299,61314362.52593994,229118051.52893063,65945285.79711914
4780,4780,4785,18993.0,79,77792451.85852051,60977284.43145752,246337122.9171753,69960634.23156738
4781,4781,4786,18897.0,65,75470054.62646484,62021884.91821289,274828018.18847656,65098033.9050293
4782,4782,4787,18858.0,73,57190947.53265381,57762231.82678223,225211198.8067627,65557047.84393311
4783,4783,4788,18421.0,76,77358295.44067383,57180534.36279297,227565315.24658203,64316615.10467529
4784,4784,4789,18838.0,79,84398451.80511475,61646969.79522705,275637906.0745239,65086363.79241943
4785,4785,4790,19063.0,93,69666559.21936035,59854696.27380371,252066812.5152588,67250356.67419434
4786,4786,4791,19295.0,96,77811808.5861206,56778676.03302002,261244093.8949585,61697466.85028076
4787,4787,4792,19039.0,68,80136703.49121094,60344539.642333984,239891155.24291992,64858627.31933594
4788,4788,4793,18906.0,79,54293338.775634766,57669359.20715332,230885905.2658081,60979963.30261231
4789,4789,4794,18886.0,78,61500926.97143555,58502373.695373535,253877134.3231201,64203177.4520874
4790,4790,4795,19782.0,80,88378533.36334229,63627713.203430176,284901250.8392334,69332607.26928711
4791,4791,4796,19530.0,68,84076694.48852539,61006744.384765625,259727729.79736328,64699806.213378906
4792,4792,4797,19484.0,68,69416702.27050781,61297267.91381836,237167110.44311523,65281440.73486328
4793,4793,4798,19243.0,69,66064369.20166016,61731575.01220703,245094276.42822263,68277008.05664062
4794,4794,4799,19145.0,69,67641931.53381348,59757436.752319336,247486991.88232425,63310009.00268555
4795,4795,4800,19339.0,87,80932230.94940186,57297201.15661621,244721261.9781494,61422828.674316406
4796,4796,4801,18730.0,78,65224128.72314453,56755409.240722656,207720320.70159912,59910054.20684815
4797,4797,4802,18719.0,75,64786514.28222656,56815900.80261231,214426492.69104004,61722591.40014648
4798,4798,4803,18957.0,83,82082945.82366943,61946150.77972412,296832566.2612915,66295500.75531006
4799,4799,4804,18552.0,72,62016744.61364746,59107805.2520752,222717352.8671265,65029686.92779541
4800,4800,4805,18704.0,69,66228898.04840088,56766414.642333984,232150662.42218015,62490071.296691895
4801,4801,4806,18938.0,80,69920469.28405762,57911190.9866333,252288285.25543213,63093945.50323486
4802,4802,4807,19433.0,73,65388617.515563965,58933445.93048096,267628599.1668701,64901813.50708008
4803,4803,4808,19379.0,78,75202924.72839355,62536925.31585693,268957099.9145508,69402429.58068848
4804,4804,4809,18836.0,72,73202829.36096191,59704179.763793945,225450579.6432495,63702484.130859375
4805,4805,4810,19825.0,80,63085733.41369629,63539185.52398682,275018914.2227173,69709658.6227417
4806,4806,4811,19457.0,67,60883737.564086914,63304538.72680664,219926227.56958008,69495925.90332031
4807,4807,4812,18810.0,84,73330500.60272217,57572004.318237305,257628878.5934448,62007952.69012451
4808,4808,4813,19473.0,102,61034689.90325928,57164752.00653076,267028424.2630005,62082988.73901367
4809,4809,4814,19198.0,67,57848329.54406738,59025688.17138672,220209544.18182373,63607517.24243164
4810,4810,4815,18866.0,66,78618366.24145508,62615265.84625244,273035346.9848633,66859113.693237305
4811,4811,4816,19542.0,83,73526713.37127686,63726680.755615234,250836881.63757324,68878227.23388672
4812,4812,4817,18732.0,74,70843359.94720459,61822610.85510254,236236665.725708,66671957.01599121
4813,4813,4818,18599.0,69,75170560.83679199,61124798.77471924,232526788.71154785,65569972.03826904
4814,4814,4819,18655.0,65,73948196.41113281,61428123.47412109,236732440.94848636,65349777.22167969
4815,4815,4820,18632.0,70,74264732.36083984,60029926.30004883,290801673.88916016,64117370.60546875
4816,4816,4821,19008.0,74,69844154.35791016,60444003.10516357,272791826.24816895,64457141.8762207
4817,4817,4822,19506.0,83,76412771.22497559,63089753.15093994,236985643.3868408,68503271.10290527
4818,4818,4823,19131.0,79,67140968.3227539,60033338.54675293,249957959.17510983,65441309.92889404
4819,4819,4824,19585.0,69,81904094.69604492,64829643.24951172,253700117.11120605,70028063.77410889
4820,4820,4825,19041.0,68,79334441.18499756,63125263.21411133,244753354.0725708,68111285.20965576
4821,4821,4826,19352.0,76,64239541.05377197,65019022.94158936,248433835.02960205,71175387.38250732
4822,4822,4827,19619.0,68,48824159.62219238,64319334.03015137,228073890.6860352,66816486.35864258
4823,4823,4828,19691.0,75,68343147.27783203,63737136.84082031,239153606.4147949,71043111.80114746
4824,4824,4829,19520.0,75,80594827.65197754,63178739.54772949,252721184.7305298,69484497.0703125
4825,4825,4830,18986.0,80,83409676.55181885,65219782.82928467,274144929.88586426,69438879.96673584
4826,4826,4831,19784.0,74,70879254.34112549,64756926.53656006,250838768.0053711,69946528.43475342
4827,4827,4832,19626.0,68,61512302.39868164,64905509.94873047,237773082.7331543,69749755.859375
4828,4828,4833,19451.0,67,61727268.21899414,65787033.08105469,217778631.21032715,69319200.51574707
4829,4829,4834,19538.0,75,59083941.45965576,61917165.75622559,218017292.02270508,64853257.179260254
4830,4830,4835,19516.0,67,51020767.21191406,58576934.814453125,208392868.0419922,62037509.91821289
4831,4831,4836,19425.0,67,49340500.831604,58248104.09545898,176431488.03710938,61982588.76800537
4832,4832,4837,19402.0,78,52961838.72222901,61244476.318359375,227487459.1827393,64789458.27484131
4833,4833,4838,19509.0,73,49702290.534973145,61299002.6473999,194065688.13323972,64559444.42749024
4834,4834,4839,19825.0,77,67185245.51391602,64808144.56939697,255317680.35888672,71265002.25067139
4835,4835,4840,20271.0,76,83199195.8618164,74814949.03564453,364013439.1784668,81482003.2119751
4836,4836,4841,20060.0,80,74822271.3470459,69720429.42047119,294934000.0152588,77115421.29516602
4837,4837,4842,19745.0,74,82881513.59558105,64464742.66052246,311684423.4466553,74257098.19793701
4838,4838,4843,20059.0,71,80936428.07006836,64144474.029541016,285642572.4029541,68435153.96118164
4839,4839,4844,19938.0,71,83890922.54638672,63066650.390625,275456130.9814453,67564346.31347656
4840,4840,4845,19816.0,68,80307697.29614258,62570049.28588867,404108283.996582,66224555.96923828
4841,4841,4846,19665.0,68,81535541.53442383,61751949.310302734,253036697.3876953,65345596.31347656
4842,4842,4847,19870.0,76,77387230.87310791,62784394.26422119,237444183.34960935,68888481.14013672
4843,4843,4848,19823.0,75,87562816.61987305,66514895.43914795,271340431.2133789,72026181.2210083
4844,4844,4849,20068.0,75,103538974.76196288,72614665.0314331,357140068.0541992,78218792.91534424
4845,4845,4850,20060.0,70,88546070.09887695,65763027.19116211,274632766.7236328,75732685.08911133
4846,4846,4851,20138.0,71,93758354.18701172,71135749.81689453,319001335.14404297,79049888.61083984
4847,4847,4852,19282.0,80,100180596.35162354,67959722.5189209,289835243.22509766,74645460.12878418
4848,4848,4853,19239.0,76,97338646.88873293,62074454.30755615,409096644.4015503,69319874.76348877
4849,4849,4854,19281.0,78,93987315.17791748,64148865.69976807,333003470.4208374,70973530.76934814
4850,4850,4855,19697.0,76,80330523.49090576,60544442.17681885,299967714.3096924,67819426.53656006
4851,4851,4856,18540.0,77,68123469.35272217,51616888.999938965,214373349.1897583,55074412.34588623
4852,4852,4857,19532.0,73,90158792.49572754,59921426.77307129,275381122.5891113,64622309.68475342
4853,4853,4858,19225.0,77,81535973.54888916,56684180.25970459,287481394.76776123,63029976.8447876
4854,4854,4859,18800.0,69,84424839.01977539,55567960.73913574,243561878.2043457,60491349.22027588
4855,4855,4860,19234.0,70,88082878.11279297,64998687.74414063,269015848.15979004,70747280.12084961
4856,4856,4861,18961.0,76,105339954.3762207,72230693.81713867,314523950.5767822,81429370.88012695
4857,4857,4862,18858.0,67,102225113.86871338,73051097.86987305,306040428.1616211,80291011.81030273
4858,4858,4863,19537.0,76,102529255.8670044,71482107.16247559,357637935.63842773,84511370.65887451
4859,4859,4864,19312.0,74,99259719.8486328,69779455.18493652,337218528.7475586,78900772.09472656
4860,4860,4865,19059.0,70,92903446.19750977,67071118.35479736,285852058.41064453,75138575.55389404
4861,4861,4866,19732.0,77,111923484.8022461,76521128.65447998,326142343.52111816,81414069.17572021
4862,4862,4867,19144.0,89,108625858.30688477,76787778.85437012,327479866.98150635,86710108.75701904
4863,4863,4868,17694.0,71,79961010.93292236,63198356.62841797,296327531.8145752,69343527.79388428
4864,4864,4869,18960.0,89,58498372.077941895,54414650.91705322,244020714.75982663,61597525.59661865
4865,4865,4870,18377.0,83,65492999.07684326,52021390.91491699,284271903.9916992,56738586.42578125
4866,4866,4871,19625.0,85,92082883.83483888,65120828.62854004,308011449.8138428,77629909.51538086
4867,4867,4872,19206.0,68,96425275.8026123,67340709.6862793,347111047.744751,80993633.27026367
4868,4868,4873,19053.0,78,79688231.46820068,60695033.07342529,288424475.66986084,72027683.25805664
4869,4869,4874,19247.0,77,77009804.72564697,57946187.97302246,310999106.4071655,68314701.08032227
4870,4870,4875,19777.0,70,89920890.80810547,68045482.63549805,294770629.8828125,78800746.91772461
4871,4871,4876,19622.0,81,96193941.116333,67313658.71429443,378604183.1970215,74861865.04364014
4872,4872,4877,19513.0,76,106372059.82208252,74195901.87072754,286283754.3487549,80490978.2409668
4873,4873,4878,18863.0,71,71694856.64367676,57416896.82006836,302059917.4499512,69678529.73937988
4874,4874,4879,19095.0,76,81083534.24072266,61134822.84545898,296849835.395813,67607271.19445801
4875,4875,4880,19807.0,82,97690232.2769165,69409188.27056885,310632445.3353882,79999324.79858398
4876,4876,4881,20167.0,74,97265111.92321776,73807649.61242676,347678527.83203125,83309465.4083252
4877,4877,4882,19663.0,76,71358858.10852051,59868297.5769043,310918209.07592773,79725856.78100586
4878,4878,4883,19711.0,80,89555482.86437988,66564303.39813232,274744770.0500488,72632936.47766113
4879,4879,4884,19589.0,79,71562700.27160645,59823925.01831055,242360485.0769043,71450290.67993164
4880,4880,4885,20249.0,79,106697214.12658691,67160993.5760498,314664708.1375122,73463631.62994385
4881,4881,4886,20002.0,78,109564276.69525146,66223114.01367188,405071669.57855225,74904072.76153564
4882,4882,4887,19915.0,99,112977773.66638184,63247897.14813232,326298277.85491943,71611598.01483154
4883,4883,4888,19357.0,81,79163078.30810547,59487631.79779053,275288220.4055786,69719079.01763916
4884,4884,4889,18054.0,94,64423356.05621338,53734229.08782959,227132400.5126953,56518796.92077637
4885,4885,4890,17884.0,74,59807736.39678955,50013774.87182617,205551306.72454837,55386410.7131958
4886,4886,4891,19487.0,79,61563076.01928711,58480817.794799805,252935069.08416748,65074727.058410645
4887,4887,4892,19417.0,90,97609750.74768066,67041408.53881836,308169746.3989258,72987636.56616211
4888,4888,4893,19391.0,72,107443344.11621094,72931891.44134521,367937679.2907715,77005283.35571289
4889,4889,4894,18979.0,77,86726368.90411377,62000633.239746094,232089686.3937378,64854122.161865234
4890,4890,4895,18820.0,77,73432379.72259521,52743863.105773926,231818693.16101077,60129258.155822754
4891,4891,4896,19246.0,79,78099316.59698486,57483814.23950195,281572927.4749756,62366905.21240234
4892,4892,4897,19174.0,75,55551163.67340088,53409698.486328125,200852253.9138794,56315668.1060791
4893,4893,4898,19696.0,89,68402543.06793213,55247300.148010254,286139730.4534912,61531584.73968506
4894,4894,4899,19916.0,94,84287673.95019531,61852246.28448486,288769107.8186035,68167862.89215088
4895,4895,4900,19737.0,78,67829380.03540039,57311239.24255371,236910833.35876465,65817975.997924805
4896,4896,4901,19855.0,89,96624597.54943848,70122861.86218262,268300098.41918945,76471870.42236328
4897,4897,4902,19575.0,79,108136872.29156494,72332093.23883057,332960350.9902954,75019914.6270752
4898,4898,4903,18912.0,81,85803462.98217773,62316459.65576172,357003705.97839355,77363159.1796875
4899,4899,4904,18727.0,69,95524202.34680176,74826082.22961426,264937011.71875,85462359.42840576
4900,4900,4905,18600.0,64,105761764.5263672,83311149.59716797,304999843.5974121,86794078.8269043
4901,4901,4906,18786.0,65,109136423.11096191,84162910.46142578,323906379.69970703,87334882.73620605
4902,4902,4907,19336.0,77,104907378.19671632,81361943.24493408,283183157.9208374,84927107.81097412
4903,4903,4908,19020.0,88,89830230.71289062,70094996.45233154,253051654.81567383,75684001.92260742
4904,4904,4909,20395.0,83,90762741.0888672,73350045.2041626,314162805.557251,88310611.72485352
4905,4905,4910,19229.0,82,73164378.16619873,64283851.62353516,293099802.0172119,70143291.47338867
4906,4906,4911,19386.0,82,84817637.44354248,71484207.15332031,308423825.26397705,78162600.51727295
4907,4907,4912,19812.0,74,95271849.63226318,72678318.97735596,313782482.1472168,84780981.06384277
4908,4908,4913,19328.0,72,83413877.48718262,72740721.70257568,290237159.7290039,81387104.03442383
4909,4909,4914,19670.0,82,106297261.23809814,77014507.29370117,938936389.9230956,83746938.70544434
4910,4910,4915,20455.0,90,110009241.10412598,84868156.43310547,324769960.4034424,92942401.88598631
4911,4911,4916,20831.0,94,124962283.13446043,90966580.39093018,440166146.27838135,101908665.65704346
4912,4912,4917,19326.0,74,101576207.1609497,76707550.04882812,310191193.58062744,86825103.75976562
4913,4913,4918,19530.0,81,100025745.3918457,73111870.76568604,305942596.4355469,79797790.52734375
4914,4914,4919,19075.0,74,84949383.73565674,65331686.01989746,288299214.36309814,73676129.34112549
4915,4915,4920,20130.0,88,93282881.73675536,69669518.47076416,352594272.6135254,88700761.79504395
4916,4916,4921,19840.0,78,111660732.26928712,82152726.17340088,363255624.77111816,94907011.03210448
4917,4917,4922,19273.0,86,98971735.95428468,79884646.41571045,341402125.35858154,89520833.96911621
4918,4918,4923,19199.0,67,92553970.33691406,84919357.29980469,348347003.9367676,94402889.25170898
4919,4919,4924,19200.0,66,108061954.49829102,84998416.90063477,356677421.5698242,92266574.85961914
4920,4920,4925,19168.0,82,84066953.65905762,72968090.05737305,335855274.20043945,85619639.39666748
4921,4921,4926,19630.0,84,112189931.86950684,81726709.36584473,378256267.5476074,89478577.61383057
4922,4922,4927,19593.0,68,122313188.55285645,85021402.35900879,366493354.7973633,87608333.58764648
4923,4923,4928,19402.0,67,113139755.24902344,75527866.36352539,348237129.2114258,86739643.09692383
4924,4924,4929,19614.0,70,117607204.43725586,83868072.50976562,346001220.703125,94116336.82250977
4925,4925,4930,19501.0,70,100704139.70947266,80045343.39904785,334230220.79467773,92825958.25195312
4926,4926,4931,19498.0,67,98233158.11157228,79158393.85986328,339193180.0842285,85304119.11010742
4927,4927,4932,19148.0,73,98068704.60510254,74836270.33233643,266652209.2819214,77325773.23913574
4928,4928,4933,19190.0,80,83760890.96069336,68990947.72338867,276606185.91308594,78280866.6229248
4929,4929,4934,20157.0,87,96848102.56958008,81330608.36791992,360109401.70288086,90686586.38000488
4930,4930,4935,20529.0,91,82041438.10272217,80863051.41448975,372993129.7302246,87078547.47772217
4931,4931,4936,19339.0,97,68006932.25860596,68408926.96380615,295752940.1779175,83595457.07702637
4932,4932,4937,19932.0,83,63245092.39196777,64531721.11511231,259944208.1451416,71154906.27288818
4933,4933,4938,20802.0,86,72729941.36810303,72328939.43786621,304052992.82073975,76475466.72821045
4934,4934,4939,19925.0,72,55474887.84790039,67264925.00305176,221847549.43847656,70073672.2946167
4935,4935,4940,19931.0,86,74624221.80175781,68024783.13446045,221114071.8460083,70791353.22570801
4936,4936,4941,19640.0,81,83320164.68048096,71870842.93365479,245204724.3118286,75230337.14294434
4937,4937,4942,19205.0,71,71839366.9128418,60521386.14654541,217363300.32348636,63227688.78936768
4938,4938,4943,19158.0,66,78293338.77563477,61595664.978027344,212077945.7092285,63457027.435302734
4939,4939,4944,19156.0,69,66400424.003601074,61563652.03857422,188960114.4790649,64759615.89813232
4940,4940,4945,19029.0,80,69749867.43927002,63314997.67303467,204150199.89013672,66344478.60717773
4941,4941,4946,19890.0,79,72817634.58251953,67759179.11529541,223775068.28308105,69337970.73364258
4942,4942,4947,19015.0,75,67472616.19567871,63375006.675720215,220857479.09545895,67635215.75927734
4943,4943,4948,19609.0,83,72024991.98913574,61006757.736206055,229689382.5531006,65273386.95526123
4944,4944,4949,19962.0,77,81485085.48736572,65562479.01916504,254820392.60864255,70540590.28625488
4945,4945,4950,19770.0,75,73249966.62139893,64158080.10101318,225283241.27197263,69642494.20166016
4946,4946,4951,19578.0,74,65076681.13708496,59458884.23919678,211053205.4901123,62156050.68206787
4947,4947,4952,19536.0,67,68038959.50317383,60621345.52001953,229046676.6357422,62871116.6381836
4948,4948,4953,19356.0,69,72070396.42333984,61900825.50048828,255316101.07421875,64245368.95751953
4949,4949,4954,19547.0,73,62135251.99890137,59690343.85681152,236537819.8623657,65087755.20324707
4950,4950,4955,19879.0,80,74002625.46539307,63177278.51867676,249822861.67144772,70872446.06018066
4951,4951,4956,19518.0,76,67120013.23699951,59118335.72387695,198417925.83465576,62993102.07366943
4952,4952,4957,19398.0,66,66836501.121521,61566879.27246094,231542644.5007324,63920501.708984375
4953,4953,4958,19552.0,84,68081411.36169434,62133630.75256348,213338835.7162476,65456296.92077637
4954,4954,4959,19608.0,72,66381660.46142578,64812474.25079346,233567071.91467285,69044974.3270874
4955,4955,4960,19044.0,69,68175739.28833008,65690645.21789551,209401102.06604004,67797203.06396484
4956,4956,4961,19129.0,67,68866336.82250977,63319374.084472656,212183841.70532227,67202537.5366211
4957,4957,4962,19680.0,71,75117379.1885376,66343283.65325928,253913024.90234372,69262509.3460083
4958,4958,4963,19467.0,77,58502534.86633301,65382461.54785156,211068614.00604248,69110597.61047363
4959,4959,4964,19314.0,71,66016898.1552124,65727756.50024414,230620617.8665161,69157265.66314697
4960,4960,4965,19249.0,66,68852508.54492188,65793542.86193848,228766864.77661133,68323703.76586914
4961,4961,4966,20118.0,104,71745791.4352417,66688071.25091553,260787603.3782959,75371638.29803467
4962,4962,4967,20025.0,75,77570123.67248535,65642045.02105713,270554730.41534424,73241217.61322021
4963,4963,4968,19349.0,81,71864391.3269043,64211897.85003662,253000624.65667725,66508957.862854
4964,4964,4969,19514.0,67,65673250.19836426,60065830.23071289,237471431.73217773,64549365.99731445
4965,4965,4970,19630.0,68,63898572.92175293,58468539.23797608,216217830.65795895,61705213.54675293
4966,4966,4971,19363.0,65,66013507.84301758,57850513.45825195,239976940.1550293,60392944.3359375
4967,4967,4972,19510.0,71,70246029.8538208,58666077.61383057,217574372.2915649,61713663.10119629
4968,4968,4973,19285.0,67,78592803.95507812,58055362.701416016,278008186.34033203,61511367.79785156
4969,4969,4974,19172.0,71,59012723.92272949,56443150.52032471,243879006.3858032,60394433.02154541
4970,4970,4975,18882.0,70,67573605.53741455,57563216.20941162,234055078.50646973,60400144.57702637
4971,4971,4976,19816.0,83,70072553.63464355,56509827.61383057,240935431.4804077,61164229.39300537
4972,4972,4977,19297.0,75,67839532.85217285,56470536.23199463,216208441.734314,60297072.410583496
4973,4973,4978,19627.0,67,64859281.53991699,58412555.69458008,208149185.1806641,61729094.50531006
4974,4974,4979,19216.0,68,68904185.29510498,55537933.349609375,242204108.2382202,60792284.96551514
4975,4975,4980,19603.0,84,65209210.39581299,55831188.2019043,224481970.78704837,59881598.472595215
4976,4976,4981,19438.0,71,70314887.04681396,59258426.666259766,212193131.4468384,63203741.0736084
4977,4977,4982,19506.0,67,71177367.21038818,58097076.416015625,293232175.8270264,62803762.435913086
4978,4978,4983,19531.0,71,79617521.28601074,61703490.25726318,258933328.62854004,65888176.918029785
4979,4979,4984,19226.0,75,79501790.0466919,62077754.02069092,317411577.22473145,65671241.76025391
4980,4980,4985,19265.0,70,77502780.91430664,59713989.2578125,230885643.0053711,64562084.19799805
4981,4981,4986,19140.0,74,79097136.49749756,57163312.911987305,275572027.2064209,61132884.97924805
4982,4982,4987,19251.0,69,84399430.27496338,59328791.61834717,235833408.3557129,62146554.94689941
4983,4983,4988,19461.0,67,72556129.4555664,58163423.53820801,212252960.20507807,61484695.43457031
4984,4984,4989,19544.0,68,77835674.28588867,59047798.15673828,224718750.0,63808746.33789063
4985,4985,4990,19570.0,67,88284942.62695312,61686965.94238281,288737003.326416,65764083.86230469
4986,4986,4991,19384.0,66,77172191.61987305,58697013.85498047,232153152.4658203,64786773.68164063
4987,4987,4992,19530.0,67,76313789.36767578,60767398.83422852,218989192.96264648,64458812.71362305
4988,4988,4993,19479.0,68,81515411.37695312,61471736.90795898,242935974.12109372,65772726.05895996
4989,4989,4994,19376.0,69,78767999.64904785,60096273.42224121,233540886.8789673,66536846.16088867
4990,4990,4995,19606.0,72,83155241.96624756,64969652.17590332,282175351.1428833,70317590.71350098
4991,4991,4996,19598.0,67,79905303.95507812,62934940.338134766,247726318.359375,68897350.3112793
4992,4992,4997,19500.0,67,82450641.63208008,64700317.3828125,232439304.35180664,69935516.35742188
4993,4993,4998,19458.0,66,76065822.60131836,60019042.96875,243853317.2607422,69314861.29760742
4994,4994,4999,19428.0,66,81515510.55908203,66113708.49609375,258136310.57739255,72738441.46728516
4995,4995,5000,19476.0,67,83485782.62329102,69199405.67016602,276925804.1381836,75134864.8071289
4996,4996,5001,19587.0,70,84162399.29199219,67122728.34777832,248506198.88305664,74062556.26678467
4997,4997,5002,19363.0,66,86482341.76635742,65187702.17895508,240705581.66503903,71055160.52246094
4998,4998,5003,19518.0,67,77193965.91186523,61874183.65478516,278850448.60839844,68596122.74169922
4999,4999,5004,19329.0,70,80963373.1842041,59972253.79943848,250451852.7984619,67660072.32666016
5000,5000,5005,19421.0,67,88476448.05908203,66516014.09912109,264938484.19189453,71464660.64453125
5001,5001,5006,19368.0,66,82414764.40429688,65654811.85913086,253498054.50439453,72080017.08984375
5002,5002,5007,19563.0,67,77924530.02929688,64618812.56103516,257342784.8815918,71313972.47314453
5003,5003,5008,19422.0,66,73059448.2421875,59584487.91503906,232811141.96777344,63131000.51879883
5004,5004,5009,19592.0,67,78059322.35717773,60652114.86816406,280790225.982666,66367435.455322266
5005,5005,5010,19235.0,66,83376811.98120117,63634220.123291016,261366111.7553711,69159648.89526367
5006,5006,5011,19739.0,73,85934631.34765625,63648012.16125488,324718721.3897705,71304643.63098145
5007,5007,5012,19498.0,68,83655277.25219727,60527359.00878906,264695266.7236328,65157148.361206055
5008,5008,5013,19500.0,67,84103218.07861328,62587228.775024414,237447299.9572754,64942592.62084961
5009,5009,5014,19561.0,68,86960063.93432617,58912086.486816406,272137519.8364258,65894229.888916016
5010,5010,5015,19397.0,67,88233028.41186523,60803119.65942383,247205558.77685547,66388998.03161621
5011,5011,5016,19605.0,68,94276348.11401369,64921466.82739258,287338783.26416016,69359394.07348633
5012,5012,5017,19423.0,67,87146873.4741211,60969379.42504883,267814228.05786133,66627651.21459961
5013,5013,5018,19562.0,68,88287265.77758789,59524375.915527344,253052112.5793457,67809282.30285645
5014,5014,5019,19382.0,67,87662231.4453125,60592414.85595703,248632408.14208984,65897056.57958984
5015,5015,5020,19645.0,68,84858917.23632812,62535602.56958008,273256275.17700195,65706451.416015625
5016,5016,5021,19443.0,67,84213610.64910889,62449087.142944336,220937665.93933105,68039600.37231445
5017,5017,5022,19190.0,68,75543532.371521,63152608.87145996,232691871.6430664,67102321.62475586
5018,5018,5023,18958.0,79,70272318.84002686,60012986.1831665,247713966.3696289,66309864.04418945
5019,5019,5024,18608.0,71,60717898.36883545,56101504.3258667,227627261.1618042,61608520.5078125
5020,5020,5025,18754.0,66,65039875.984191895,55457872.39074707,253770950.3173828,62201693.534851074
5021,5021,5026,18752.0,79,77750900.26855469,59069018.36395264,269374920.84503174,63304232.597351074
5022,5022,5027,18596.0,64,77176742.55371094,61937122.3449707,267537467.95654297,66251773.83422852
5023,5023,5028,18602.0,64,75510494.23217773,58764430.99975586,240513748.1689453,65371105.1940918
5024,5024,5029,18603.0,64,67554344.1772461,60358207.70263672,231018157.9589844,65829929.35180664
5025,5025,5030,18735.0,65,75138332.36694336,58039897.91870117,257133674.62158203,65437709.80834961
5026,5026,5031,18493.0,64,75013477.32543945,58198566.43676758,235996723.17504883,64969081.87866211
5027,5027,5032,18904.0,73,76607799.5300293,60185844.42138672,253738737.10632324,64742898.94104004
5028,5028,5033,18833.0,82,67355184.55505371,56587562.56103516,218383596.4202881,62868298.53057861
5029,5029,5034,18669.0,74,64508566.85638428,56083457.946777344,211434535.9802246,60315229.41589356
5030,5030,5035,18538.0,71,69208886.14654541,56458080.29174805,231336531.63909912,59740990.63873291
5031,5031,5036,18546.0,74,78607991.2185669,58636258.125305176,276430278.7780762,65661890.98358154
5032,5032,5037,18597.0,64,76291862.48779297,61370605.46875,260503162.3840332,66486824.03564453
5033,5033,5038,18605.0,64,71027076.7211914,63221641.540527344,254672527.3132324,67084568.02368164
5034,5034,5039,18464.0,63,74892269.13452148,63715003.96728516,228241413.11645508,66642833.7097168
5035,5035,5040,18600.0,64,82935874.93896484,57810100.55541992,282110759.7351074,68990699.7680664
5036,5036,5041,18597.0,64,67971847.53417969,57380920.41015625,243371284.48486328,62339843.75
5037,5037,5042,18466.0,66,75358886.71875,59894511.22283936,234396301.26953125,63288001.06048584
5038,5038,5043,19584.0,74,69401656.15081787,59512678.14636231,263998971.9390869,66817286.49139404
5039,5039,5044,19518.0,67,70808052.06298828,64131465.911865234,283143898.0102539,69002876.28173828
5040,5040,5045,19500.0,69,72184551.23901367,64885971.06933594,238628849.02954105,69089420.31860352
5041,5041,5046,19498.0,67,72098892.21191406,61872592.92602539,251631504.0588379,69373325.34790039
5042,5042,5047,19502.0,69,85881647.10998535,64048027.03857422,278290546.4172363,68954906.46362305
5043,5043,5048,19424.0,67,80878120.42236328,63457710.26611328,294787731.1706543,67668052.67333984
5044,5044,5049,19327.0,70,65592730.52215576,59042986.86981201,219102905.2734375,64387961.38763428
5045,5045,5050,19606.0,72,74345171.92840576,59458185.19592285,221438220.9777832,62940051.07879639
5046,5046,5051,19496.0,67,73963348.38867188,60545585.63232422,236806709.2895508,65321437.83569336
5047,5047,5052,19155.0,80,80629231.4529419,59854878.42559815,277347609.5199585,64854107.85675049
5048,5048,5053,18885.0,66,81041862.48779297,61129222.86987305,238456562.04223636,66024131.77490234
5049,5049,5054,18888.0,65,72435573.57788086,62636177.06298828,247775199.89013672,67374809.26513672
5050,5050,5055,19404.0,70,70502303.12347412,61562048.91204834,229271697.99804688,67827613.8305664
5051,5051,5056,19468.0,67,85978309.63134766,62765947.34191895,276679813.38500977,66783576.96533203
5052,5052,5057,19545.0,68,72309818.26782227,60917865.75317383,250446273.8037109,65545778.27453613
5053,5053,5058,19425.0,67,63246387.48168945,59147296.90551758,281834262.8479004,63316307.06787109
5054,5054,5059,19571.0,69,79812911.98730469,63575736.99951172,253440124.51171875,68266017.91381836
5055,5055,5060,19500.0,67,85516098.02246094,64608032.2265625,307482315.06347656,69373218.53637695
5056,5056,5061,19515.0,67,71203411.10229492,62068992.614746094,287925418.85375977,67679260.25390625
5057,5057,5062,19502.0,67,80215229.03442383,64659397.12524414,269757541.65649414,68813758.85009766
5058,5058,5063,19503.0,67,81339084.62524414,64659870.14770508,309213153.8391113,69065166.47338867
5059,5059,5064,19497.0,67,59315719.60449219,59957771.30126953,220131156.92138672,65708141.3269043
5060,5060,5065,19403.0,72,64558498.38256836,56487429.61883545,227900131.22558597,60075724.601745605
5061,5061,5066,19469.0,80,63451981.54449463,56008593.55926514,274454074.85961914,61156977.65350342
5062,5062,5067,19657.0,70,76255924.22485352,64193936.34796143,233771518.7072754,69900429.72564697
5063,5063,5068,19458.0,67,83539534.56878662,64951838.49334717,249547962.1887207,68194411.277771
5064,5064,5069,19600.0,72,64268054.00848389,64651641.845703125,242576844.21539307,73593309.40246582
5065,5065,5070,19489.0,71,76026067.73376465,63189348.2208252,242342062.95013428,67516740.7989502
5066,5066,5071,19499.0,67,82123828.88793945,62636699.67651367,298790161.1328125,67640861.51123047
5067,5067,5072,19501.0,67,68777873.99291992,62134754.1809082,225299602.5085449,69062400.8178711
5068,5068,5073,19501.0,67,72892574.31030273,64185291.2902832,236538928.9855957,68778911.59057617
5069,5069,5074,19491.0,72,81305868.14880371,65476927.75726318,243273803.7109375,68918600.08239746
5070,5070,5075,19240.0,70,72229517.93670654,62939043.045043945,262718541.1453247,67069698.33374024
5071,5071,5076,19024.0,70,62847250.93841553,59872107.50579834,216917505.26428223,63893068.31359863
5072,5072,5077,19712.0,70,72597845.07751465,63178720.47424317,272934070.5871582,66670952.79693604
5073,5073,5078,19502.0,67,58046546.93603516,60684684.75341797,210683635.71166992,64379398.34594727
5074,5074,5079,19394.0,67,61622951.50756836,61024620.05615234,229328022.00317383,63469226.8371582
5075,5075,5080,19571.0,69,71451361.65618896,61908592.22412109,231154571.53320312,65290950.77514648
5076,5076,5081,19602.0,74,64640618.324279785,58070781.70776367,256034371.3760376,63282575.607299805
5077,5077,5082,19498.0,67,72112201.69067383,59394973.75488281,236359073.638916,63193557.73925781
5078,5078,5083,19490.0,71,68334589.95819092,59991044.99816895,225268672.94311523,63305362.701416016
5079,5079,5084,19500.0,67,61124553.68041992,59542472.83935547,228486499.78637692,64009094.23828125
5080,5080,5085,19487.0,67,61065856.93359375,60526653.28979492,218827896.1181641,64755290.98510742
5081,5081,5086,19497.0,67,62552299.49951172,64620937.34741211,216974563.5986328,69421134.94873047
5082,5082,5087,19501.0,67,66213096.61865234,65231342.31567383,254384197.23510745,69613483.42895508
5083,5083,5088,19390.0,68,78947511.67297363,62185293.19763184,250067447.66235352,69569532.39440918
5084,5084,5089,19606.0,74,78062959.67102051,62980210.304260254,251945215.22521973,67500971.79412842
5085,5085,5090,18811.0,75,71688296.3180542,60863887.786865234,219593497.27630612,66386002.54058838
5086,5086,5091,18783.0,71,76522898.67401123,65953921.3180542,231017604.8278809,72094604.4921875
5087,5087,5092,18449.0,67,81496217.72766113,64553277.96936035,243915088.65356445,69918775.55847168
5088,5088,5093,18749.0,66,71305889.12963867,62138547.89733887,243439189.91088867,66516424.17907715
5089,5089,5094,18598.0,64,75865440.36865234,62455814.361572266,227777210.2355957,66959506.98852539
5090,5090,5095,18232.0,68,78421135.90240479,60932425.4989624,257439878.46374512,64944834.70916748
5091,5091,5096,18397.0,64,73390060.42480469,62183856.01043701,282892837.52441406,67969313.621521
5092,5092,5097,18320.0,68,70716830.25360107,62826214.79034424,250006542.20581052,67177033.42437744
5093,5093,5098,18840.0,67,82965921.40197754,63084253.31115723,292761268.61572266,67840479.85076904
5094,5094,5099,18917.0,73,73584685.32562256,59448507.30895996,233970455.16967773,63305072.78442383
5095,5095,5100,18949.0,72,63678681.37359619,51796987.533569336,180242626.19018555,56044353.48510742
5096,5096,5101,18613.0,83,73543832.77893066,54270110.13031006,226838705.0628662,58693002.700805664
5097,5097,5102,19015.0,78,75032417.29736328,55467696.18988037,298595613.47961426,60553136.82556152
5098,5098,5103,19365.0,78,55603298.18725586,53704242.70629883,215519107.81860352,58939703.941345215
5099,5099,5104,18948.0,72,74331491.47033691,57580426.21612549,244868398.66638184,61947815.89508057
5100,5100,5105,19514.0,87,76222022.05657959,61372318.267822266,236434544.56329343,65504655.838012695
5101,5101,5106,19662.0,74,62332350.730896,60406236.64855957,240577610.01586917,64895409.58404541
5102,5102,5107,19287.0,68,60835086.822509766,57382114.41040039,208455043.7927246,61645591.73583984
5103,5103,5108,19423.0,79,65392828.941345215,58578916.54968262,220849302.2918701,62203952.78930664
5104,5104,5109,19255.0,74,73395388.60321045,59109512.32910156,282958595.2758789,63544650.077819824
5105,5105,5110,19204.0,71,77886690.13977051,62345252.990722656,266797421.4553833,66560749.05395508
5106,5106,5111,19198.0,69,74117386.81793213,62897888.18359375,249504808.4259033,67504993.4387207
5107,5107,5112,19149.0,70,76627044.67773438,61663093.56689453,224785848.6175537,65466219.902038574
5108,5108,5113,18830.0,83,74678694.72503662,59345247.26867676,252912104.6066284,62307616.23382568
5109,5109,5114,19456.0,80,71777371.40655518,58627447.1282959,302928515.43426514,63851743.69812012
5110,5110,5115,19301.0,70,86528692.2454834,60450158.11920166,221074224.4720459,64380974.769592285
5111,5111,5116,18852.0,68,78218822.47924805,59383144.37866211,268523427.96325684,64835805.892944336
5112,5112,5117,18933.0,65,71154079.43725586,59917484.28344727,241257530.21240237,64995189.66674805
5113,5113,5118,18910.0,66,66838745.1171875,57174951.55334473,225191982.2692871,60708738.32702637
5114,5114,5119,18885.0,69,55974353.7902832,56620180.13000488,186014774.32250977,58942342.75817871
5115,5115,5120,19241.0,67,65606475.830078125,57520484.924316406,204165531.15844727,59225479.12597656
5116,5116,5121,19210.0,70,49943759.91821289,54540453.91082764,170440301.8951416,58108209.60998535
5117,5117,5122,19644.0,68,44484077.45361328,51690448.76098633,179807704.9255371,54363867.75970459
5118,5118,5123,19329.0,70,47206573.486328125,47629989.62402344,149693862.91503906,50164241.790771484
5119,5119,5124,19382.0,84,46378010.749816895,45987434.38720703,189766412.73498532,47062051.77307129
5120,5120,5125,21566.0,98,58509654.04510498,57244240.76080322,219265779.4952393,51870754.24194336
5121,5121,5126,19899.0,77,50611211.7767334,56684828.75823975,199127870.5596924,49300507.54547119
5122,5122,5127,20067.0,101,70631530.76171875,53228385.92529297,231306089.40124512,55758576.39312744
5123,5123,5128,19471.0,77,58542482.37609863,52816386.22283936,241178155.89904785,55799224.853515625
5124,5124,5129,19699.0,84,51356641.76940918,51371084.21325684,197079523.08654785,54483359.33685303
5125,5125,5130,19808.0,77,59369746.20819092,52708509.44519043,231189718.24646,56590259.55200195
5126,5126,5131,19647.0,100,80812346.45843506,57764000.89263916,277260095.5963135,61040766.71600342
5127,5127,5132,19560.0,76,59570541.38183594,56169322.01385498,236986534.11865237,61992842.67425537
5128,5128,5133,19251.0,79,57647111.8927002,53977054.59594727,192407870.2926636,56724716.18652344
5129,5129,5134,19327.0,74,57614067.07763672,54306943.89343262,174881899.8336792,56984470.36743164
5130,5130,5135,19278.0,67,63645679.47387695,56283691.40625,197762928.0090332,58879234.31396485
5131,5131,5136,19131.0,69,56301606.17828369,54075027.46582031,211929835.31951904,57336378.09753418
5132,5132,5137,19298.0,76,54545475.00610352,54615908.6227417,243577993.39294437,56547926.902771
5133,5133,5138,19182.0,66,52487340.92712402,55274703.97949219,178749849.319458,57131767.27294922
5134,5134,5139,19217.0,67,59200281.14318848,56275051.11694336,226737215.04211423,58296451.56860352
5135,5135,5140,19414.0,74,65010307.31201172,58438791.275024414,222913858.4136963,59958573.34136963
5136,5136,5141,19506.0,72,70017707.82470703,58443382.2631836,219215984.3444824,64025369.64416504
5137,5137,5142,19493.0,67,64799095.153808594,63795703.88793945,229009147.64404297,70081016.54052734
5138,5138,5143,19499.0,67,62981231.689453125,74144344.32983398,189557842.25463867,77853881.8359375
5139,5139,5144,19316.0,74,58977784.15679932,71879103.6605835,189507274.62768555,75414369.58312988
5140,5140,5145,19348.0,77,70349412.91809082,60793252.94494629,231936335.56365967,63900545.12023926
5141,5141,5146,19456.0,67,68731178.2836914,59613540.64941406,231687244.4152832,62431118.01147461
5142,5142,5147,19504.0,73,69295776.3671875,59765913.96331787,207585458.7554932,62627954.48303223
5143,5143,5148,19376.0,72,50691463.47045898,55336664.1998291,186821929.93164065,57980590.8203125
5144,5144,5149,18932.0,76,52081481.93359375,53221673.9654541,159123455.04760742,56254460.33477783
5145,5145,5150,18932.0,70,59430696.48742676,53464201.92718506,178045757.29370117,56753126.14440918
5146,5146,5151,19396.0,80,63806028.36608887,55930733.6807251,237561054.22973636,59868738.17443848
5147,5147,5152,19606.0,77,62321083.068847656,58815202.713012695,266895729.0649414,61022893.90563965
5148,5148,5153,19498.0,67,56323024.74975586,55783603.66821289,185958805.0842285,59919616.69921875
5149,5149,5154,19381.0,67,68481826.78222656,58887516.02172852,207899192.8100586,62715450.286865234
5150,5150,5155,19212.0,69,68438661.57531738,61903130.53131104,227921258.9263916,65759972.57232666
5151,5151,5156,19235.0,67,70384311.67602539,64285483.36029053,362259021.7590332,67858721.73309326
5152,5152,5157,19116.0,71,75127954.48303223,66599310.874938965,247374916.07666016,69270045.28045654
5153,5153,5158,18926.0,72,78387938.49945068,66268534.66033936,276607495.3079224,69552457.80944824
5154,5154,5159,18884.0,65,73179218.29223633,63838848.11401367,223476577.75878903,66550270.080566406
5155,5155,5160,18900.0,65,78197082.51953125,64694595.33691406,259141731.26220703,67605926.51367188
5156,5156,5161,18903.0,65,63026401.51977539,62657855.98754883,201217689.51416016,66542556.76269531
5157,5157,5162,18900.0,65,66891113.28125,59851718.90258789,198281314.84985352,64278022.76611328
5158,5158,5163,18898.0,65,65804042.81616211,60871299.74365234,218811668.3959961,64100173.95019531
5159,5159,5164,18977.0,69,64776758.19396973,58390998.84033203,235326145.17211917,62600935.93597412
5160,5160,5165,18954.0,74,60623096.46606445,56858518.60046387,198150240.89813232,59809674.26300049
5161,5161,5166,19356.0,74,58542049.40795898,55702652.93121338,200311355.5908203,59965586.66229248
5162,5162,5167,19239.0,74,59904106.14013672,53014316.55883789,189521744.7280884,56960071.5637207
5163,5163,5168,19367.0,73,57505432.12890625,51133236.8850708,189032649.04022217,54303588.8671875
5164,5164,5169,19532.0,77,61408215.52276611,50806513.78631592,214842700.00457764,52985854.148864746
5165,5165,5170,19901.0,75,73329501.15203857,53935632.70568848,253573752.40325928,59016962.0513916
5166,5166,5171,19235.0,73,68392149.92523193,51664633.75091553,200140684.1278076,54357670.78399658
5167,5167,5172,19573.0,69,76456214.90478516,54537948.60839844,198091541.2902832,56369220.73364258
5168,5168,5173,19495.0,68,65799226.76086426,56781145.0958252,245563776.01623532,59098815.91796875
5169,5169,5174,19499.0,67,61445621.49047852,59331981.65893555,203701881.4086914,60932983.3984375
5170,5170,5175,19262.0,71,60591907.5012207,56379644.3939209,173456089.9734497,58762882.232666016
5171,5171,5176,19293.0,74,68617197.03674316,56618705.74951172,234770713.80615237,58744122.50518799
5172,5172,5177,19613.0,73,69020090.10314941,58544965.74401856,229542487.1444702,61517904.28161621
5173,5173,5178,19368.0,70,59632115.36407471,57305643.08166504,204530207.63397217,59309803.0090332
5174,5174,5179,19382.0,69,45593015.67077637,55454919.81506348,188819347.3815918,58663829.8034668
5175,5175,5180,19121.0,70,43014346.1227417,49867043.49517822,164753586.769104,53660774.23095703
5176,5176,5181,19726.0,75,61281630.516052246,50541492.4621582,217535341.26281735,53703836.44104004
5177,5177,5182,19320.0,82,50916677.47497559,50032344.818115234,192039365.76843265,51874700.54626465
5178,5178,5183,19339.0,77,39671401.023864746,48143951.416015625,172262005.80596924,50125857.35321045
5179,5179,5184,19465.0,91,39503798.484802246,48432329.177856445,199653793.3349609,50526989.93682861
5180,5180,5185,19585.0,71,40712614.05944824,49173155.78460693,198663988.1134033,52395466.8045044
5181,5181,5186,19327.0,75,50445707.32116699,51219095.23010254,226944375.03814697,53525346.755981445
5182,5182,5187,19436.0,88,42564282.41729736,48413283.348083496,208270239.8300171,52284337.99743652
5183,5183,5188,19373.0,85,37866717.33856201,49822280.88378906,164637472.15270996,52193159.10339356
5184,5184,5189,19502.0,70,38931086.54022217,49282758.71276856,158942140.57922363,51440433.50219727
5185,5185,5190,19599.0,81,40457912.44506836,50626734.73358154,169057234.76409912,52304776.19171143
5186,5186,5191,19486.0,67,40547794.342041016,50409614.56298828,160928768.15795898,51784122.467041016
5187,5187,5192,19497.0,67,36840751.64794922,49703552.24609375,187328411.1022949,52517127.990722656
5188,5188,5193,19500.0,68,36912380.21850586,49448486.328125,169630855.56030273,51816280.36499024
5189,5189,5194,19513.0,67,48339946.74682617,51812141.41845703,162598102.56958008,53589176.17797852
5190,5190,5195,19547.0,67,56125633.239746094,54297962.1887207,200120185.8520508,56587661.74316406
5191,5191,5196,19516.0,68,53900355.33905029,55682933.80737305,192458914.7567749,57636745.45288086
5192,5192,5197,19526.0,67,53616531.37207031,56215686.7980957,204149051.66625977,59104034.423828125
5193,5193,5198,19265.0,67,56619275.09307861,56335192.68035889,180604093.5516357,58500111.57989502
5194,5194,5199,19326.0,71,53966707.22961426,54356258.392333984,199067909.24072263,57922421.4553833
5195,5195,5200,19467.0,74,56116330.14678955,53987907.40966797,182156477.9281616,56695356.36901856
5196,5196,5201,19581.0,92,57599891.662597656,57180112.83874512,192981171.6079712,60819253.92150879
5197,5197,5202,20155.0,78,67897255.89752197,59858257.29370117,565179221.1532593,67581071.8536377
5198,5198,5203,19892.0,74,60375328.06396485,66791452.407836914,237164811.1343384,70412289.6194458
5199,5199,5204,19680.0,68,76310493.46923828,65709709.16748047,284012748.7182617,70231582.64160156
5200,5200,5205,20212.0,76,96204498.29101562,76866968.15490723,294416026.1154175,81481196.40350342
5201,5201,5206,20092.0,71,88885908.12683105,70895904.54101562,309755145.072937,78966158.86688232
5202,5202,5207,20139.0,71,85360435.48583984,68378108.97827148,245000541.6870117,73784778.5949707
5203,5203,5208,20123.0,70,89084589.0045166,70618638.99230957,295287391.66259766,76333047.86682129
5204,5204,5209,19925.0,74,82310323.71520996,66886698.72283936,294038167.9534912,75915884.01794434
5205,5205,5210,19839.0,70,88148697.85308838,71171744.34661865,291207909.5840454,74940701.48468018
5206,5206,5211,19702.0,74,80121101.37939453,68101325.98876953,254755123.13842773,72497295.37963867
5207,5207,5212,19695.0,83,52005585.67047119,52477768.898010254,199429144.859314,55342555.99975586
5208,5208,5213,19674.0,79,65563973.42681885,51990966.796875,229801356.3156128,56462179.18395996
5209,5209,5214,19774.0,79,61103657.722473145,51850135.803222656,238759448.05145264,55210663.79547119
5210,5210,5215,20098.0,83,64477324.48577881,54532910.34698486,254577557.5637817,62090462.68463135
5211,5211,5216,19712.0,83,41973016.7388916,46023006.43920898,186238715.171814,48461047.17254639
5212,5212,5217,19455.0,85,37082236.28997803,45199426.65100098,170108459.47265625,46841382.02667236
5213,5213,5218,19541.0,72,41104633.33129883,45162359.2376709,201660552.0248413,47369071.0067749
5214,5214,5219,19512.0,66,42049674.98779297,45251884.46044922,188126258.8500977,47923618.31665039
5215,5215,5220,19439.0,66,41879706.382751465,47785882.9498291,204683513.64135745,49727533.3404541
5216,5216,5221,19221.0,78,40647669.79217529,46140033.72192383,153180715.5609131,48168347.35870361
5217,5217,5222,19205.0,77,43609141.34979248,46395971.29821777,193600154.87670895,47782631.87408447
5218,5218,5223,19464.0,69,40601793.28918457,47525362.96844482,197343624.11499023,50045430.183410645
5219,5219,5224,19372.0,75,38656444.54956055,47922076.22528076,203967341.42303467,49193800.926208496
5220,5220,5225,19552.0,69,39114583.96911621,47739286.42272949,172468410.49194336,49700897.21679688
5221,5221,5226,19536.0,73,40874855.04150391,49278539.65759277,154508319.85473633,50315994.26269531
5222,5222,5227,19215.0,76,37327398.3001709,47681185.722351074,137778335.57128906,50472872.734069824
5223,5223,5228,19513.0,135,44875757.21740723,50907115.9362793,177570655.8227539,53116970.06225586
5224,5224,5229,19349.0,126,37322024.34539795,49431681.632995605,177414467.81158447,52398131.37054443
5225,5225,5230,19719.0,75,40143564.22424317,49217376.708984375,171785426.13983154,51825795.17364502
5226,5226,5231,18793.0,81,33493053.436279297,42681458.47320557,149628061.29455566,44637930.87005615
5227,5227,5232,19160.0,98,39468240.73791504,44264178.27606201,167091907.5012207,46766682.624816895
5228,5228,5233,20233.0,92,38516396.52252197,46614788.05541992,171350661.277771,50744849.20501709
5229,5229,5234,19885.0,86,52061943.05419922,50251946.449279785,207855794.9066162,52112042.42706299
5230,5230,5235,20216.0,92,33679531.09741211,46555402.755737305,162435316.08581543,50560745.23925781
5231,5231,5236,20101.0,69,34392925.26245117,47042629.24194336,190576854.70581052,50845230.10253906
5232,5232,5237,20118.0,70,41606960.29663086,50328134.53674317,201238407.13500977,52361640.93017578
5233,5233,5238,19972.0,69,36221219.062805176,46799160.00366211,172108627.31933594,51778499.603271484
5234,5234,5239,20194.0,85,47910306.93054199,48274849.8916626,214730242.729187,51662964.82086182
5235,5235,5240,20099.0,69,45032188.415527344,49490943.908691406,212496875.76293945,53131584.16748047
5236,5236,5241,20101.0,69,57473217.01049805,52534313.2019043,212697132.1105957,55345523.83422852
5237,5237,5242,19967.0,73,66530067.443847656,53643042.56439209,249798874.8550415,58180512.42828369
5238,5238,5243,20004.0,73,57696681.02264404,54420307.15942383,206925241.4703369,57938825.607299805
5239,5239,5244,20100.0,68,65553402.9006958,55312491.41693115,226411674.4995117,58480187.41607666
5240,5240,5245,19818.0,69,54044198.98986816,54176000.59509277,198726503.3721924,56781970.9777832
5241,5241,5246,20062.0,70,52840223.31237793,53328872.68066406,208171461.10534668,56270008.0871582
5242,5242,5247,19836.0,71,55008513.45062256,49926452.63671875,190404491.42456052,52501452.44598389
5243,5243,5248,20122.0,75,66350702.2857666,53799971.58050537,225048233.03222656,56404687.88146973
5244,5244,5249,20092.0,77,63208335.87646485,51783585.54840088,200922691.34521484,56014744.75860596
5245,5245,5250,20173.0,70,64884075.16479492,56671119.689941406,208390731.81152344,60713150.02441406
5246,5246,5251,19634.0,76,66377032.27996826,59085922.24121094,219976614.9520874,63347882.27081299
5247,5247,5252,20110.0,84,64035402.29797363,52836894.03533936,211775635.7192993,56154413.2232666
5248,5248,5253,19907.0,76,64216812.13378906,51113304.1381836,233651043.89190677,53135295.86791992
5249,5249,5254,20156.0,70,67355968.4753418,52136108.3984375,230805397.0336914,53885921.478271484
5250,5250,5255,19895.0,81,62784326.55334473,53208856.5826416,248225250.24414065,57138363.8381958
5251,5251,5256,20037.0,71,68850126.26647949,57035079.00238037,215371923.44665527,59057286.26251221
5252,5252,5257,20102.0,70,63752943.03894043,55518222.80883789,201108301.16271973,58118408.203125
5253,5253,5258,20194.0,69,64108728.40881348,55910755.1574707,228315231.3232422,58130622.86376953
5254,5254,5259,19955.0,68,65833500.86212158,57057341.57562256,225107656.47888184,58831837.65411377
5255,5255,5260,19577.0,78,56578015.32745361,54590198.5168457,189372293.47229004,57501551.62811279
5256,5256,5261,19085.0,73,57344964.02740479,52066304.20684815,199027216.91131592,54517621.04034424
5257,5257,5262,20196.0,83,60747711.18164063,55911951.06506348,210095979.69055176,58098959.92279053
5258,5258,5263,20133.0,74,68152883.52966309,54855515.480041504,243327100.75378415,57835568.42803955
5259,5259,5264,20153.0,79,57561024.66583252,52425112.7243042,205336335.18218997,55156097.412109375
5260,5260,5265,20161.0,70,64798568.72558594,54154401.779174805,212325569.15283203,56159990.31066895
5261,5261,5266,20218.0,71,61906433.10546875,54947406.76879883,195948779.1061401,57148101.80664063
5262,5262,5267,20100.0,67,66357707.97729492,56583881.37817383,231897926.3305664,57409000.39672852
5263,5263,5268,20029.0,67,55879707.33642578,56074165.34423828,201433273.3154297,58359054.56542969
5264,5264,5269,20115.0,68,61578227.99682617,56121742.24853516,213344154.35791016,57923789.978027344
5265,5265,5270,20070.0,68,67894924.16381836,57240226.74560547,200087200.1647949,59287158.96606445
5266,5266,5271,20042.0,68,68361240.38696289,56249622.3449707,203297645.5688477,57365329.74243164
5267,5267,5272,19733.0,85,66803722.3815918,56270280.838012695,234078677.1774292,59901158.33282471
5268,5268,5273,19501.0,67,70102611.54174805,59219982.1472168,244655666.3513184,63645149.23095703
5269,5269,5274,19748.0,67,67358608.24584961,58020069.12231445,240159606.93359372,61401092.52929688
5270,5270,5275,19800.0,67,77154117.58422852,58805755.615234375,227328910.82763672,61438758.850097656
5271,5271,5276,19731.0,67,73799194.3359375,58258975.982666016,223647388.45825195,63376270.29418945
5272,5272,5277,19831.0,67,76619075.77514648,64038932.80029297,293824523.92578125,67493133.54492188
5273,5273,5278,19759.0,67,80654712.67700195,67924732.20825195,247688095.09277344,72753952.02636719
5274,5274,5279,19737.0,71,76237750.05340576,58480572.70050049,259822650.90942383,63338365.55480957
5275,5275,5280,20036.0,81,68595991.13464355,57179080.963134766,225050569.53430176,57794425.96435547
5276,5276,5281,20109.0,75,77411437.03460693,56757149.6963501,225263542.17529297,58758526.80206299
5277,5277,5282,19503.0,103,76748187.06512451,57000640.86914063,258391840.93475345,62252923.011779785
5278,5278,5283,19364.0,78,83506044.38781738,61376993.17932129,266873254.77600095,65825448.98986816
5279,5279,5284,18087.0,95,69919635.77270508,54899002.07519531,258766704.55932617,59176347.732543945
5280,5280,5285,18177.0,68,78079545.97473145,57457960.12878418,241292907.71484372,58979502.67791748
5281,5281,5286,18113.0,80,92365684.50927734,61917657.85217285,315929996.4904785,64581491.470336914
5282,5282,5287,18344.0,88,79660418.51043701,64541107.177734375,333889652.25219727,66877047.53875733
5283,5283,5288,18000.0,61,71524852.75268555,65576187.13378906,225680984.4970703,68021591.18652344
5284,5284,5289,17876.0,61,90590068.81713869,65179924.01123047,323700592.0410156,65292675.01831055
5285,5285,5290,18026.0,77,79592774.39117432,54422037.12463379,337645820.6176758,62280394.55413818
5286,5286,5291,17851.0,63,75371538.16223145,60435511.58905029,246375484.46655276,61656886.10076904
5287,5287,5292,17761.0,67,88934402.46582031,64111603.73687744,261470468.52111816,69658384.32312012
5288,5288,5293,17574.0,102,70157750.1296997,69192476.27258301,218467744.8272705,70226956.36749268
5289,5289,5294,17532.0,59,83019985.19897461,66716537.47558594,247997531.89086917,66699234.00878906
5290,5290,5295,20713.0,76,95236001.9683838,71059898.37646484,281465599.0600586,72046721.45843506
5291,5291,5296,20100.0,67,84045982.36083984,73408412.93334961,281755256.65283203,74981403.35083008
5292,5292,5297,20062.0,67,87264957.42797852,70640201.56860352,263813266.7541504,73985858.91723633
5293,5293,5298,20141.0,72,58079442.97790527,55439077.377319336,182932598.11401367,59609050.75073242
5294,5294,5299,20100.0,67,74097633.3618164,58778285.98022461,215399551.3916016,60248565.673828125
5295,5295,5300,20061.0,68,69808422.08862305,60037513.73291016,272249130.24902344,62134174.34692383
5296,5296,5301,20112.0,69,76732894.89746094,62198791.50390625,239925590.51513672,63585422.51586914
5297,5297,5302,20127.0,68,74124149.32250977,65265106.20117188,220433086.39526367,69197891.23535156
5298,5298,5303,20098.0,67,86639480.59082031,66979736.328125,255871440.8874512,71147254.94384766
5299,5299,5304,20031.0,68,82652980.80444336,77334949.4934082,402235183.7158203,78666961.66992188
5300,5300,5305,20174.0,72,64559850.69274902,72006950.37841797,196941951.75170895,71660176.27716064
5301,5301,5306,19997.0,67,68966487.88452148,62304325.103759766,198751724.2431641,62592578.88793945
5302,5302,5307,20206.0,74,81475479.12597656,60441083.908081055,244516887.6647949,65309414.863586426
5303,5303,5308,20100.0,68,74013271.33178711,64333038.330078125,218774833.6791992,65977172.8515625
5304,5304,5309,20103.0,73,74501456.26068115,60190135.95581055,250875048.6373901,65698135.37597656
5305,5305,5310,19999.0,67,74533168.79272461,61667785.64453125,232303890.22827148,66283176.42211914
5306,5306,5311,20072.0,70,89901569.36645508,65959520.33996582,251136814.11743164,72455564.49890137
5307,5307,5312,20142.0,68,66207492.82836914,73479938.50708008,224891773.22387692,72785402.29797363
5308,5308,5313,20098.0,69,66359010.69641113,72064025.87890625,200396078.1097412,72896866.79840088
5309,5309,5314,20178.0,72,88728628.15856934,74543478.01208496,220485079.76531985,75119932.17468262
5310,5310,5315,20100.0,68,80357192.99316406,72399616.24145508,250062717.4377441,77684654.23583984
5311,5311,5316,20027.0,67,87360271.45385742,71741439.81933594,301420196.5332031,73962203.97949219
5312,5312,5317,20040.0,68,87406877.5177002,72897336.95983887,310529151.9165039,72743194.58007812
5313,5313,5318,20230.0,74,81232934.95178223,71568341.25518799,232572685.2416992,72872582.43560791
5314,5314,5319,19955.0,73,77799443.24493408,72781630.51605225,235580925.9414673,74165102.00500488
5315,5315,5320,20236.0,69,87004352.56958008,76001949.31030273,292896636.9628906,77713199.61547852
5316,5316,5321,20100.0,67,92073154.44946288,73965454.1015625,231645298.0041504,75859165.19165039
5317,5317,5322,20100.0,68,96614885.3302002,76100230.21697998,387129592.8955078,79311299.32403564
5318,5318,5323,20078.0,67,87156459.80834961,77336044.31152344,250070854.1870117,77685359.95483398
5319,5319,5324,20068.0,69,93196590.42358398,77286502.83813477,238075965.8813477,78210334.77783203
5320,5320,5325,20154.0,69,82134372.71118164,76600341.796875,212016838.07373047,78174304.9621582
5321,5321,5326,20100.0,69,84906192.77954102,75298336.02905273,244572822.5708008,74560775.75683594
5322,5322,5327,20100.0,67,87734127.04467773,74054145.81298828,275275897.9797363,74412345.88623047
5323,5323,5328,20047.0,67,91418037.41455078,71590888.97705078,263172187.80517575,76347805.02319336
5324,5324,5329,20027.0,73,80486255.64575195,65890152.93121338,234543549.5376587,67768126.48773193
5325,5325,5330,20110.0,68,97985347.74780272,67091903.68652344,239318206.78710935,72247772.21679688
5326,5326,5331,20193.0,77,75280720.7107544,60608306.884765625,284907781.60095215,68438530.92193604
5327,5327,5332,20003.0,68,83588728.90472412,66086526.87072754,211226108.5510254,72466417.31262207
5328,5328,5333,20233.0,68,66880822.18170166,65248853.68347168,228292436.59973145,67746208.19091797
5329,5329,5334,19984.0,67,83863391.8762207,64267002.10571289,221958843.2312012,65367706.298828125
5330,5330,5335,20216.0,68,71442455.29174805,64971416.47338867,221426189.42260745,65201232.91015625
5331,5331,5336,20100.0,67,59996509.55200195,62269592.28515625,221526718.13964844,64777565.002441406
5332,5332,5337,19986.0,67,77135364.5324707,61944969.177246094,238297748.56567383,62337741.85180664
5333,5333,5338,20172.0,68,62022674.56054688,61882873.53515625,225370399.4750977,64221141.81518555
5334,5334,5339,20143.0,74,75498901.3671875,55760550.4989624,373343448.638916,61684397.69744873
5335,5335,5340,20100.0,67,61172103.88183594,56947231.29272461,232727050.78125,58453845.9777832
5336,5336,5341,20100.0,67,88969802.85644531,57705402.37426758,271478462.2192383,68539524.07836914
5337,5337,5342,19414.0,67,74449492.45452881,65368907.9284668,808527715.6829834,66271614.07470703
5338,5338,5343,18960.0,87,66766394.61517334,65881697.65472412,307952261.92474365,67362228.39355469
5339,5339,5344,18920.0,73,88435119.62890625,68937434.19647217,414536964.4165039,70630297.66082764
5340,5340,5345,18837.0,64,90185176.84936523,69717135.42938232,214374137.878418,72032069.2062378
5341,5341,5346,18993.0,71,75164693.83239746,70605089.18762207,301408360.4812622,72617173.19488525
5342,5342,5347,18900.0,63,81281375.88500977,70568561.55395508,255372333.52661133,72733783.72192383
5343,5343,5348,18900.0,63,85435295.10498047,70028972.62573242,272605419.15893555,71426296.23413086
5344,5344,5349,18900.0,63,80262565.61279297,69974040.98510742,351204872.13134766,71358489.99023438
5345,5345,5350,18900.0,63,70643234.25292969,68979263.30566406,274616146.0876465,71535015.10620117
5346,5346,5351,18991.0,72,96567161.5600586,69253911.9720459,255306404.11376956,70055837.63122559
5347,5347,5352,19643.0,71,79200331.68792725,67715044.02160645,266925776.4816284,70754938.12561035
5348,5348,5353,19233.0,72,53589126.58691406,65309459.6862793,201563469.8867798,67560226.44042969
5349,5349,5354,19428.0,75,80427136.42120361,67454312.32452393,300210399.62768555,68845989.22729492
5350,5350,5355,20387.0,77,78435966.49169922,69136059.76104736,242634173.3932495,70312330.24597168
5351,5351,5356,20138.0,80,88679492.95043945,67124551.77307129,243503855.70526123,71915072.44110107
5352,5352,5357,19765.0,77,88487584.1140747,66878362.65563965,287439333.91571045,68951574.32556152
5353,5353,5358,19788.0,67,87269262.31384277,72191396.71325684,244822380.065918,76437841.41540527
5354,5354,5359,19854.0,68,60640988.34991455,71718326.56860352,258498804.09240723,72811717.03338623
5355,5355,5360,19643.0,70,85599296.56982422,72398330.68847656,235732082.36694336,73197315.21606445
5356,5356,5361,19489.0,65,95983470.91674805,71266288.75732422,299549388.88549805,73484844.20776367
5357,5357,5362,19266.0,72,86615139.00756836,69803241.72973633,347491865.15808105,72245253.56292725
5358,5358,5363,19444.0,71,75883743.28613281,69575320.24383545,279364781.3796997,70546137.80975342
5359,5359,5364,19754.0,71,79437200.54626465,70612305.64117432,262302172.66082764,75106642.7230835
5360,5360,5365,18954.0,79,88596550.94146729,69997456.55059814,269607573.5092163,72714694.97680664
5361,5361,5366,18900.0,63,86032104.4921875,69928550.72021484,253601932.5256348,73019886.0168457
5362,5362,5367,18900.0,63,74927902.22167969,67786216.73583984,265534400.9399414,69765186.30981445
5363,5363,5368,18768.0,63,85649974.82299805,67375488.28125,226768238.06762692,68326080.32226562
5364,5364,5369,19035.0,66,78893867.49267578,66907702.44598389,264170657.15789795,67650211.33422852
5365,5365,5370,19446.0,78,78275276.18408203,67383741.37878418,285282172.203064,70337370.87249756
5366,5366,5371,19642.0,66,75743659.97314453,69914363.86108398,247874282.8369141,71068172.45483398
5367,5367,5372,19500.0,65,89058208.46557617,68141269.68383789,304377079.01000977,70863246.91772461
5368,5368,5373,19627.0,66,89393954.27703857,67426640.51055908,336383251.19018555,72286139.48822021
5369,5369,5374,19822.0,75,85359029.76989746,58174034.11865234,432251586.9140625,70053090.09552002
5370,5370,5375,19852.0,72,83771704.67376709,67960710.5255127,284463174.8199463,69177470.20721436
5371,5371,5376,20186.0,68,73538908.00476074,68470708.8470459,238810405.7312012,70871843.3380127
5372,5372,5377,20100.0,67,86068725.5859375,68742370.60546875,286439037.32299805,69806671.14257812
5373,5373,5378,20027.0,67,85362100.60119629,66709948.53973389,251981441.49780276,67899278.64074707
5374,5374,5379,19842.0,70,89131061.55395508,67329589.84375,265948406.2194824,71472885.13183594
5375,5375,5380,20011.0,71,69025882.72094727,70256769.18029785,218160028.4576416,72685705.18493652
5376,5376,5381,19712.0,67,77042124.74822998,70335479.73632812,267859085.0830078,71764189.72015381
5377,5377,5382,19509.0,67,55587112.42675781,68844273.5671997,205872200.01220703,71259263.03863525
5378,5378,5383,18973.0,71,63485748.291015625,68050433.15887451,219433849.3347168,69593821.52557373
5379,5379,5384,19448.0,67,57047943.115234375,68242146.4920044,241457717.8955078,72188618.65997314
5380,5380,5385,20236.0,83,76575610.16082764,69567972.18322754,286867022.51434326,73242793.08319092
5381,5381,5386,19908.0,74,82183127.40325928,69649853.70635986,250278808.59375,71177206.99310303
5382,5382,5387,20156.0,72,74717939.37683105,68462559.7000122,276242385.8642578,72709704.39910889
5383,5383,5388,19803.0,68,76902318.95446777,66487133.97979736,249096757.88879395,70480549.8123169
5384,5384,5389,19642.0,73,77536339.75982666,65639209.74731445,252022607.80334476,69929697.03674316
5385,5385,5390,19887.0,73,69610638.61846924,66367341.04156494,228433798.78997803,69615317.34466553
5386,5386,5391,19814.0,74,68900499.34387207,66824344.635009766,326684368.1335449,70126399.99389648
5387,5387,5392,20228.0,68,76211887.35961914,66661045.07446289,227773845.67260745,70676807.40356445
5388,5388,5393,20100.0,67,72836208.34350586,67787647.24731445,278571796.4172363,70218658.44726562
5389,5389,5394,20100.0,67,60057735.443115234,66636943.81713867,226984405.51757807,70304489.13574219
5390,5390,5395,19888.0,70,70242321.0144043,65100271.22497559,238483949.66125488,66516265.86914063
5391,5391,5396,19800.0,66,59047222.13745117,64257144.92797852,200213527.67944336,65439891.81518555
5392,5392,5397,19800.0,66,43626594.54345703,59456634.521484375,179315757.75146484,61503696.44165039
5393,5393,5398,19800.0,66,46818065.64331055,58112525.939941406,189871501.92260745,60133838.65356445
5394,5394,5399,19887.0,84,41487202.64434815,56173653.6026001,173286369.32373047,57081231.117248535
5395,5395,5400,20196.0,88,49858736.03820801,61096026.42059326,212439238.5482788,66846348.76251221
5396,5396,5401,19905.0,99,44261365.89050293,61694993.019104,187622380.25665283,63453666.68701172
5397,5397,5402,20466.0,81,66322572.70812988,70611605.64422607,230972129.8217773,71476033.2107544
5398,5398,5403,20100.0,67,57257938.385009766,67254638.671875,195265674.59106445,67720127.10571289
5399,5399,5404,20100.0,67,58495903.01513672,65071392.05932617,225030326.8432617,67323589.32495117
5400,5400,5405,20100.0,67,67994499.20654297,66952228.54614258,279889011.38305664,67368221.28295898
5401,5401,5406,20100.0,68,60873195.64819336,66374057.76977539,201703697.20458984,68568298.33984375
5402,5402,5407,20100.0,67,64008522.033691406,66328239.44091797,214309215.5456543,66054439.54467773
5403,5403,5408,20100.0,67,71478939.05639648,66039276.12304688,299743080.13916016,66957092.28515625
5404,5404,5409,20100.0,67,69350051.87988281,67282962.79907227,279873847.9614258,70759963.98925781
5405,5405,5410,19884.0,67,61628336.90643311,67709106.4453125,193979804.99267575,69000157.3562622
5406,5406,5411,20376.0,79,63895935.05859375,65717876.43432617,202854413.98620605,68336852.07366943
5407,5407,5412,20032.0,67,70871318.81713867,68338718.41430664,248118537.90283203,70676467.89550781
5408,5408,5413,19613.0,79,46379351.61590576,63813954.35333252,189813283.9202881,65967309.95178223
5409,5409,5414,19374.0,67,43620113.372802734,57759534.83581543,163826465.60668945,60140787.12463379
5410,5410,5415,19500.0,65,49788379.66918945,54614639.28222656,179241943.359375,56673717.4987793
5411,5411,5416,20087.0,68,48209342.95654297,57039126.3961792,170127971.64916992,60521478.6529541
5412,5412,5417,20022.0,70,43690205.574035645,56841905.59387207,188889299.3927002,57179344.177246094
5413,5413,5418,19832.0,71,44088603.01971436,55004283.9050293,197284830.0933838,59816957.47375488
5414,5414,5419,20199.0,73,51285034.1796875,60553341.86553955,244069225.3112793,63133179.66461182
5415,5415,5420,20185.0,71,47548129.08172608,64385213.85192871,199091781.6162109,67357823.3718872
5416,5416,5421,20181.0,71,58345808.029174805,61539822.578430176,238758008.9569092,66622587.20397949
5417,5417,5422,20328.0,70,68863311.76757812,62703507.42340088,281470329.284668,67516926.7654419
5418,5418,5423,20234.0,70,77112485.88562012,62889274.59716797,209822341.9189453,68976634.97924805
5419,5419,5424,19930.0,73,68353325.84381104,59136531.829833984,243325186.72943115,64428638.45825195
5420,5420,5425,19685.0,70,66341545.10498047,62169078.8269043,221408039.0930176,64555093.76525879
5421,5421,5426,19217.0,69,64140047.07336426,59280235.290527344,210134007.4539185,61196187.01934815
5422,5422,5427,19200.0,64,64905452.728271484,60997009.27734375,221943855.28564453,62661838.53149414
5423,5423,5428,19455.0,75,68133046.15020752,61707382.20214844,286463458.06121826,64034308.43353272
5424,5424,5429,19200.0,64,54328823.08959961,59467792.51098633,205143642.4255371,61219882.96508789
5425,5425,5430,19200.0,64,47583961.486816406,56108093.26171875,184648418.42651367,58007240.29541016
5426,5426,5431,19006.0,66,46819847.1069336,54249182.70111084,170256202.6977539,54065440.17791748
5427,5427,5432,18948.0,70,51816230.77392578,54027332.3059082,218664712.9058838,55431789.39819336
5428,5428,5433,18912.0,68,49912887.57324219,55843311.30981445,188823959.35058597,56184544.56329346
5429,5429,5434,19223.0,68,54015071.86889648,55502971.64916992,225318881.9885254,58431906.70013428
5430,5430,5435,19566.0,72,51092850.68511963,57420232.77282715,239253315.9255981,58411442.75665283
5431,5431,5436,20386.0,80,56940360.0692749,60007830.61981201,210807236.67144772,63214906.69250488
5432,5432,5437,19795.0,76,51004015.92254639,59514272.689819336,220972842.2164917,62367006.30187988
5433,5433,5438,19951.0,69,57514522.55249024,60076549.5300293,265866439.81933597,61958953.85742188
5434,5434,5439,19860.0,69,55106266.02172852,63703038.21563721,223711187.3626709,66847779.27398682
5435,5435,5440,19800.0,66,59933280.94482422,66435813.903808594,238891124.7253418,68253993.98803711
5436,5436,5441,19761.0,66,50491470.33691406,65284549.713134766,200328849.79248047,68688388.82446289
5437,5437,5442,19431.0,67,51226768.49365234,66605145.45440674,180731647.49145508,70128835.67810059
5438,5438,5443,19209.0,67,52297271.728515625,69402236.93847656,239584857.94067383,69616532.32574463
5439,5439,5444,19344.0,66,49591300.96435547,67762215.61431885,251959869.3847656,69956802.36816406
5440,5440,5445,19352.0,91,53560246.46759033,59991356.84967041,271875839.23339844,66215918.54095459
5441,5441,5446,19416.0,109,45347457.88574219,61651723.861694336,206744421.00524905,64589977.2644043
5442,5442,5447,19203.0,110,46557191.84875488,61558169.3649292,227991550.44555664,63326066.01715088
5443,5443,5448,19298.0,80,55212430.000305176,60673518.18084717,242246740.3411865,64548374.17602539
5444,5444,5449,19922.0,72,57525501.2512207,60975214.95819092,289011714.93530273,63044817.92449951
5445,5445,5450,19856.0,79,55555290.22216797,60728651.04675293,227969082.83233643,63726076.12609863
5446,5446,5451,19902.0,67,61214736.93847656,63903163.90991211,276922126.77001953,67435039.52026367
5447,5447,5452,19955.0,71,55397343.63555908,69961174.96490479,254059435.8444214,70257110.59570312
5448,5448,5453,19800.0,67,45404419.89898682,68309211.73095703,231247606.27746585,73790073.39477539
5449,5449,5454,19890.0,70,53804277.420043945,73025821.68579102,200962025.64239505,75233398.4375
5450,5450,5455,20179.0,70,52970836.6394043,72791572.57080078,209895234.1079712,75406115.53192139
5451,5451,5456,20100.0,67,45480537.41455078,72393035.88867188,232973670.95947263,74132251.73950195
5452,5452,5457,20100.0,67,39811992.64526367,71147918.70117188,205677795.41015625,71348476.40991211
5453,5453,5458,20100.0,67,50153160.09521485,72416496.27685547,249495792.388916,73394393.92089844
5454,5454,5459,19718.0,73,55060707.09228516,67766552.92510986,234448024.74975583,69484112.73956299
5455,5455,5460,20134.0,70,65386791.22924805,67833044.05212402,246602729.79736328,70442103.3859253
5456,5456,5461,19935.0,73,54271083.83178711,59528306.96105957,223188288.68865967,61718273.1628418
5457,5457,5462,19888.0,68,45922280.31158447,55262245.178222656,223480186.46240237,57719032.287597656
5458,5458,5463,19808.0,69,46565793.03741455,53153975.48675537,189525433.54034424,56565894.12689209
5459,5459,5464,20209.0,71,51368133.54492188,54060359.954833984,188534572.6013184,57004180.908203125
5460,5460,5465,20100.0,67,54943943.02368164,54325389.86206055,255132579.8034668,55982494.35424805
5461,5461,5466,20100.0,67,42556858.06274414,55865764.61791992,202285194.39697263,58700180.05371094
5462,5462,5467,19953.0,70,38968194.007873535,53446189.88037109,200341873.1689453,53532661.43798828
5463,5463,5468,19869.0,79,47187315.94085693,54174664.49737549,193593897.81951904,55994889.25933838
5464,5464,5469,19968.0,101,48314038.27667236,54297653.19824219,243493132.5912476,56434775.35247803
5465,5465,5470,20056.0,68,47959342.95654297,53840560.91308594,231021762.8479004,54253416.06140137
5466,5466,5471,20058.0,68,54491657.25708008,55029329.29992676,200337478.6376953,55795166.015625
5467,5467,5472,20190.0,68,52900209.42687988,54243659.97314453,254321594.23828125,55658588.40942383
5468,5468,5473,20031.0,69,55272746.086120605,52843435.28747559,211617357.25402832,56297241.2109375
5469,5469,5474,20075.0,70,45242609.02404785,51553359.98535156,255096694.94628903,55168075.56152344
5470,5470,5475,20072.0,71,47514870.64361572,52491684.91363525,250840490.3411865,55121167.18292236
5471,5471,5476,20100.0,69,61844367.02728272,54235467.9107666,222870938.30108643,54939376.83105469
5472,5472,5477,20014.0,68,74265857.6965332,58837905.88378906,210874412.5366211,65140213.01269531
5473,5473,5478,19844.0,69,58092552.185058594,61882083.892822266,273858173.3703613,63542900.08544922
5474,5474,5479,20297.0,80,61059745.78857422,65959513.664245605,299260753.6315918,71328792.57202148
5475,5475,5480,20148.0,74,75739418.02978516,71439807.8918457,252987205.5053711,72427668.57147217
5476,5476,5481,20573.0,75,82419278.14483643,71798718.45245361,260060842.5140381,75055953.97949219
5477,5477,5482,20124.0,70,72222658.15734863,67272886.27624512,242979015.3503418,74878034.5916748
5478,5478,5483,20245.0,71,75146802.90222168,73159440.04058838,253767862.3199463,73254301.07116699
5479,5479,5484,20100.0,67,81199264.52636719,72144126.89208984,242944335.9375,74767112.7319336
5480,5480,5485,20029.0,74,70541592.59796143,64494606.97174072,262602607.7270508,66370079.040527344
5481,5481,5486,19820.0,71,56291646.95739746,63425167.08374024,240517562.8662109,64313735.96191406
5482,5482,5487,19676.0,67,61415176.39160156,62067550.65917969,194777812.95776367,65183887.48168945
5483,5483,5488,19741.0,70,63403198.2421875,63567814.82696533,248056596.75598145,64853434.56268311
5484,5484,5489,20340.0,75,62987648.96392822,65720468.52111816,205271244.04907227,66905219.078063965
5485,5485,5490,19887.0,70,67618803.02429199,63668367.38586426,609766269.6838379,67541776.65710449
5486,5486,5491,19798.0,78,56928646.08764648,62173036.57531738,229513654.7088623,62521146.77429199
5487,5487,5492,19607.0,73,63163798.33221436,63798138.61846924,206577747.3449707,65477744.10247803
5488,5488,5493,19897.0,74,58239815.7119751,66272389.41192627,240176038.74206543,68910943.03131104
5489,5489,5494,20035.0,73,58476519.58465576,66039865.493774414,208534077.6443481,71498185.15777588
5490,5490,5495,19972.0,82,66096621.5133667,65874180.79376221,234018373.48937988,68600889.20593262
5491,5491,5496,19728.0,74,77956318.85528564,72032248.49700928,315274343.4906006,77357898.7121582
5492,5492,5497,19800.0,66,69545459.74731445,73539447.78442383,259902191.16210935,78344821.92993164
5493,5493,5498,19585.0,68,64741394.99664307,69854219.43664551,214360029.22058105,74769573.21166992
5494,5494,5499,19500.0,65,67107295.98999024,69152069.09179688,280024337.7685547,74575138.09204102
5495,5495,5500,19799.0,83,70865675.9262085,70081470.48950195,283450782.7758789,73937509.53674316
5496,5496,5501,20228.0,85,71345777.51159668,66177984.2376709,269899001.121521,70171561.2411499
5497,5497,5502,19927.0,94,65265879.63104248,64878952.980041504,220472908.97369385,67781898.49853516
5498,5498,5503,19804.0,73,67025207.51953125,65213402.74810791,232238945.00732425,67052205.0857544
5499,5499,5504,19294.0,75,69094223.97613525,59941799.16381836,236936363.22021484,62448780.05981445
5500,5500,5505,19493.0,90,76347980.49926758,63320781.70776367,248682454.1091919,64139526.3671875
5501,5501,5506,19614.0,66,64285091.40014648,66052585.60180664,194463409.42382807,69375583.64868164
5502,5502,5507,19500.0,67,68876268.38684082,66837215.423583984,296275727.2720337,68237400.05493164
5503,5503,5508,19336.0,70,61770051.95617676,62512965.20233154,198596841.8121338,66260738.372802734
5504,5504,5509,19690.0,88,83891489.02893066,69150741.57714844,242730342.86499023,73442301.7501831
5505,5505,5510,19712.0,71,78219552.99377441,72700625.4196167,246898456.57348636,72605682.37304688
5506,5506,5511,19800.0,66,70912742.6147461,72455120.08666992,244197463.9892578,72264003.75366211
5507,5507,5512,19570.0,66,65509178.16162109,62181541.44287109,230020259.85717773,69174987.79296875
5508,5508,5513,20030.0,70,77607295.98999023,73021163.94042969,355284385.68115234,76155841.82739258
5509,5509,5514,19685.0,67,76067001.34277344,68215694.42749023,308232509.6130371,74435657.5012207
5510,5510,5515,19915.0,67,75724239.34936523,69097576.14135742,272846126.5563965,70885162.35351562
5511,5511,5516,19641.0,66,67778007.50732422,63188667.29736328,223266540.52734372,65265079.498291016
5512,5512,5517,19942.0,92,57348395.347595215,61797546.38671875,219018681.52618408,65624361.03820801
5513,5513,5518,20080.0,78,66270066.261291504,62190065.38391113,200701347.35107425,63233550.07171631
5514,5514,5519,19886.0,72,75993251.80053711,69613636.0168457,318421816.8258667,74223468.78051758
5515,5515,5520,19468.0,69,64204605.10253906,67681106.56738281,212911712.6464844,69834007.2631836
5516,5516,5521,19600.0,69,71335159.30175781,64926818.84765625,247487255.09643555,66696006.77490234
5517,5517,5522,19825.0,73,60212443.351745605,65776299.476623535,221922052.38342285,68730557.44171143
5518,5518,5523,19838.0,69,67370300.29296875,65509250.64086914,242784767.1508789,65396026.611328125
5519,5519,5524,19843.0,71,83820339.20288086,64981648.4451294,260151195.52612305,65371972.08404541
5520,5520,5525,19791.0,67,72950603.48510742,64441143.03588867,242359016.41845703,64785598.75488281
5521,5521,5526,19809.0,67,70899066.92504883,65334491.72973633,248350570.6787109,67123523.7121582
5522,5522,5527,19734.0,67,73946979.52270508,62068443.29833984,234001880.64575195,64122695.92285156
5523,5523,5528,19794.0,68,86529525.75683594,63716960.90698242,233834617.6147461,68309921.26464844
5524,5524,5529,19620.0,67,72126159.66796875,65671073.91357422,239589809.4177246,65271724.70092773
5525,5525,5530,19508.0,71,74658147.81188965,64165851.59301758,298120595.93200684,66976224.89929199
5526,5526,5531,19502.0,67,87853786.46850586,64249843.59741211,270932846.06933594,69211097.71728516
5527,5527,5532,19642.0,66,86644084.93041992,69448677.06298828,266452457.4279785,70826137.54272461
5528,5528,5533,18359.0,71,72607352.2567749,65762404.441833496,242061655.0445557,67624044.41833496
5529,5529,5534,18801.0,79,84159170.15075684,65618408.203125,273102092.7429199,68035059.92889404
5530,5530,5535,18797.0,103,73313705.44433594,65271628.37982178,242674318.31359863,68337424.27825928
5531,5531,5536,18618.0,74,76408153.53393555,65590170.86029053,279806503.29589844,68158205.98602295
5532,5532,5537,18138.0,68,73459664.3447876,63997452.73590088,263283073.42529297,67392098.42681885
5533,5533,5538,18014.0,62,82415725.70800781,63806098.93798828,304510879.5166016,66785285.94970703
5534,5534,5539,17998.0,62,65560241.69921875,63823936.46240234,221161113.73901367,68604866.02783203
5535,5535,5540,18513.0,80,75841969.49005127,66260210.99090576,260667271.6140747,68651427.26898193
5536,5536,5541,19273.0,86,84176927.56652832,67104495.04852295,485156213.760376,69494031.90612793
5537,5537,5542,18935.0,69,77786938.66729736,64360816.00189209,231616003.03649905,66756250.38146973
5538,5538,5543,18928.0,65,80747097.01538086,63268550.872802734,307622776.03149414,66408691.40625
5539,5539,5544,18610.0,65,84411474.22790527,65743215.560913086,280994062.42370605,67810024.26147461
5540,5540,5545,18600.0,62,77649307.25097656,67496395.11108398,256701850.89111328,69380664.82543945
5541,5541,5546,18600.0,62,89745998.38256836,68944358.8256836,307021808.6242676,71309852.60009766
5542,5542,5547,18719.0,92,87607795.71533203,66229199.40948486,256203788.75732425,70136171.34094238
5543,5543,5548,18842.0,85,73436128.61633301,60746846.199035645,226271866.79840088,63609557.15179443
5544,5544,5549,18693.0,96,90422558.78448486,60439045.906066895,346439383.5067749,71802881.24084473
5545,5545,5550,18951.0,110,81151523.59008789,56038530.349731445,406359913.8259888,61790608.406066895
5546,5546,5551,18662.0,87,67890833.8546753,59443354.60662842,311785807.6095581,63364399.909973145
5547,5547,5552,18659.0,64,84191558.83789062,63114009.85717773,386401817.3217773,69128898.62060547
5548,5548,5553,18613.0,64,84820068.359375,66071346.28295898,396188564.3005371,68795356.75048828
5549,5549,5554,18280.0,70,82185441.01715088,59471693.03894043,920637663.8412476,67149061.20300293
5550,5550,5555,18026.0,65,83919039.72625732,58012231.82678223,299906916.6183472,61774202.34680176
5551,5551,5556,18046.0,62,77134498.5961914,59502468.10913086,236394218.44482425,62010459.89990234
5552,5552,5557,17893.0,62,91311143.87512209,61044414.52026367,295110649.1088867,63697151.18408203
5553,5553,5558,18078.0,62,83284812.9272461,61838081.35986328,244610370.63598636,65681797.02758789
5554,5554,5559,17657.0,68,85396815.2999878,62990591.049194336,268716228.4851074,67643011.09313965
5555,5555,5560,17372.0,62,82950658.79821777,64149870.87249756,252506704.33044437,65637610.43548584
5556,5556,5561,17636.0,60,85811347.96142578,64075547.218322754,262266477.58483887,65798318.86291504
5557,5557,5562,17500.0,72,81194404.60205078,61399368.28613281,296463550.5676269,63707368.85070801
5558,5558,5563,18045.0,84,68989807.12890625,62423759.46044922,256670427.3223877,63598299.02648926
5559,5559,5564,18953.0,71,83627538.68103027,65452877.04467773,323813976.2878418,68082450.86669922
5560,5560,5565,18396.0,79,82804584.50317383,65131678.58123779,353505019.18792725,68778737.06817627
5561,5561,5566,17779.0,61,79021815.2999878,64534243.5836792,248314434.05151367,66988808.63189697
5562,5562,5567,17990.0,85,72880442.61932373,64018446.922302246,215443588.25683597,66888284.68322754
5563,5563,5568,18673.0,112,80436944.96154785,66101251.60217285,270233956.3369751,68584438.32397461
5564,5564,5569,18958.0,77,78908164.02435303,68214937.21008301,269948235.5117798,72010005.95092773
5565,5565,5570,18286.0,73,90460089.68353271,69871930.12237549,450954330.444336,75936148.64349365
5566,5566,5571,17342.0,69,77469485.28289795,68760836.60125732,234355327.6062012,71076594.35272217
5567,5567,5572,17353.0,60,77306407.9284668,66624404.90722656,294841224.67041016,71901351.92871094
5568,5568,5573,17746.0,70,72042677.8793335,65424561.50054932,206878781.31866452,70759868.62182617
5569,5569,5574,17453.0,68,86774570.46508789,68049871.44470215,247610839.84375,70659287.45269775
5570,5570,5575,17424.0,59,88756462.09716797,64343948.36425781,247061668.3959961,70369823.45581055
5571,5571,5576,17218.0,59,92310310.36376952,65000032.42492676,241338459.01489255,69335678.10058594
5572,5572,5577,17403.0,61,89691181.18286133,67561979.29382324,227381599.42626956,69857089.99633789
5573,5573,5578,17367.0,84,80682868.95751953,63144260.40649414,242368074.41711423,64911392.21191406
5574,5574,5579,17874.0,73,95335781.09741212,65741722.1069336,249776218.41430664,69359190.94085693
5575,5575,5580,17431.0,70,88042953.49121094,63968503.95202637,214823856.35375977,67669839.85900879
5576,5576,5581,17909.0,64,90217941.28417967,67986051.55944824,229786188.12561035,70659877.77709961
5577,5577,5582,17642.0,75,98426084.51843262,69354639.05334473,234313376.4266968,73832774.16229248
5578,5578,5583,17344.0,59,93278030.3955078,70289733.88671875,257912528.9916992,72587879.1809082
5579,5579,5584,17372.0,59,66765926.361083984,64801338.19580078,265257347.1069336,71077236.17553711
5580,5580,5585,17715.0,100,79572145.46203613,63703235.6262207,220834949.4934082,67394811.63024902
5581,5581,5586,17786.0,76,87253725.05187988,67097120.28503418,307100285.53009033,69881052.01721191
5582,5582,5587,18514.0,99,98306528.09143066,69774059.2956543,319655136.10839844,70874452.59094238
5583,5583,5588,17696.0,63,97192944.52667236,68256250.38146973,226199476.24206543,70424934.38720703
5584,5584,5589,18212.0,87,84352996.82617188,64659477.23388672,221585487.36572263,68100006.10351562
5585,5585,5590,18610.0,74,77541248.3215332,61972768.783569336,236334911.34643555,66383095.74127197
5586,5586,5591,18907.0,64,85996551.51367188,63902788.162231445,246242614.74609372,67683213.23394775
5587,5587,5592,17970.0,74,85400568.96209717,66149647.71270752,276425806.99920654,68218390.46478271
5588,5588,5593,19369.0,85,78187554.35943604,65807580.94787598,268743127.822876,68139435.76812744
5589,5589,5594,18841.0,76,97481118.20220947,60948111.53411865,410078042.9840088,66465068.81713867
5590,5590,5595,19850.0,75,86094349.86114502,68094489.09759521,386053321.8383789,71859388.35144043
5591,5591,5596,19462.0,76,77418859.48181152,68130934.715271,258230005.26428223,69583026.88598633
5592,5592,5597,18521.0,83,60533908.84399414,62374651.90887451,231167530.05981445,68183239.93682861
5593,5593,5598,19259.0,67,78843326.56860352,67851109.5046997,259350730.8959961,72957032.20367432
5594,5594,5599,19587.0,81,85195992.4697876,73150904.65545654,238470471.3821411,77042485.23712158
5595,5595,5600,18939.0,85,86187892.91381836,75510736.4654541,298907108.3068848,77973141.67022705
5596,5596,5601,18712.0,63,75710594.1772461,70450515.74707031,232921817.77954105,76052249.90844727
5597,5597,5602,18600.0,62,67001438.14086914,63201713.56201172,216247558.59375,68490028.38134766
5598,5598,5603,18632.0,69,70049221.03881836,62952400.20751953,228194810.8673096,65093765.25878906
5599,5599,5604,19158.0,66,82373919.48699951,66243449.211120605,257133281.70776367,69913322.44873047
5600,5600,5605,18989.0,66,79856470.10803223,67036596.29821777,246643930.43518063,70086885.45227051
5601,5601,5606,18616.0,69,71847354.88891602,67979501.72424316,230713060.37902832,73135808.94470215
5602,5602,5607,18327.0,87,84923640.25115967,66582628.25012207,244689052.5817871,71655705.45196533
5603,5603,5608,18969.0,73,80725154.87670898,67014952.65960693,242897077.5604248,73814861.29760742
5604,5604,5609,18498.0,108,70162390.70892334,69431044.57855225,225026736.25946045,71879575.72937012
5605,5605,5610,18522.0,72,92568637.8479004,69870916.36657715,255747651.1001587,76042160.03417969
5606,5606,5611,18619.0,79,75650665.28320312,68535771.36993408,211869402.885437,73326524.73449707
5607,5607,5612,17951.0,69,68161835.67047119,67736598.01483154,233563659.66796875,71762133.59832764
5608,5608,5613,19835.0,80,80025787.35351562,72013192.17681885,296398571.9680786,77565791.13006592
5609,5609,5614,19741.0,73,70959302.90222168,68167496.68121338,206135610.58044437,71533268.92852783
5610,5610,5615,19990.0,73,69229364.3951416,65201706.886291504,252165294.6472168,67830113.4109497
5611,5611,5616,20178.0,81,71129885.67352295,65750431.060791016,217900911.3311768,68685508.72802734
5612,5612,5617,19754.0,67,75246054.64935303,61748148.918151855,229461929.32128903,64696145.05767822
5613,5613,5618,20179.0,89,80031627.6550293,63403926.849365234,275675702.09503174,65986951.82800293
5614,5614,5619,20100.0,67,83868026.73339844,66931629.1809082,222469997.40600583,69492816.92504883
5615,5615,5620,19929.0,83,79711581.23016357,66107501.98364258,252743251.8005371,70450562.47711182
5616,5616,5621,19764.0,75,76199820.51849365,67257826.80511475,241965614.3188477,69253922.46246338
5617,5617,5622,19818.0,88,73476367.95043945,62030246.73461914,207816044.80743408,65220511.4364624
5618,5618,5623,19510.0,78,88188256.26373291,63941104.888916016,261889098.16741943,68400747.29919434
5619,5619,5624,19688.0,79,83260197.63946533,67955433.84552002,262335066.79534912,70986178.39813232
5620,5620,5625,19230.0,77,77655022.62115479,68508505.82122803,262654172.89733887,73566248.8937378
5621,5621,5626,19219.0,75,81403240.20385742,66576841.35437012,254506177.90222168,72068106.65130615
5622,5622,5627,19147.0,69,83471488.95263672,71909175.87280273,224413269.04296875,75624297.14202881
5623,5623,5628,19133.0,73,81142718.31512451,70359088.89770508,255363186.83624268,75595330.23834229
5624,5624,5629,19150.0,72,72083381.65283203,63501542.09136963,266646142.95959476,66794543.26629639
5625,5625,5630,20337.0,75,59936295.50933838,61037469.8638916,210643283.8439941,65718532.56225586
5626,5626,5631,19977.0,76,64969943.046569824,65492086.41052246,241514943.12286377,68974053.38287354
5627,5627,5632,20054.0,71,76030261.9934082,65215385.43701172,234684047.6989746,68000484.46655273
5628,5628,5633,20152.0,77,76174393.65386963,61755118.37005615,257066167.8314209,68234588.62304688
5629,5629,5634,20244.0,69,81037845.61157227,62674610.13793945,272284667.96875,63786720.275878906
5630,5630,5635,19783.0,72,64174453.73535156,61143029.21295166,217832098.9608765,64299842.834472656
5631,5631,5636,19645.0,75,64419097.90039063,59158318.519592285,207084470.74890137,63368046.76055908
5632,5632,5637,20427.0,88,82174581.52770996,60079348.56414795,221549915.3137207,63881097.7935791
5633,5633,5638,19688.0,71,65639227.86712647,57900704.3838501,266460369.11010745,64616591.453552246
5634,5634,5639,20309.0,74,67643454.55169678,62767580.98602295,214772212.98217773,65994158.74481201
5635,5635,5640,19611.0,75,70619443.89343262,60082905.76934815,372730389.5950317,63612389.56451416
5636,5636,5641,20332.0,71,75155879.02069092,62376507.75909424,292033088.68408203,65514723.777771
5637,5637,5642,20179.0,77,75702777.86254883,60512032.5088501,235164653.77807617,64460628.509521484
5638,5638,5643,19546.0,72,75610965.72875977,63009448.05145264,233298524.85656735,66652753.829956055
5639,5639,5644,19513.0,80,62873545.64666748,60228240.96679688,209123558.0444336,63250600.814819336
5640,5640,5645,20126.0,74,78675134.65881348,61427605.628967285,310591321.9451904,67039091.11022949
5641,5641,5646,20101.0,74,87080912.59002686,65736495.97167969,272366841.31622314,69360562.32452393
5642,5642,5647,20122.0,68,76549026.48925781,61683902.74047852,268973739.62402344,67796562.19482422
5643,5643,5648,20191.0,71,71356021.88110352,54831508.63647461,254087665.55786133,59884699.82147217
5644,5644,5649,20100.0,67,70941066.74194336,55914402.00805664,269397068.02368164,58680152.893066406
5645,5645,5650,20010.0,71,79460398.67401123,58559000.96893311,269014561.6531372,64200553.89404297
5646,5646,5651,20011.0,69,80487573.62365723,59537975.3112793,246467748.64196777,63852008.81958008
5647,5647,5652,20157.0,73,70290138.2446289,59028920.17364502,272672080.99365234,64901669.5022583
5648,5648,5653,19895.0,72,74798461.9140625,63004728.31726074,269568328.8574219,68076795.57800293
5649,5649,5654,20387.0,74,65132936.47766113,63607211.11297608,228617002.48718265,70054167.74749756
5650,5650,5655,19666.0,76,67286996.84143066,58993644.71435547,289405927.65808105,63410666.46575928
5651,5651,5656,20345.0,78,63484848.02246094,54817777.63366699,266077086.44866943,58663228.034973145
5652,5652,5657,20127.0,74,57873676.30004883,53380139.35089111,233456968.30749512,58248157.5012207
5653,5653,5658,19883.0,68,72208766.93725586,55637275.69580078,280812870.0256348,61671451.56860352
5654,5654,5659,20324.0,73,79447319.98443604,60979855.53741455,254319078.44543457,67476180.07659912
5655,5655,5660,20022.0,67,81514423.37036133,63200099.94506836,285620246.88720703,65955345.153808594
5656,5656,5661,19945.0,78,65486818.31359863,56159365.6539917,235546096.8017578,60740229.60662842
5657,5657,5662,19429.0,84,64245021.82006836,54354605.67474365,237064070.70159912,57675752.63977051
5658,5658,5663,19302.0,69,75413852.69165039,57688772.201538086,267307087.8982544,62006768.226623535
5659,5659,5664,19798.0,77,79525230.40771484,60954338.07373047,267065984.72595212,64904335.021972656
5660,5660,5665,19111.0,82,69784340.85845947,58105521.2020874,247228270.53070068,60939120.29266357
5661,5661,5666,18920.0,67,78135557.17468262,56821537.97149658,235876110.0769043,62122241.97387695
5662,5662,5667,18609.0,65,80342315.67382812,58133976.93634033,306990627.2888184,60998883.24737549
5663,5663,5668,18735.0,73,56259501.45721436,56607078.552246094,232135911.94152832,61545247.077941895
5664,5664,5669,19146.0,82,65389288.90228272,56835108.75701904,227583699.2263794,61205390.93017578
5665,5665,5670,19513.0,84,71413726.80664062,56537635.803222656,251453141.21246335,59870917.320251465
5666,5666,5671,19525.0,82,73164102.55432129,57421512.603759766,246855450.630188,62707690.23895264
5667,5667,5672,19568.0,74,78922464.37072754,60992643.35632324,240451517.1051025,65233406.06689453
5668,5668,5673,19411.0,76,73574896.81243896,59228313.44604492,240186216.3543701,63514837.26501465
5669,5669,5674,19889.0,85,67213789.93988037,55291082.38220215,229966579.43725583,60974385.261535645
5670,5670,5675,19758.0,69,73333174.70550537,56961641.31164551,230960250.8544922,59528912.54425049
5671,5671,5676,19589.0,74,65636421.20361328,56884430.88531494,234362176.8951416,59874149.322509766
5672,5672,5677,19493.0,81,78192226.40991211,57043314.933776855,264727784.1567993,62359987.25891113
5673,5673,5678,20302.0,95,86414935.11199951,60399952.88848877,286445067.4057007,63382342.33856201
5674,5674,5679,20492.0,73,73184507.36999512,60161725.997924805,251075201.0345459,64418976.78375244
5675,5675,5680,20016.0,69,60296665.19165039,56486434.93652344,214306022.64404297,59981060.02807617
5676,5676,5681,19588.0,68,70873800.27770996,58482852.935791016,264847446.4416504,62857192.99316406
5677,5677,5682,20010.0,72,82060940.74249268,58982277.87017822,290022119.5220947,63299530.02929688
5678,5678,5683,19655.0,66,80817508.69750977,58018589.01977539,272885494.23217773,61995201.11083984
5679,5679,5684,19945.0,68,78133487.70141602,61257186.88964844,278377792.35839844,65773525.23803711
5680,5680,5685,19654.0,66,85150920.86791992,62020721.43554688,261928543.0908203,65969264.98413086
5681,5681,5686,19622.0,70,88941162.109375,61360013.96179199,240666160.5834961,65811391.830444336
5682,5682,5687,19645.0,66,83065509.79614258,62480869.29321289,291420421.6003418,66511707.3059082
5683,5683,5688,19500.0,66,91472957.61108398,64779373.16894531,294285232.5439453,70507495.88012695
5684,5684,5689,19291.0,65,78078308.10546875,61775402.0690918,262338012.6953125,67537548.06518555
5685,5685,5690,19539.0,72,73192836.76147461,59429689.40734863,264140079.49829105,64357278.82385254
5686,5686,5691,19653.0,68,65352119.44580078,56962364.196777344,258781063.079834,60374156.9519043
5687,5687,5692,19208.0,69,77746706.96258545,56780420.30334473,239486198.42529297,59648370.74279785
5688,5688,5693,19208.0,65,58130401.611328125,55430076.59912109,256276485.44311523,59913043.97583008
5689,5689,5694,19200.0,66,45651259.422302246,52025690.07873535,198782625.19836423,53641290.66467285
5690,5690,5695,19322.0,73,40655409.812927246,51695142.74597168,173387109.75646973,53635328.29284668
5691,5691,5696,20375.0,102,53472892.76123047,56856043.81561279,219105974.1973877,60082201.00402832
5692,5692,5697,19954.0,71,53451460.83831787,58460050.58288574,269853923.7976074,61366095.54290772
5693,5693,5698,21500.0,93,76122992.51556396,64914281.84509277,301669425.96435547,73849863.05236816
5694,5694,5699,21385.0,82,72696480.7510376,66888575.55389404,319711150.16937256,79963549.61395264
5695,5695,5700,21204.0,74,88920636.17706299,70074792.86193848,353381475.4486084,79842950.82092285
5696,5696,5701,21438.0,76,72337928.77197266,70097534.1796875,313539051.0559082,83888664.24560547
5697,5697,5702,21174.0,73,86369632.72094727,73182014.46533203,346068042.7551269,83448078.15551758
5698,5698,5703,21165.0,73,96967140.1977539,81384681.70166016,344981872.5585937,88735393.52416992
5699,5699,5704,21049.0,80,92628544.80743408,79935559.27276611,308581096.6491699,86425007.8201294
5700,5700,5705,21203.0,74,96879765.51055908,77772787.09411621,371617099.7619629,90383957.862854
5701,5701,5706,21067.0,81,107241932.86895752,85478532.7911377,392466434.47875977,93941661.8347168
5702,5702,5707,21224.0,85,114718444.82421876,90278673.17199709,399717859.2681885,95263097.76306152
5703,5703,5708,21389.0,85,114147634.5062256,78075419.42596436,384644178.3905029,91740055.08422852
5704,5704,5709,20582.0,94,59270942.68798828,62248619.07958984,261105421.06628415,74155881.88171387
5705,5705,5710,21065.0,88,89458158.49304199,69010060.31036377,350116279.6020508,77651300.43029785
5706,5706,5711,21383.0,86,82929750.44250488,72024882.31658936,288677327.1560669,80560730.93414307
5707,5707,5712,20778.0,80,83105469.70367432,70983842.84973145,302306830.40618896,85906636.23809814
5708,5708,5713,21042.0,84,95978209.49554443,73015644.07348633,292905695.91522217,82693356.51397705
5709,5709,5714,20663.0,71,81958650.58898926,70294387.81738281,307221450.80566406,83600784.30175781
5710,5710,5715,21124.0,88,96371415.13824464,83710860.25238037,375877088.5467529,96086807.25097656
5711,5711,5716,20991.0,81,111497056.00738524,85451095.58105469,357707745.552063,96338262.5579834
5712,5712,5717,21345.0,86,126205881.1187744,94305775.64239502,439144636.1541748,98773907.661438
5713,5713,5718,20139.0,78,82323952.67486572,70953147.8881836,277642210.9603882,86690025.32958984
5714,5714,5719,21072.0,88,96725726.12762453,76074775.69580078,372060922.6226807,84792723.65570068
5715,5715,5720,20806.0,80,79362866.40167236,66642351.150512695,318036483.76464844,80034791.94641113
5716,5716,5721,19880.0,94,86031646.72851562,68066044.80743408,293455382.34710693,73616589.54620361
5717,5717,5722,20256.0,117,68778419.4946289,60130254.7454834,271151050.5676269,66203946.113586426
5718,5718,5723,20139.0,106,60572075.84381104,52336810.11199951,240550516.12854004,54650075.91247559
5719,5719,5724,20489.0,101,56905962.94403076,49910415.64941406,217970344.54345703,51927213.66882324
5720,5720,5725,19906.0,101,54998453.14025879,47261642.45605469,218332086.56311035,49267178.53546143
5721,5721,5726,20544.0,110,95244754.79125977,67474061.96594238,299823290.82489014,72582239.15100098
5722,5722,5727,20377.0,81,72377926.82647705,60613807.678222656,279558895.111084,72961589.81323242
5723,5723,5728,20037.0,90,61540225.0289917,69784299.85046387,244929482.460022,72647676.46789551
5724,5724,5729,20140.0,91,63898411.75079346,67734271.04949951,241706044.1970825,72092486.38153076
5725,5725,5730,19604.0,79,71783099.17449951,66937951.08795166,219521984.1003418,69120003.70025635
5726,5726,5731,19817.0,95,60246978.759765625,67103735.92376709,220148645.40100095,69222049.71313477
5727,5727,5732,20665.0,89,63675294.87609863,72560599.3270874,203709252.3574829,75912604.33197021
5728,5728,5733,20048.0,92,69606967.92602539,72321251.86920166,211065469.7418213,74174421.3104248
5729,5729,5734,21081.0,105,79933235.16845703,71959980.96466064,267593451.49993896,74568713.18817139
5730,5730,5735,20735.0,81,52627405.16662598,82280221.93908691,234027999.8779297,69858976.36413574
5731,5731,5736,20681.0,86,54308668.13659668,83779215.8126831,173279252.05230713,70028952.59857178
5732,5732,5737,20237.0,75,64494271.27838135,82866345.40557861,217065550.80413815,70170087.81433105
5733,5733,5738,21961.0,110,92684392.92907716,103387102.1270752,409526950.8361816,95328805.92346191
5734,5734,5739,21232.0,80,106214541.4352417,96912495.61309814,409927539.82543945,86481128.69262695
5735,5735,5740,21192.0,95,100998900.41351318,93551934.24224854,362759428.9779663,83197507.85827637
5736,5736,5741,20399.0,88,90355475.4257202,84245994.5678711,341570193.29071045,70589169.5022583
5737,5737,5742,22302.0,125,81678997.99346924,78527153.01513672,354940663.3377075,73265851.02081299
5738,5738,5743,20721.0,116,86681601.52435303,74003321.64764404,290601710.31951904,71192939.75830078
5739,5739,5744,20962.0,97,82812664.03198242,67181358.33740234,263872738.8381958,76298077.58331299
5740,5740,5745,20193.0,84,93902928.35235596,74288949.96643066,299084085.46447754,77996430.39703369
5741,5741,5746,19838.0,106,89723365.7836914,68746594.42901611,257840343.4753418,74452156.06689453
5742,5742,5747,18912.0,91,76076148.9868164,66253888.13018799,282209198.9517212,72318998.33679199
5743,5743,5748,18731.0,81,83751209.2590332,69589876.17492676,285227280.61676025,74382456.77947998
5744,5744,5749,20881.0,99,92824707.98492432,73986115.45562744,335697347.6409912,87267993.92700195
5745,5745,5750,20484.0,71,103881156.92138672,86322608.9477539,322281600.95214844,92146816.25366212
5746,5746,5751,20483.0,79,79299565.31524658,76448089.59960938,299605998.9929199,95176733.01696776
5747,5747,5752,20756.0,79,98654853.82080078,76212537.76550293,341934485.43548584,91481375.6942749
5748,5748,5753,20625.0,93,48540113.44909668,60454174.99542236,227905116.0812378,75194949.15008545
5749,5749,5754,21282.0,105,106691722.86987305,70068451.88140869,589268979.0725708,89523648.26202393
5750,5750,5755,21881.0,86,146684865.9515381,98843966.48406982,564021984.1003418,108495673.17962646
5751,5751,5756,21551.0,76,149374290.4663086,93513065.33813477,470883045.1965332,105821380.61523438
5752,5752,5757,21723.0,76,143540962.21923828,91813163.75732422,756141860.9619141,111034568.7866211
5753,5753,5758,21623.0,77,139001643.18084717,98124861.71722412,521715331.0775757,114713704.1091919
5754,5754,5759,21473.0,80,122900924.6826172,98412471.77124023,462626224.5178223,114298992.15698242
5755,5755,5760,19925.0,89,88662542.34313965,78937471.38977051,302825827.5985718,91682108.87908936
5756,5756,5761,21264.0,82,110606156.34918211,97217035.2935791,375122880.93566895,111215441.7037964
5757,5757,5762,20036.0,74,110652694.70214844,84608409.8815918,405942672.7294922,98657732.0098877
5758,5758,5763,20858.0,80,103983480.4534912,82208127.02178955,347631600.37994385,93256282.80639648
5759,5759,5764,20795.0,87,113300335.88409424,86339699.74517822,317976390.83862305,91462414.74151611
5760,5760,5765,20015.0,77,104384869.57550047,81862040.51971436,318430878.6392212,87083883.28552246
5761,5761,5766,20651.0,115,76722202.30102539,63056498.527526855,239670223.236084,71993781.08978271
5762,5762,5767,21499.0,84,95578739.16625977,77393534.66033936,328640905.380249,85189147.94921875
5763,5763,5768,21234.0,78,83890416.1453247,68728796.95892334,282728837.96691895,82165137.29095459
5764,5764,5769,20394.0,85,64390810.01281738,56739864.349365234,266614658.3557129,69468451.49993896
5765,5765,5770,20951.0,75,103107175.82702637,73015611.64855957,293028224.9450684,76260553.35998535
5766,5766,5771,20785.0,81,80280981.06384277,64983619.689941406,241673853.8742065,73535287.85705566
5767,5767,5772,21288.0,75,88868854.52270508,74992510.79559326,302548126.2207031,92451869.0109253
5768,5768,5773,20603.0,81,107676661.49139404,78140518.18847656,312040462.4938965,84140399.93286133
5769,5769,5774,20385.0,99,95505590.43884276,77370097.16033936,287985582.3516846,87932590.48461914
5770,5770,5775,20016.0,99,102284450.53100586,83987762.45117188,352857562.0651245,89905595.77941895
5771,5771,5776,19394.0,79,107634300.2319336,80494404.79278564,428055846.2142944,90715394.97375488
5772,5772,5777,20048.0,80,108261760.71166992,82224607.46765137,346414128.30352783,89778121.94824219
5773,5773,5778,19667.0,78,100006739.61639404,81733099.93743896,762970084.1903687,90792922.9736328
5774,5774,5779,19745.0,75,100544125.5569458,79419590.9500122,351531147.0031738,85299852.37121582
5775,5775,5780,19857.0,76,114241547.58453368,88686898.23150635,453719513.8931274,93590347.29003906
5776,5776,5781,19941.0,68,115150106.43005373,84843191.14685059,324661785.1257324,92453654.2892456
5777,5777,5782,19708.0,68,96218940.73486328,86184040.06958008,302604682.9223633,98981700.8972168
5778,5778,5783,19914.0,67,104467535.0189209,96539022.44567873,410068084.7167969,103758350.37231444
5779,5779,5784,19800.0,66,99247455.59692384,91561889.6484375,307764816.2841797,100683689.11743164
5780,5780,5785,19800.0,66,94430351.25732422,92293739.31884766,281270313.26293945,96014785.76660156
5781,5781,5786,20317.0,85,102581607.81860352,91914505.0048828,329425984.3826294,104992203.71246338
5782,5782,5787,20488.0,73,109421280.86090088,95674593.92547607,438966444.0155029,104632894.5159912
5783,5783,5788,20596.0,78,114429785.7284546,97271234.5123291,369557197.5708008,103518998.14605711
5784,5784,5789,20407.0,70,122421665.1916504,99471044.54040527,452598484.0393066,103713546.75292967
5785,5785,5790,20400.0,69,106505985.26000977,91411342.6208496,366799335.4797363,107869148.25439452
5786,5786,5791,20033.0,70,104195392.60864258,89099913.59710693,339046665.1916504,97698637.008667
5787,5787,5792,19737.0,70,109549568.17626952,92442723.27423096,347411087.9898071,101724739.07470705
5788,5788,5793,19801.0,68,101299285.88867188,89524478.91235352,302021697.9980469,100502399.44458008
5789,5789,5794,19937.0,69,86701255.79833984,84187091.82739258,295097076.4160156,99190273.28491212
5790,5790,5795,19800.0,67,89350273.13232422,90548652.64892578,273705986.0229492,97503635.40649414
5791,5791,5796,19800.0,66,98274993.89648438,94332218.17016602,318051624.2980957,96096897.12524414
5792,5792,5797,20519.0,71,96554859.16137695,90285618.78204346,343654579.16259766,103403712.27264404
5793,5793,5798,20457.0,71,76209415.43579102,80233146.66748047,257542060.8520508,96854591.3696289
5794,5794,5799,20325.0,68,90999126.43432616,95486640.93017578,349027919.7692871,101819801.3305664
5795,5795,5800,20323.0,72,101375925.06408691,97243423.46191406,365415598.8693237,103819702.1484375
5796,5796,5801,20380.0,74,90527588.84429932,92065933.22753906,360437147.1405029,102937220.5734253
5797,5797,5802,20498.0,78,85647525.78735352,89448617.93518066,308689613.3422852,95794064.52178957
5798,5798,5803,20092.0,94,82711433.41064453,80184920.31097412,274944424.6292114,89105268.47839355
5799,5799,5804,20208.0,69,96396389.00756836,96075473.7854004,343295745.8496094,102466003.41796876
5800,5800,5805,19938.0,70,104719832.42034912,101261372.56622314,331661881.4468384,106330006.59942628
5801,5801,5806,19800.0,69,114058601.37939452,102745204.92553712,376805000.3051758,107389781.9519043
5802,5802,5807,19800.0,66,101212692.2607422,95968723.29711914,319749927.52075195,107981872.55859376
5803,5803,5808,19446.0,78,84798783.30230713,80923135.75744629,298809343.3380127,86197744.36950684
5804,5804,5809,19318.0,82,74474000.93078613,74550466.53747559,238186526.29852292,85791261.67297363
5805,5805,5810,20088.0,95,88147532.46307373,75567515.37322998,521648693.0847168,88598306.65588379
5806,5806,5811,19029.0,107,72457578.65905762,70548277.85491943,298436686.5158081,77310770.03479004
5807,5807,5812,19309.0,90,102420392.036438,74365986.82403564,347319761.2762451,78888427.734375
5808,5808,5813,18944.0,72,97346485.13793944,76263519.28710938,312831817.6269531,81529765.12908936
5809,5809,5814,18333.0,74,72860238.07525635,70891918.18237305,226735802.6504517,73218985.55755615
5810,5810,5815,19487.0,93,65294209.480285645,65980090.14129639,227225764.2745972,73353905.67779541
5811,5811,5816,19694.0,76,73766590.1184082,73312151.90887451,211845831.8710327,75884511.94763184
5812,5812,5817,19402.0,80,69960851.66931152,70883221.62628174,285403804.77905273,75737680.43518066
5813,5813,5818,19463.0,98,75020000.45776367,71877182.00683594,252866470.3369141,78855322.83782959
5814,5814,5819,19653.0,113,85901990.89050293,77148812.29400635,265080907.82165527,82415436.74468994
5815,5815,5820,19832.0,86,92094145.77484132,82331483.84094238,290771329.87976074,89892247.2000122
5816,5816,5821,19922.0,76,79753916.74041748,75570377.34985352,315550979.6142578,93219691.2765503
5817,5817,5822,19386.0,71,83314798.35510254,78774543.76220703,283855076.789856,88388984.68017578
5818,5818,5823,18898.0,74,80492238.99841309,78170049.6673584,278466768.2647705,81065268.51654053
5819,5819,5824,18871.0,65,57821762.08496094,75670383.45336914,184800518.03588867,80333187.10327148
5820,5820,5825,18740.0,66,66455487.25128174,72985216.14074707,228965106.010437,75106031.41784668
5821,5821,5826,19250.0,74,71547445.29724121,75434412.9562378,234150810.2416992,78912093.16253662
5822,5822,5827,19152.0,68,83946815.49072266,75493908.88214111,260273706.43615723,78778649.33013916
5823,5823,5828,19107.0,69,68934528.35083008,72811993.59893799,228229654.3121338,77895035.74371338
5824,5824,5829,19196.0,65,70838148.11706543,74186260.22338867,241655582.4279785,79632072.44873047
5825,5825,5830,19367.0,94,75643713.95111084,76736339.5690918,239841285.7055664,79430290.22216797
5826,5826,5831,19848.0,74,76338107.10906982,74646140.09857178,234283579.82635495,79362121.58203125
5827,5827,5832,19792.0,70,83534030.91430664,77286672.59216309,253134938.24005127,79373614.31121826
5828,5828,5833,19471.0,69,75372669.2199707,70867212.29553223,317518933.2962036,79662920.95184326
5829,5829,5834,19602.0,68,91101984.02404784,80272121.42944336,282261428.8330078,85179714.20288086
5830,5830,5835,19210.0,66,105653352.73742676,81321272.85003662,370964775.0854492,84812431.33544922
5831,5831,5836,19239.0,73,94495716.0949707,79608288.76495361,312500540.7333374,84786526.67999268
5832,5832,5837,19057.0,72,70134943.96209717,71381314.27764893,263969243.0496216,82251541.13769531
5833,5833,5838,19604.0,84,88422763.82446289,79722379.68444824,339334484.1003418,87343467.71240234
5834,5834,5839,19962.0,94,88998491.28723145,79175673.48480225,259756684.3032837,87612236.97662354
5835,5835,5840,20150.0,75,87686321.25854492,80370656.96716309,339511568.069458,91691196.4416504
5836,5836,5841,19765.0,87,102123918.5333252,80854020.11871338,288103325.84381104,88364527.70233154
5837,5837,5842,19872.0,69,95303569.79370116,80642162.32299805,300416896.8200684,89078296.66137695
5838,5838,5843,19865.0,68,91803627.01416016,78259799.95727539,285245834.35058594,88069293.97583008
5839,5839,5844,19484.0,72,85270776.74865723,69781443.59588623,288861387.2528076,80502605.43823242
5840,5840,5845,19088.0,68,86610897.06420898,73604843.13964844,295618156.43310547,80812498.09265137
5841,5841,5846,18588.0,74,72878983.49761963,71505919.45648193,254565363.88397217,75391238.21258545
5842,5842,5847,18565.0,73,79823381.4239502,69488238.33465576,246301797.8668213,74139803.88641357
5843,5843,5848,18721.0,68,79286591.52984619,68211592.67425537,262816055.2978516,72962708.47320557
5844,5844,5849,18948.0,77,80016788.48266602,67048238.75427246,248421647.0718384,70265930.17578125
5845,5845,5850,18832.0,74,96036193.84765624,68136215.20996094,230363405.22766116,72645163.53607178
5846,5846,5851,18787.0,64,80353945.7321167,69551006.31713867,245457509.0408325,73551078.79638672
5847,5847,5852,19060.0,66,85253128.05175781,73451004.02832031,251369472.5036621,76158081.0546875
5848,5848,5853,18824.0,64,80657749.17602539,72164096.83227539,233699417.1142578,75775928.49731445
5849,5849,5854,19006.0,73,82087692.26074219,70435577.39257812,250194320.6787109,78162025.45166016
5850,5850,5855,19308.0,76,67432090.75927734,69325904.8461914,208181713.10424805,75327951.43127441
5851,5851,5856,19032.0,84,71880978.58428955,70794784.54589844,209648571.0144043,73467583.65631104
5852,5852,5857,19269.0,79,69367351.53198242,71056376.45721436,226668214.79797363,74730093.00231934
5853,5853,5858,19359.0,78,75424522.39990234,70804505.34820557,268223881.72149655,75727134.70458984
5854,5854,5859,19255.0,87,82625136.37542725,71910900.1159668,224774461.74621585,74571006.77490234
5855,5855,5860,19490.0,72,76378103.25622559,72814336.7767334,214611043.9300537,76118322.37243652
5856,5856,5861,19382.0,66,77375209.80834961,72839935.30273438,225043518.06640625,79825748.44360352
5857,5857,5862,19396.0,73,73163171.76818848,70071114.5401001,232558788.29956052,75714502.33459473
5858,5858,5863,19072.0,65,73889639.85443115,67842856.40716553,220649665.83251956,72341591.83502197
5859,5859,5864,19234.0,72,79340612.41149902,70959507.9421997,269603634.83428955,74157010.07843018
5860,5860,5865,19465.0,67,77599977.49328613,72899891.85333252,228541328.43017575,78422080.99365234
5861,5861,5866,19283.0,69,80948864.93682861,71188384.05609131,221451877.5939941,76618109.70306396
5862,5862,5867,19206.0,66,81884860.99243164,73561798.09570312,251616886.138916,78784042.35839844
5863,5863,5868,19088.0,64,78983104.70581055,73282745.36132812,218783706.66503903,77139984.13085938
5864,5864,5869,19132.0,66,76926719.66552734,73801132.20214844,247448921.20361328,79037509.91821289
5865,5865,5870,19884.0,85,75114708.90045166,73004810.33325195,239883716.58325195,79441678.04718018
5866,5866,5871,19376.0,71,60430163.38348389,67243582.7255249,221747591.97235107,71129721.64154053
5867,5867,5872,19172.0,67,66670862.19787598,67465300.55999756,216697399.1394043,70421173.09570312
5868,5868,5873,19646.0,75,74590095.52001953,71193266.86859131,235844223.97613525,76141017.91381836
5869,5869,5874,19678.0,71,77898157.11975098,72731801.03302002,222781436.920166,77378638.26751709
5870,5870,5875,19450.0,65,68540430.06896973,75280141.83044434,212519264.2211914,77845096.58813477
5871,5871,5876,19117.0,67,67138057.70874023,73119716.64428711,233695095.06225583,76285362.24365234
5872,5872,5877,18908.0,66,79816198.34899902,70322857.85675049,235905536.65161133,76451455.11627197
5873,5873,5878,18942.0,66,60037117.00439453,65301522.25494385,202823856.35375977,71255970.95489502
5874,5874,5879,18844.0,69,69005869.86541748,66025456.42852783,215595710.75439453,70181669.23522949
5875,5875,5880,19312.0,71,77556652.0690918,71669888.49639893,249666315.07873532,75851333.61816406
5876,5876,5881,19391.0,74,86551224.70855713,73033873.55804443,245379758.83483887,78296256.06536865
5877,5877,5882,18877.0,101,79472714.4241333,67617419.24285889,278756366.7297363,76895643.23425293
5878,5878,5883,18829.0,77,73350379.94384766,68543158.53118896,224579562.1871948,73763183.59375
5879,5879,5884,18290.0,84,77980536.46087646,68800639.15252686,275629714.012146,73470979.69055176
5880,5880,5885,18952.0,95,82315988.54064941,70444064.14031982,238435502.05230716,75502952.5756836
5881,5881,5886,19300.0,79,87341521.26312256,70878901.48162842,289392704.9636841,79657846.45080566
5882,5882,5887,18898.0,68,79989725.11291504,72669527.05383301,246634707.4508667,77392339.7064209
5883,5883,5888,18651.0,71,76415678.02429199,68492262.840271,239104723.9303589,74480213.1652832
5884,5884,5889,19047.0,77,77968125.34332275,71169158.93554688,257552872.65777588,75757860.18371582
5885,5885,5890,19473.0,72,85863365.17333984,75833190.91796875,317264608.3831787,80147912.02545166
5886,5886,5891,19446.0,67,88199245.45288086,75345752.71606445,259720954.89501956,81023536.6821289
5887,5887,5892,18958.0,80,77844295.50170898,71034889.2211914,217395685.19592285,76555450.43945312
5888,5888,5893,18908.0,71,68569029.80804443,69809563.63677979,202154074.66888428,73139890.67077637
5889,5889,5894,18852.0,83,80093014.71710205,68790331.84051514,253418787.00256348,73168137.550354
5890,5890,5895,19746.0,80,87794447.89886475,71389574.05090332,226045154.5715332,76748496.05560303
5891,5891,5896,19343.0,74,88181069.37408447,73933863.63983154,271506758.6898804,77272951.12609863
5892,5892,5897,19071.0,73,64035633.0871582,65271836.280822754,206659275.05493164,71172246.9329834
5893,5893,5898,19110.0,75,75561006.54602051,63603437.423706055,219308226.58538815,66745773.31542969
5894,5894,5899,19099.0,71,68823192.59643555,63855131.14929199,227424497.6043701,67621208.19091797
5895,5895,5900,19231.0,68,72960865.02075195,66302272.79663086,265508832.93151852,69840167.99926758
5896,5896,5901,19890.0,71,78871530.53283691,67909566.87927246,237278100.96740723,72453814.50653076
5897,5897,5902,19662.0,71,75586023.33068848,70637063.98010254,230980010.98632807,74222290.99273682
5898,5898,5903,19768.0,68,78868495.94116211,74754421.23413086,248431594.8486328,77919013.97705078
5899,5899,5904,19799.0,69,85004795.07446289,73306533.81347656,259669258.11767575,75428543.09082031
5900,5900,5905,19699.0,68,73784328.46069336,70430717.46826172,228864112.8540039,75997520.44677734
5901,5901,5906,19181.0,81,77173998.83270264,69024677.27661133,221316166.87774655,72984615.32592773
5902,5902,5907,19794.0,84,85227385.52093506,70612437.24822998,266097998.6190796,75498677.25372314
5903,5903,5908,19500.0,65,81352329.25415039,72123527.52685547,268814277.6489258,76499462.12768555
5904,5904,5909,19500.0,66,81663742.06542969,74154777.52685547,223612174.98779297,76952362.06054688
5905,5905,5910,19236.0,68,85177504.53948975,72972555.16052246,236843305.58776852,79578020.0958252
5906,5906,5911,19312.0,65,85116432.1899414,72969032.28759766,241970741.27197263,77633922.5769043
5907,5907,5912,19169.0,64,70272603.03497314,73297386.1694336,251985265.73181152,75978677.74963379
5908,5908,5913,18638.0,72,84762158.39385986,69883642.19665527,227437675.47607425,75539154.05273438
5909,5909,5914,18940.0,80,69777957.91625977,70341468.81103516,228021418.57147217,74255993.84307861
5910,5910,5915,19078.0,80,46952288.62762451,66497766.49475098,198395241.7373657,71515504.83703613
5911,5911,5916,19024.0,84,67796359.06219482,61433113.09814453,189582064.62860107,66028828.620910645
5912,5912,5917,19371.0,75,66126519.20318604,61264498.71063232,233264379.5013428,67376508.71276855
5913,5913,5918,19212.0,74,66636606.21643066,64803150.17700195,227095153.80859372,70633343.69659424
5914,5914,5919,19389.0,72,67715132.71331787,64709487.91503906,226129203.79638672,74129042.62542725
5915,5915,5920,19704.0,81,63517737.38861084,64866003.03649902,205709616.66107175,68287506.10351562
5916,5916,5921,19344.0,70,56416560.17303467,61766862.869262695,193842902.1835327,65340570.4498291
5917,5917,5922,19658.0,72,79797678.94744873,67717927.93273926,260681162.83416748,73236574.17297363
5918,5918,5923,19384.0,65,72049415.5883789,67091995.23925781,300741527.55737305,73278911.59057617
5919,5919,5924,19467.0,69,81993513.1072998,69602689.74304199,281628259.6588135,73083936.69128418
5920,5920,5925,19640.0,73,85950859.06982422,67491303.44390869,271337491.98913574,72102347.3739624
5921,5921,5926,19485.0,69,58488750.45776367,67411410.33172607,305112082.4813843,71902276.03912354
5922,5922,5927,19500.0,66,61511798.85864258,69028324.12719727,218235534.66796875,71728694.91577148
5923,5923,5928,19405.0,65,74919452.66723633,70583381.65283203,259211006.1645508,74529933.92944336
5924,5924,5929,19595.0,66,71598377.2277832,71573467.25463867,267047500.6103516,78240032.19604492
5925,5925,5930,19344.0,67,63905349.73144531,72063119.88830566,239722259.5214844,77961780.5480957
5926,5926,5931,18634.0,91,72293282.5088501,72978269.57702637,288587412.8341675,80106938.36212158
5927,5927,5932,18621.0,71,89824398.9944458,77455132.48443604,260137763.9770508,81110781.6696167
5928,5928,5933,18888.0,69,92631341.9342041,74410984.03930664,257500015.25878903,83045284.27124023
5929,5929,5934,18322.0,75,66550189.97192383,70452529.90722656,266068252.56347656,76880856.51397705
5930,5930,5935,18432.0,64,81854148.8647461,70693427.08587646,316766654.9682617,77463973.99902344
5931,5931,5936,18404.0,74,85916705.13153076,69592937.46948242,255729779.24346924,74758889.19830322
5932,5932,5937,18237.0,74,83160644.53125,70905209.5413208,277090052.6046753,75313435.5545044
5933,5933,5938,18565.0,73,61135168.07556152,67355574.60784912,211360882.75909424,74994722.36633301
5934,5934,5939,18261.0,66,61605819.70214844,69432415.96221924,230045948.02856445,73592738.1515503
5935,5935,5940,18299.0,72,53300113.67797852,69105260.84899902,225208007.8125,74243026.73339844
5936,5936,5941,18761.0,66,62531215.66772461,72844871.5209961,215159870.14770508,75646458.62579346
5937,5937,5942,19136.0,83,46942868.23272705,68437881.46972656,251709491.72973636,73399948.12011719
5938,5938,5943,19417.0,87,80250996.58966064,69368474.00665283,277720050.8117676,75998510.36071777
5939,5939,5944,19205.0,78,90531072.61657716,70921560.28747559,318880560.87493896,77738304.1381836
5940,5940,5945,19099.0,76,80073876.38092041,74421419.14367676,277558922.7676392,79968144.41680908
5941,5941,5946,18855.0,65,77349500.65612793,73121053.69567871,257435228.34777832,77795670.50933838
5942,5942,5947,19103.0,76,86557825.08850098,74707319.25964355,276749850.2731323,80717799.18670654
5943,5943,5948,18717.0,68,74604385.37597656,72559306.14471436,263486480.71289065,77826136.5890503
5944,5944,5949,18521.0,80,84156646.72851562,71487794.87609863,262631822.5860596,75790473.93798828
5945,5945,5950,18330.0,64,82123626.70898438,70653904.91485596,309375549.31640625,76346266.746521
5946,5946,5951,19787.0,69,62796993.255615234,75658332.82470703,271859342.57507324,81482055.6640625
5947,5947,5952,19615.0,67,75366492.27142334,74941062.9272461,290991621.01745605,80309200.28686523
5948,5948,5953,19413.0,65,75113390.92254639,75142890.93017578,258818933.48693848,80592235.56518555
5949,5949,5954,19359.0,76,69740398.40698242,77581827.16369629,243884817.1234131,82629626.27410889
5950,5950,5955,19571.0,87,77077244.75860596,74018136.0244751,281742617.6071167,81212587.35656738
5951,5951,5956,19532.0,72,79727935.79101562,71852869.03381348,258832469.94018555,78489645.95794678
5952,5952,5957,19554.0,67,66561859.130859375,74560798.64501953,239970085.14404297,78874980.92651367
5953,5953,5958,19282.0,66,59264219.28405762,72579643.24951172,258765166.2826538,75982582.09228516
5954,5954,5959,19536.0,86,76718142.50946045,70945246.69647217,279575436.59210205,79919338.22631836
5955,5955,5960,19552.0,69,90524333.95385742,74543411.25488281,264294975.2807617,79052242.27905273
5956,5956,5961,18976.0,67,76200489.04418945,74488294.60144043,268999042.5109863,80853330.61218262
5957,5957,5962,19080.0,83,83544612.88452148,78248056.41174316,292702156.06689453,82394433.02154541
5958,5958,5963,19129.0,88,86420364.37988281,77962280.2734375,276089644.4320679,85456411.36169434
5959,5959,5964,18900.0,64,79995742.79785156,78489589.69116211,249759765.625,83474609.375
5960,5960,5965,18900.0,63,78358554.84008789,79321575.16479492,239486503.60107425,85016441.34521484
5961,5961,5966,18900.0,63,93627262.11547852,79644584.65576172,246738338.47045895,83556175.2319336
5962,5962,5967,18822.0,65,82053737.64038086,77565639.49584961,250512107.8491211,83073051.45263672
5963,5963,5968,18898.0,65,72216350.55541992,78195495.60546875,245878749.8474121,84344646.45385742
5964,5964,5969,18838.0,65,90926559.4482422,82612449.6459961,235676498.41308597,86378208.16040039
5965,5965,5970,18593.0,71,74311206.81762695,80447607.99407959,226895183.5632324,84447819.70977783
5966,5966,5971,18611.0,64,67744239.8071289,76684608.45947266,218306373.5961914,80376850.12817383
5967,5967,5972,18974.0,78,83550813.67492676,76875008.58306885,272293951.0345459,81205709.45739746
5968,5968,5973,18841.0,66,71712841.03393555,78540168.76220703,276521595.0012207,82765102.38647461
5969,5969,5974,18602.0,67,64174515.72418213,79728465.08026123,229912496.5667725,84676980.01861572
5970,5970,5975,18318.0,64,77395226.47857666,81206167.22106934,249533622.7416992,83942289.35241699
5971,5971,5976,18450.0,69,79292547.22595215,78770809.17358398,232365205.7647705,87645590.78216553
5972,5972,5977,18298.0,63,54338882.44628906,73893898.0102539,222256576.53808597,81126262.66479492
5973,5973,5978,18578.0,73,62651812.55340576,73340371.13189697,225676304.8171997,79351017.95196533
5974,5974,5979,19334.0,81,58050108.90960693,72632076.26342773,213807271.00372317,78323180.19866943
5975,5975,5980,19421.0,68,74889825.82092285,78416852.9510498,241554313.659668,82231309.89074707
5976,5976,5981,19577.0,78,58546011.92474365,75825837.13531494,228075807.57141116,80997764.58740234
5977,5977,5982,19270.0,71,61456209.18273926,74557579.04052734,260715440.75012207,79511749.26757812
5978,5978,5983,19214.0,70,64228604.31671143,78082062.72125244,239651283.26416016,83723945.61767578
5979,5979,5984,19555.0,69,68957901.00097656,78243119.23980713,270122287.75024414,83814671.51641846
5980,5980,5985,19399.0,73,75764701.84326172,76645540.23742676,293112150.19226074,83295127.86865234
5981,5981,5986,19409.0,79,75360014.91546631,78002223.96850586,261949175.83465576,83997206.68792725
5982,5982,5987,19186.0,74,73397617.34008789,81143419.26574707,225545612.33520508,86062674.5223999
5983,5983,5988,19164.0,70,76952392.578125,79036934.8526001,228908332.82470703,84353211.40289307
5984,5984,5989,19152.0,67,70025907.51647949,81772872.92480469,242643836.9750977,87833988.18969727
5985,5985,5990,19251.0,80,75778083.80126953,80411159.51538086,282600015.6402588,84171426.77307129
5986,5986,5991,19343.0,76,61243458.74786377,74443015.09857178,209599739.07470703,81950305.9387207
5987,5987,5992,19011.0,80,48000918.3883667,69705459.59472656,228351005.5541992,75106225.01373291
5988,5988,5993,19285.0,69,57219480.51452637,70957732.20062256,205387251.85394287,74111934.66186523
5989,5989,5994,20022.0,86,81303339.95819092,79152266.50238037,304610144.61517334,90627117.15698242
5990,5990,5995,20183.0,70,76219198.22692871,83126060.48583984,272273441.31469727,93558803.5583496
5991,5991,5996,20158.0,70,63331420.8984375,74316864.01367188,258130134.58251956,85134838.10424805
5992,5992,5997,20034.0,69,89314014.43481445,77266777.03857422,273464027.4047852,82413749.69482422
5993,5993,5998,19930.0,71,56516014.09912109,70432216.64428711,209808738.7084961,80185985.56518555
5994,5994,5999,20324.0,72,80252824.7833252,83934204.1015625,263831321.7163086,93989048.0041504
5995,5995,6000,19798.0,81,68773610.11505127,78790834.42687988,247909057.6171875,83475144.3862915
5996,5996,6001,19900.0,79,54179285.04943848,72986267.08984375,238052590.37017825,76424899.10125732
5997,5997,6002,20241.0,88,59983880.9967041,72829086.30371094,236253621.1013794,78315180.77850342
5998,5998,6003,20525.0,73,78954786.30065918,83572618.48449707,305987911.22436523,95176381.11114502
5999,5999,6004,20402.0,70,108252792.35839844,95691947.93701172,375400016.784668,100300121.30737305
6000,6000,6005,20135.0,71,104293624.87792967,96183517.45605467,339903733.253479,99792940.13977052
6001,6001,6006,20201.0,76,75540996.55151367,81970183.37249756,278310958.8623047,92523800.84991457
6002,6002,6007,19970.0,89,88587895.39337158,82191011.42883301,322014866.82891846,86495926.85699463
6003,6003,6008,19893.0,95,75861993.78967285,78924392.70019531,282696219.4442749,83691050.52947998
6004,6004,6009,20715.0,73,81948925.01831055,88086404.80041504,247252559.66186523,94949727.05841064
6005,6005,6010,20291.0,82,56239541.05377197,77395961.76147461,243252070.4269409,87322156.90612793
6006,6006,6011,20546.0,71,90226242.06542967,90275478.36303712,359052616.1193848,96446548.46191406
6007,6007,6012,20288.0,70,86562381.74438477,85807651.51977539,257627925.87280276,93605243.68286131
6008,6008,6013,20500.0,79,66474758.14819336,80589048.38562012,263043656.34918213,91485287.6663208
6009,6009,6014,20172.0,71,82748936.6531372,85977546.69189453,249826305.3894043,93669708.25195312
6010,6010,6015,20177.0,80,78087485.31341553,81683285.7131958,268011657.71484372,90795366.28723145
6011,6011,6016,19447.0,70,83459297.18017578,82077308.65478516,256219894.4091797,89028213.50097656
6012,6012,6017,18940.0,81,70036146.16394043,77859495.16296387,227046070.09887692,87051369.66705322
6013,6013,6018,17909.0,75,64129545.21179199,70897689.81933594,217126780.50994876,76999143.60046387
6014,6014,6019,19807.0,99,82715059.28039551,80752646.44622803,275572772.9797363,86532171.24938965
6015,6015,6020,19800.0,87,56475322.72338867,74024213.79089355,238193495.75042725,87207522.39227295
6016,6016,6021,20106.0,87,86707227.70690918,83391009.33074951,309362596.5118408,91464606.2850952
6017,6017,6022,19925.0,86,73373397.82714844,80302497.86376953,235688746.45233157,86783043.86138916
6018,6018,6023,20270.0,80,76454887.39013672,80099065.78063965,303628999.710083,88663024.90234375
6019,6019,6024,19848.0,79,65522212.02850342,75053523.06365967,227566308.97521973,81343626.02233887
6020,6020,6025,20548.0,75,88353725.43334961,80985277.17590332,282411736.4883423,86432605.7434082
6021,6021,6026,20402.0,70,80984966.27807617,77402366.6381836,265120296.47827148,84159076.69067383
6022,6022,6027,19976.0,86,86554100.0366211,76009032.24945068,269631705.28411865,79823358.5357666
6023,6023,6028,20400.0,82,76514471.05407715,80554194.45037842,282760086.0595703,91436638.83209229
6024,6024,6029,20318.0,77,86129172.32513428,81194419.86083984,281614546.7758179,87511509.8953247
6025,6025,6030,19705.0,72,88954426.7654419,81680559.1583252,262088239.6697998,84890453.33862305
6026,6026,6031,21154.0,87,90449821.47216795,92273674.01123048,298149348.25897217,102584288.59710692
6027,6027,6032,20539.0,80,93341864.58587646,86151688.57574463,295863829.61273193,96165302.27661131
6028,6028,6033,20254.0,86,65131126.403808594,78253672.59979248,239735098.83880612,86502792.35839844
6029,6029,6034,20900.0,82,93392668.72406006,83177368.1640625,309052160.2630615,92772592.54455566
6030,6030,6035,20714.0,75,95168598.17504884,84739803.31420898,379630592.3461914,93154895.7824707
6031,6031,6036,20689.0,82,85953917.50335693,81399018.28765869,258663318.6340332,89569933.89129639
6032,6032,6037,20754.0,81,85868482.58972168,83257673.2635498,278994617.4621582,91646360.39733888
6033,6033,6038,20710.0,73,75270244.59838867,80011463.1652832,277468139.6484375,87652786.25488281
6034,6034,6039,20717.0,71,96927398.68164062,85852901.45874023,283490982.05566406,89808837.890625
6035,6035,6040,20415.0,72,91017910.00366212,77508899.6887207,296262748.7182617,86247486.11450195
6036,6036,6041,20539.0,75,78673618.31665039,80810884.47570801,299869857.78808594,91662447.92938232
6037,6037,6042,20954.0,84,92654956.81762695,87211144.44732666,308615386.9628906,94600582.12280272
6038,6038,6043,20824.0,76,86764895.43914795,81197132.1105957,335729261.3983154,91715186.1190796
6039,6039,6044,20414.0,87,90414443.96972656,78188895.2255249,292319950.10375977,84708229.0649414
6040,6040,6045,20970.0,83,97361792.56439207,86815575.59967041,300401485.44311523,96324481.96411131
6041,6041,6046,20709.0,72,84987491.60766602,83221714.01977539,299220001.2207031,92383850.09765624
6042,6042,6047,20695.0,76,99128011.7034912,87949147.22442627,297964574.8138428,93264277.45819092
6043,6043,6048,20311.0,77,101393853.18756104,77960233.68835449,320682067.8710937,84033427.23846436
6044,6044,6049,20897.0,81,94803622.24578856,84478636.74163818,322068025.58898926,96832644.46258543
6045,6045,6050,20701.0,78,88191919.32678223,87664034.84344482,314236037.2543335,96989779.47235107
6046,6046,6051,20079.0,74,89616574.28741455,83082509.99450684,312176410.6750488,87454057.69348145
6047,6047,6052,20071.0,85,62208447.45635986,69111557.96051025,245704408.64562988,79010753.6315918
6048,6048,6053,20671.0,84,103611330.03234863,86302930.83190918,320973659.51538086,92319310.18829346
6049,6049,6054,20388.0,74,100080263.13781738,86394836.42578125,300233936.30981445,90137039.18457033
6050,6050,6055,20254.0,70,72154285.4309082,74998390.1977539,290872982.0251465,87634429.93164062
6051,6051,6056,20540.0,71,94637439.7277832,87569564.81933594,295002288.8183594,91594291.68701172
6052,6052,6057,20643.0,76,89336818.69506836,83334495.5444336,328487172.12677,94852182.38830566
6053,6053,6058,20465.0,69,82219079.01763916,83257081.03179932,295765803.3370972,92183562.27874756
6054,6054,6059,20745.0,76,91456688.8809204,86535646.43859863,407487791.06140137,95037413.59710692
6055,6055,6060,20887.0,77,85085747.71881104,82994665.14587402,335198759.0789795,92273565.2923584
6056,6056,6061,20336.0,82,96624028.20587158,84894381.52313232,318895843.5058594,88271124.83978271
6057,6057,6062,20342.0,74,86385631.5612793,82721448.89831543,283557359.6954346,90501340.86608888
6058,6058,6063,20364.0,73,78762966.15600586,79596508.02612305,294074897.7661133,86773391.72363281
6059,6059,6064,20521.0,74,96172431.94580078,85616642.95196533,316255449.29504395,95780462.26501463
6060,6060,6065,20256.0,71,78468623.16131592,79892810.8215332,259827602.3864746,83974421.50115967
6061,6061,6066,20549.0,87,77648836.13586426,71485971.45080566,866084655.7617188,82828069.68688965
6062,6062,6067,20880.0,73,108813117.98095705,88942855.83496094,354009811.4013672,97145542.1447754
6063,6063,6068,20729.0,76,92643709.18273926,83328278.54156494,304744652.7481079,93288982.39135742
6064,6064,6069,20689.0,89,82270547.86682129,79809535.0265503,334347491.26434326,97114182.472229
6065,6065,6070,20875.0,91,72575621.60491943,88394914.6270752,299873741.14990234,100041823.387146
6066,6066,6071,20986.0,91,101991166.11480711,90192077.63671876,492245530.128479,100334909.43908691
6067,6067,6072,21106.0,96,111645406.72302246,93133976.93634032,436436692.237854,103886787.41455078
6068,6068,6073,21229.0,87,108242742.53845216,96700132.36999512,363481846.8093872,104244840.62194824
6069,6069,6074,20206.0,76,105400770.18737791,88087260.24627686,351037532.8063965,98052496.9100952
6070,6070,6075,20763.0,79,107700571.06018066,91593926.42974854,352632965.0878906,106419114.112854
6071,6071,6076,20512.0,79,105085678.10058594,94310757.63702393,333141839.0274048,104577556.61010742
6072,6072,6077,20310.0,73,104384873.39019775,95128144.2642212,362947921.7529297,105598641.39556883
6073,6073,6078,20527.0,73,98905403.13720705,87445668.22052002,322915565.49072266,99501709.93804932
6074,6074,6079,20971.0,73,109033950.80566406,97935569.7631836,366893188.4765625,102339214.32495116
6075,6075,6080,20367.0,72,88383111.00006104,82936159.13391113,319982114.7918701,96641065.59753418
6076,6076,6081,21045.0,76,117653207.77893066,95312053.68041992,362887392.9977417,104560869.21691896
6077,6077,6082,20790.0,75,95477169.03686523,84027214.05029297,341068893.4326172,100391357.421875
6078,6078,6083,20602.0,72,87697639.46533203,86109531.40258789,430473169.3267822,93556392.66967772
6079,6079,6084,20659.0,72,97502834.32006836,88242839.81323242,341747375.48828125,93409938.81225586
6080,6080,6085,20742.0,72,99999210.35766602,86746444.70214844,328701480.8654785,93940761.56616212
6081,6081,6086,20603.0,73,65697212.21923828,80255313.87329102,281639217.376709,91685474.39575195
6082,6082,6087,20893.0,74,86137794.4946289,89038032.53173828,365133312.2253418,101692432.40356444
6083,6083,6088,20686.0,72,108383613.58642578,96767356.8725586,348892917.63305664,104222496.03271484
6084,6084,6089,20840.0,73,108406441.6885376,100042852.4017334,362325149.5361328,110352146.14868164
6085,6085,6090,20547.0,77,91722971.91619872,93047900.19989014,303655533.7905884,98479975.70037842
6086,6086,6091,20694.0,71,85786243.4387207,87284095.76416016,320514373.7792969,95974967.95654295
6087,6087,6092,20717.0,73,84160423.2788086,76676813.12561035,317257539.7491455,88547803.87878418
6088,6088,6093,19245.0,93,48102025.03204346,56525935.17303467,192101612.09106445,58775567.054748535
6089,6089,6094,19935.0,115,69005095.48187256,60518754.959106445,268553760.52856445,63228093.14727783
6090,6090,6095,19897.0,96,63255108.83331299,62138246.53625488,269037320.1370239,66327384.94873047
6091,6091,6096,19914.0,81,78780616.7602539,63078597.06878662,269646832.4661255,71160157.20367432
6092,6092,6097,20232.0,75,103019893.64624023,72537811.27929688,344825609.2071533,77757375.71716309
6093,6093,6098,19463.0,72,78730752.94494629,67576389.31274414,240709411.62109372,72143848.41918945
6094,6094,6099,20251.0,86,87276319.50378418,71486585.61706543,296902259.82666016,77671681.40411377
6095,6095,6100,19922.0,79,77686103.82080078,69832574.84436035,259355945.5871582,74467578.88793945
6096,6096,6101,19980.0,70,83641745.56732178,73985671.99707031,250470269.20318604,78271702.76641846
6097,6097,6102,19864.0,86,80235317.23022461,71857739.44854736,260631464.9581909,75564365.38696289
6098,6098,6103,20209.0,75,82430345.53527832,74711000.44250488,277643157.00531006,81639541.62597656
6099,6099,6104,20153.0,79,74072617.53082275,71431347.84698486,243618080.13916016,77992287.63580322
6100,6100,6105,20275.0,73,85474000.93078613,75577124.59564209,289903491.9738769,82171442.98553467
6101,6101,6106,20227.0,70,85902412.41455078,75279319.7631836,279741756.439209,81944610.59570312
6102,6102,6107,20270.0,75,84858987.80822754,75398663.52081299,281065467.83447266,81739460.9451294
6103,6103,6108,20014.0,72,79700640.67840576,73590873.71826172,267072893.1427002,77744880.67626953
6104,6104,6109,19610.0,82,78153725.62408447,69712825.77514648,296346042.63305664,73446801.18560791
6105,6105,6110,19855.0,80,83143958.09173584,72609650.61187744,248827076.91192627,77012958.52661133
6106,6106,6111,19692.0,68,80855384.82666016,74048580.16967773,243173980.71289065,77308021.54541016
6107,6107,6112,19908.0,67,82092098.23608398,72265319.82421875,214120033.26416016,76483314.51416016
6108,6108,6113,19800.0,66,73725414.27612305,69968318.93920898,247413825.98876956,75119590.75927734
6109,6109,6114,19800.0,66,76020240.7836914,70312213.89770508,225916671.7529297,74505615.234375
6110,6110,6115,19800.0,66,74378299.71313477,69269084.93041992,215483379.36401367,73299694.0612793
6111,6111,6116,19800.0,67,79049177.1697998,72962951.66015625,238479919.43359372,77327518.46313477
6112,6112,6117,20035.0,72,80605863.57116699,74869238.85345459,249669498.44360352,79184237.48016357
6113,6113,6118,19695.0,75,79598773.00262451,69306514.73999023,206597269.05822757,74770196.91467285
6114,6114,6119,19827.0,69,78254669.18945312,70355499.26757812,246418952.94189453,75213405.60913086
6115,6115,6120,19874.0,72,78289032.93609619,70844121.9329834,223396865.84472656,74386428.83300781
6116,6116,6121,19800.0,66,80370998.38256836,69687080.38330078,236941623.6877441,72878265.38085938
6117,6117,6122,19707.0,66,74021862.0300293,69940933.22753906,210036026.00097656,72753993.98803711
6118,6118,6123,19895.0,70,72669532.7758789,67754606.24694824,225970382.6904297,71271375.65612793
6119,6119,6124,19700.0,67,67718384.74273682,68810294.15130615,208438602.44750977,71911539.07775879
6120,6120,6125,19814.0,71,77492862.70141602,70134095.19195557,234491651.53503415,72680122.37548828
6121,6121,6126,19726.0,72,73711997.03216553,67929176.3305664,223981332.77893063,71552557.94525146
6122,6122,6127,19711.0,83,74920379.63867188,68687222.48077393,252759583.4732056,72385193.82476807
6123,6123,6128,19661.0,73,76122444.15283203,68564083.09936523,234757743.8354492,71899746.89483643
6124,6124,6129,19950.0,69,81510330.20019531,67169452.66723633,227557865.14282227,69316708.5647583
6125,6125,6130,19751.0,71,70592115.40222168,68624774.93286133,197769721.98486328,70390594.48242188
6126,6126,6131,19580.0,92,70049177.1697998,67856025.69580078,263369128.2272339,71406920.43304443
6127,6127,6132,19800.0,77,71245054.24499512,65539840.69824219,236829538.3453369,70941261.2915039
6128,6128,6133,19679.0,79,61210156.44073486,63272865.29541016,245925208.09173584,67401009.55963135
6129,6129,6134,19838.0,70,64185487.74719238,61862268.44787598,221265972.1374512,66114000.32043457
6130,6130,6135,19705.0,76,62412538.52844238,59095868.11065674,249563695.9075928,62670200.34790039
6131,6131,6136,19727.0,71,63358732.22351074,58964498.51989746,241718627.9296875,60957170.4864502
6132,6132,6137,19897.0,68,57674354.553222656,60845982.55157471,190644950.8666992,64180527.687072754
6133,6133,6138,19800.0,67,59894742.012023926,59487283.70666504,207435068.1304932,62015819.54956055
6134,6134,6139,19711.0,71,70354912.75787354,62051177.978515625,265661097.5265503,64964004.51660156
6135,6135,6140,19799.0,68,67271919.25048828,62520923.61450195,230252105.71289065,66851299.28588867
6136,6136,6141,19804.0,68,65047809.60083008,62979503.6315918,212615108.48999023,65655708.31298828
6137,6137,6142,19800.0,68,73636692.04711914,62300975.79956055,223796958.92333984,66982086.18164063
6138,6138,6143,19733.0,72,79632257.46154785,63929494.857788086,303550556.1828613,69221315.38391113
6139,6139,6144,19800.0,85,82830768.58520508,64146019.93560791,252558006.2866211,67421052.93273926
6140,6140,6145,19538.0,71,65772294.99816895,60671310.42480469,244078338.62304688,66159854.888916016
6141,6141,6146,20075.0,75,73011627.19726562,62530023.5748291,237896729.4692993,68079725.26550293
6142,6142,6147,19652.0,70,71166212.08190918,60044534.68322754,229432564.7354126,62979874.61090088
6143,6143,6148,19845.0,79,68448266.98303223,59827545.166015625,270811148.64349365,64211484.90905762
6144,6144,6149,19534.0,69,69385576.24816895,58792133.33129883,231498798.37036133,62480142.59338379
6145,6145,6150,19821.0,87,67748768.80645752,61770781.51702881,257133839.6072388,67955277.44293213
6146,6146,6151,19755.0,68,74696304.32128906,65722316.74194336,279058948.5168457,69381948.47106934
6147,6147,6152,19851.0,69,77085173.60687256,63977214.81323242,230502929.6875,68243392.94433594
6148,6148,6153,19844.0,67,89729846.9543457,68110622.40600586,247718833.92333984,71705116.27197266
6149,6149,6154,19836.0,67,84038337.70751953,68977043.15185547,251986541.74804688,74702934.26513672
6150,6150,6155,19658.0,67,84012820.24383545,70092405.31921387,251124371.5286255,73802227.02026367
6151,6151,6156,20218.0,76,94749763.48876952,76095105.17120361,271317464.8284912,79613526.34429932
6152,6152,6157,19703.0,70,86952924.72839355,73712582.5881958,217201980.5908203,77903989.79187012
6153,6153,6158,19713.0,72,87044473.64807129,74347140.31219482,246105341.91131592,78168648.7197876
6154,6154,6159,19165.0,65,78343834.87701416,74064996.71936035,261678601.2649536,77167905.80749512
6155,6155,6160,19265.0,71,82501420.97473145,73091988.5635376,247350934.0286255,78078481.67419434
6156,6156,6161,19646.0,75,88098211.28845215,73919492.72155762,253479269.02771,78066743.85070801
6157,6157,6162,19422.0,75,90648375.51116943,76413003.92150879,260227577.20947263,81205592.15545654
6158,6158,6163,19752.0,82,98330986.97662354,84226064.68200684,283133731.842041,93756771.08764648
6159,6159,6164,19645.0,73,96303458.21380617,87996727.94342041,272558674.8123169,93904138.56506348
6160,6160,6165,19500.0,65,84545230.86547852,83884906.76879883,261886882.7819824,92365264.89257812
6161,6161,6166,19263.0,65,89955565.45257568,74659852.98156738,300271006.5841675,87719829.55932617
6162,6162,6167,20082.0,70,83173952.10266113,80351591.11022949,301216609.954834,86339673.99597168
6163,6163,6168,20081.0,73,93423367.50030518,80003105.16357422,259688999.1760254,83630702.97241211
6164,6164,6169,20197.0,70,94337444.30541992,83533157.34863281,262726535.79711917,87487779.61730957
6165,6165,6170,19951.0,67,88368911.74316406,82893985.74829102,298546745.30029297,86874271.39282227
6166,6166,6171,20141.0,73,90696452.1408081,81874896.04949951,261942556.3812256,85898633.95690918
6167,6167,6172,19810.0,83,65808106.42242432,68572694.77844238,245620076.1795044,72925783.15734863
6168,6168,6173,20767.0,86,96577751.15966795,77542725.56304932,364562217.7124024,86115443.2296753
6169,6169,6174,20740.0,82,101292614.9368286,86591780.66253662,350622104.6447754,93676963.80615234
6170,6170,6175,20741.0,83,110674240.11230467,91360465.04974364,377266468.0480957,95888418.19763184
6171,6171,6176,20470.0,72,84255481.7199707,77894672.39379883,307063026.42822266,92849803.92456056
6172,6172,6177,20822.0,72,113028266.90673828,92060775.75683594,380094345.09277344,99740020.75195312
6173,6173,6178,20808.0,71,122773319.24438477,92182018.2800293,422812709.8083496,100338161.46850586
6174,6174,6179,20399.0,70,99363700.86669922,83115451.81274414,342524421.69189453,89718025.20751953
6175,6175,6180,20293.0,93,83767638.20648193,79921820.64056396,330804625.51116943,83709101.67694092
6176,6176,6181,20313.0,72,89644502.63977051,78286559.10491943,352107852.935791,85737118.7210083
6177,6177,6182,20395.0,76,91263312.33978271,80030043.60198975,303463006.0195923,88348823.54736328
6178,6178,6183,19606.0,75,95370704.6508789,80370084.76257324,306839809.4177246,87410344.12384033
6179,6179,6184,19950.0,100,93867581.36749268,68709171.29516602,302136864.6621704,78190419.19708252
6180,6180,6185,19667.0,81,97439128.87573242,67731767.65441895,296145008.0871582,73984547.61505127
6181,6181,6186,19614.0,99,93985916.13769533,59328245.16296387,326163636.20758057,64990220.06988525
6182,6182,6187,19364.0,86,81855895.04241943,58589476.58538818,253325716.97235107,63069102.28729248
6183,6183,6188,19883.0,69,85710890.7699585,59866663.93280029,249633622.16949463,64140274.04785156
6184,6184,6189,19129.0,85,84421662.33062744,57367845.53527832,230465164.1845703,61992691.99371338
6185,6185,6190,19684.0,91,80004799.84283447,57401489.2578125,264792720.79467773,62392598.152160645
6186,6186,6191,19861.0,74,79828214.64538574,60696946.144104,250432710.647583,65987939.83459473
6187,6187,6192,19502.0,77,87638960.83831787,62170341.49169922,257139183.0444336,65962504.386901855
6188,6188,6193,19498.0,68,76653536.79656982,59755943.29833984,237029563.9038086,62673995.97167969
6189,6189,6194,19639.0,80,81283184.05151367,63573129.65393066,263361459.7320557,68364438.0569458
6190,6190,6195,19692.0,88,93114279.74700928,64915633.20159912,245991655.34973145,71164854.04968262
6191,6191,6196,19712.0,94,94103195.19042967,67524763.1072998,258990038.87176517,71364885.3302002
6192,6192,6197,19344.0,101,83073247.9095459,57759333.61053467,260155854.2251587,65363857.26928711
6193,6193,6198,18542.0,90,63201487.54119873,48909525.871276855,215417415.61889648,53125379.56237793
6194,6194,6199,18390.0,84,46768127.44140625,45760718.34564209,171541926.38397217,48683403.01513672
6195,6195,6200,19659.0,76,63174910.54534912,50155691.146850586,229824623.10791016,55749695.77789307
6196,6196,6201,19807.0,72,74503920.55511475,52628964.4241333,240186107.63549805,58215376.85394287
6197,6197,6202,19761.0,74,78617716.7892456,58814628.60107422,267482125.2822876,65793151.85546875
6198,6198,6203,19375.0,65,77790260.3149414,62766742.70629883,221229171.7529297,68762016.29638672
6199,6199,6204,19837.0,67,80762481.68945312,67733795.16601562,273419105.5297852,70530818.93920898
6200,6200,6205,19593.0,80,72800257.6828003,65979784.01184082,256248987.197876,68517572.4029541
6201,6201,6206,19711.0,86,84347720.1461792,57668949.12719727,246251675.60577396,63100215.911865234
6202,6202,6207,19824.0,71,97476613.99841309,57754955.29174805,242208660.1257324,63042850.494384766
6203,6203,6208,19861.0,72,75334634.78088379,54139892.578125,279319526.6723633,58877824.7833252
6204,6204,6209,19738.0,67,81206554.4128418,56110923.76708984,273542236.328125,62312007.904052734
6205,6205,6210,19450.0,69,89771331.78710938,59087226.86767578,245398269.6533203,62717422.48535156
6206,6206,6211,19489.0,67,92202884.67407228,58913208.0078125,219619178.77197263,64565326.69067383
6207,6207,6212,19567.0,68,94368783.95080566,61329010.009765625,217209495.5444336,67338832.85522461
6208,6208,6213,19413.0,67,92726959.22851562,63284378.05175781,238089588.1652832,67037685.39428711
6209,6209,6214,19194.0,69,89358733.17718506,64763219.83337402,244212932.58666992,69326297.76000977
6210,6210,6215,19149.0,65,97323348.99902344,63120700.83618164,228928573.60839844,69598056.79321289
6211,6211,6216,18863.0,67,91626705.16967772,60672336.57836914,245991233.8256836,66109237.67089844
6212,6212,6217,18813.0,64,84045269.01245117,60339317.321777344,245313041.6870117,65106472.01538086
6213,6213,6218,19036.0,64,83389343.26171875,60289619.44580078,237748065.94848636,66366897.58300781
6214,6214,6219,18847.0,63,93898487.09106444,60761653.90014648,273333473.2055664,65583129.8828125
6215,6215,6220,18563.0,65,95083455.0857544,59545961.38000488,208396452.9037476,62801216.12548828
6216,6216,6221,18652.0,63,84582576.75170898,58294433.59375,252051025.390625,62874359.130859375
6217,6217,6222,18600.0,62,78506469.7265625,57466506.95800781,232257843.01757807,62964248.65722656
6218,6218,6223,18600.0,62,90971660.61401369,59556484.22241211,270232772.82714844,64062881.46972656
6219,6219,6224,18600.0,63,92223625.18310548,60257720.947265625,240087280.2734375,63185977.935791016
6220,6220,6225,18126.0,74,89090196.60949707,58058268.547058105,240408327.10266116,61762513.16070557
6221,6221,6226,18257.0,69,84904467.58270264,60693392.753601074,230218898.77319336,64774799.34692383
6222,6222,6227,18940.0,79,83779673.57635498,60621516.22772217,229000373.84033203,63408773.42224121
6223,6223,6228,18412.0,74,79306190.49072266,59544893.26477051,223956589.6987915,62131833.07647705
6224,6224,6229,18413.0,64,77820766.44897461,60372851.37176514,228759307.86132807,65423865.31829834
6225,6225,6230,18400.0,71,94190663.33770752,62763737.67852783,246202217.1020508,67247312.54577637
6226,6226,6231,19146.0,74,94036719.3222046,68582082.74841309,232362278.93829343,74163187.02697754
6227,6227,6232,18738.0,63,90520714.75982666,70133331.29882812,241912027.3590088,75276166.91589355
6228,6228,6233,19062.0,65,80955753.32641602,68519163.13171387,240675806.9992065,72541915.89355469
6229,6229,6234,18900.0,63,84633350.37231445,69017314.91088867,260643482.20825195,72807598.11401367
6230,6230,6235,18762.0,63,93073402.40478516,70305130.00488281,237649246.2158203,74469200.13427734
6231,6231,6236,18598.0,68,89396158.21838379,69973570.82366943,227789808.27331543,73716182.70874023
6232,6232,6237,18304.0,64,86755420.68481445,69214798.92730713,232840404.51049805,72316853.5232544
6233,6233,6238,18407.0,63,78686531.06689453,69279281.61621094,225784664.15405276,73282619.47631836
6234,6234,6239,18166.0,62,65946066.85638428,65907985.68725586,219086776.73339844,69954250.33569336
6235,6235,6240,18543.0,69,80410859.10797119,64271577.83508301,217771365.16571045,65906457.90100098
6236,6236,6241,18621.0,72,84920853.61480713,67800740.2420044,242525329.58984372,73160117.14935303
6237,6237,6242,18712.0,74,79180536.2701416,65825293.54095459,234344508.17108157,70336511.61193848
6238,6238,6243,18627.0,64,90054645.53833008,67208087.92114258,255122280.1208496,72965900.42114258
6239,6239,6244,18648.0,64,92678230.28564452,69596263.88549805,263403739.9291992,73780021.66748047
6240,6240,6245,18681.0,78,93380265.23590088,71435762.40539551,241263216.0186768,74678400.99334717
6241,6241,6246,18602.0,64,87794647.21679688,70437221.52709961,241404460.9069824,75444660.18676758
6242,6242,6247,18410.0,63,94245517.73071288,70258403.77807617,219616596.22192383,74099689.48364258
6243,6243,6248,18651.0,65,95849182.12890624,71018833.16040039,221695636.7492676,75094036.10229492
6244,6244,6249,18601.0,64,86065059.66186523,71199836.73095703,251593246.4599609,75109687.80517578
6245,6245,6250,18615.0,64,78044853.21044922,70550251.00708008,211776889.8010254,74157798.76708984
6246,6246,6251,18369.0,67,72729375.8392334,66846939.08691406,205244739.5324707,71142160.41564941
6247,6247,6252,18098.0,67,72538975.7156372,66731776.23748779,255375443.45855716,69386563.30108643
6248,6248,6253,18173.0,66,83098945.61767578,68430946.35009766,271204082.4890137,73256300.9262085
6249,6249,6254,18410.0,65,88072253.22723389,71896793.36547852,210813776.01623532,75913663.86413574
6250,6250,6255,17711.0,66,83389015.1977539,69589887.61901855,257459255.21850583,73140949.24926758
6251,6251,6256,18463.0,79,78818115.234375,69175795.55511475,243764272.6898193,73831555.36651611
6252,6252,6257,18463.0,68,86779332.1609497,69336771.01135254,199324716.5679932,71862409.5916748
6253,6253,6258,18300.0,63,81646301.26953125,67067813.873291016,249744953.1555176,70770973.2055664
6254,6254,6259,18313.0,63,78214523.31542969,67684455.87158203,216989936.82861328,71266460.41870117
6255,6255,6260,18552.0,67,90143451.69067384,69827024.45983887,259044769.28710935,73136270.52307129
6256,6256,6261,18313.0,75,83675467.4911499,65907404.89959717,232577568.0541992,68285745.62072754
6257,6257,6262,18362.0,72,76553789.13879395,65359353.06549072,206999147.41516116,71147843.36090088
6258,6258,6263,18753.0,77,92480252.26593018,68899504.66156006,231654145.2407837,71791041.37420654
6259,6259,6264,18326.0,71,78664445.8770752,66957260.13183594,239395576.4770508,70480379.10461426
6260,6260,6265,18297.0,63,67450351.71508789,65863780.9753418,194708553.31420895,69175369.26269531
6261,6261,6266,18487.0,75,73160020.82824707,65834643.36395264,236476111.41204837,69099598.88458252
6262,6262,6267,18321.0,71,73839668.27392578,66929321.2890625,254536111.83166504,72030414.58129883
6263,6263,6268,18965.0,110,75630444.52667236,66417214.39361572,276474419.59381104,71235980.98754883
6264,6264,6269,18433.0,85,90943288.8031006,71776433.94470215,226362862.5869751,76470080.37567139
6265,6265,6270,18319.0,63,94476200.10375977,73204029.08325195,253872875.21362305,77412025.45166016
6266,6266,6271,18272.0,62,79829598.42681885,71038497.92480469,256699657.44018555,76063983.91723633
6267,6267,6272,17717.0,68,82844679.8324585,69571144.1040039,224641489.98260495,73843063.35449219
6268,6268,6273,17440.0,62,92033138.27514648,71238451.00402832,240316658.02001956,75035181.04553223
6269,6269,6274,17159.0,59,85275032.04345703,69175117.49267578,248509517.66967773,73229297.63793945
6270,6270,6275,17536.0,61,68098674.77416992,68565513.61083984,225407546.9970703,71906074.52392578
6271,6271,6276,17699.0,61,78734111.78588867,67972967.14782715,221189147.94921875,70099586.4868164
6272,6272,6277,17295.0,62,90147062.30163574,69000193.59588623,234205026.6265869,71747691.15447998
6273,6273,6278,17293.0,65,79793525.69580078,65882111.54937744,218163578.9871216,70555293.08319092
6274,6274,6279,17164.0,60,85118985.17608643,64155763.62609863,237977045.0592041,68190454.48303223
6275,6275,6280,17108.0,60,83808262.8250122,62006772.0413208,262299926.7578125,66419230.461120605
6276,6276,6281,17454.0,71,82997855.1864624,63063997.26867676,219179610.2523804,68769261.36016846
6277,6277,6282,18003.0,67,84690942.76428223,66354182.24334717,270719791.4123535,75731951.71356201
6278,6278,6283,17974.0,76,87636646.27075195,65902746.20056152,237371953.9642334,74197797.77526855
6279,6279,6284,18031.0,62,103770599.36523438,72786464.69116211,284436779.0222168,76177749.63378906
6280,6280,6285,18360.0,66,97560787.20092772,72854832.64923096,264061283.11157227,76471776.00860596
6281,6281,6286,17773.0,69,85298588.75274658,66494389.53399658,245809442.5201416,75748662.9486084
6282,6282,6287,17862.0,64,84636669.15893555,73354911.80419922,244848667.1447754,79914161.6821289
6283,6283,6288,17385.0,66,74831118.5836792,64415064.81170654,224778186.7980957,69519173.62213135
6284,6284,6289,17986.0,73,76602891.92199707,65805264.47296143,271510767.93670654,75323885.91766357
6285,6285,6290,18747.0,69,85471055.03082275,72627832.41271973,267665414.81018063,76879139.90020752
6286,6286,6291,19017.0,88,85511121.74987793,72273606.300354,253050565.7196045,75080698.01330566
6287,6287,6292,18602.0,64,89166500.09155273,72191902.16064453,250202667.23632807,74361988.06762695
6288,6288,6293,18449.0,76,89850369.45343018,69502985.00061035,266837241.17279053,75093690.87219238
6289,6289,6294,18675.0,88,91355425.83465576,70251053.81011963,260879297.25646973,74150767.32635498
6290,6290,6295,18026.0,64,96606588.36364746,69785263.06152344,276174773.2162476,73899563.78936768
6291,6291,6296,18975.0,92,92899452.20947266,64534435.2722168,251872550.96435547,67532381.05773926
6292,6292,6297,19429.0,88,95720652.58026125,65466865.53955078,226190870.28503415,69020475.38757324
6293,6293,6298,19272.0,77,94315163.61236572,66633556.3659668,269538294.7921753,68993656.15844727
6294,6294,6299,19139.0,96,94408553.12347412,65413315.773010254,232116326.3320923,70095948.21929932
6295,6295,6300,19584.0,74,101415323.25744627,67924059.86785889,270924385.0708008,72453346.2524414
6296,6296,6301,19288.0,74,92180523.87237547,68526770.59173584,210444256.7825317,71385314.94140625
6297,6297,6302,19281.0,89,98757925.03356934,68935044.28863525,237229985.2371216,74785390.85388184
6298,6298,6303,19252.0,68,98238348.00720216,69409031.86798096,223154121.39892575,72721589.08843994
6299,6299,6304,18755.0,69,98333333.0154419,71776015.28167725,258811243.05725095,74684518.81408691
6300,6300,6305,18776.0,70,99490174.29351808,66975764.27459717,240095315.93322757,71919653.89251709
6301,6301,6306,18639.0,65,95456497.1923828,67831386.56616211,246258563.99536133,72494369.50683594
6302,6302,6307,19349.0,86,94425010.68115234,71391407.96661377,228615803.7185669,74787302.01721191
6303,6303,6308,19452.0,77,100781933.78448486,72539433.47930908,311157409.66796875,79663144.1116333
6304,6304,6309,19124.0,67,106474464.4165039,77983913.42163086,295215595.2453613,82097763.06152344
6305,6305,6310,18991.0,66,105955860.13793944,79256517.41027832,260950244.90356445,85212461.47155762
6306,6306,6311,19539.0,77,99237086.29608154,71724407.19604492,263146421.43249512,77251454.35333252
6307,6307,6312,19900.0,83,101678387.64190674,74775280.95245361,279392204.284668,80895495.41473389
6308,6308,6313,19853.0,70,104824392.3187256,78178963.66119385,281592100.1434326,84428732.87200928
6309,6309,6314,19869.0,72,104451630.5923462,75901334.76257324,273552165.9851074,83869932.17468262
6310,6310,6315,19830.0,69,103376735.68725586,76750255.5847168,282092884.0637207,83809879.30297852
6311,6311,6316,19488.0,69,100491781.2347412,74478290.55786133,264472244.2626953,79955535.88867188
6312,6312,6317,19312.0,87,105350509.64355467,77175166.13006592,372726078.9871216,89526412.96386719
6313,6313,6318,19277.0,66,112870811.46240234,92022003.17382812,280763015.7470703,95106704.71191406
6314,6314,6319,18532.0,70,104527020.45440674,73439870.83435059,332776015.28167725,82388321.87652588
6315,6315,6320,18269.0,75,107435974.12109376,71128602.98156738,323824543.9529419,74237735.74829102
6316,6316,6321,18349.0,73,118339504.24194336,72028353.69110107,271923580.16967773,74566097.25952148
6317,6317,6322,18025.0,71,100711524.9633789,65643593.78814697,276881881.7138672,70885639.19067383
6318,6318,6323,18428.0,64,105906036.37695312,73211242.67578125,266754947.66235352,77303207.39746094
6319,6319,6324,18337.0,63,107054191.58935548,73673679.35180664,252741455.078125,75709293.36547852
6320,6320,6325,18658.0,72,106529030.79986572,74614699.3637085,264272535.32409668,76342924.11804199
6321,6321,6326,18627.0,64,101293510.43701172,68408706.66503906,284200569.15283203,75178272.24731445
6322,6322,6327,18649.0,64,95689731.5979004,71829349.51782227,234598426.8188477,77240390.77758789
6323,6323,6328,18554.0,63,99935497.28393556,73989509.58251953,263115943.9086914,77105781.55517578
6324,6324,6329,18744.0,73,84005418.77746582,66639813.42315674,252649192.8100586,76163256.64520264
6325,6325,6330,19564.0,79,103719676.97143556,76732791.90063477,273241329.19311523,81401996.61254883
6326,6326,6331,19735.0,84,94003280.63964844,72181491.85180664,255578080.17730716,78006801.60522461
6327,6327,6332,19847.0,74,102837513.92364502,73351235.38970947,298599423.4085083,80867302.89459229
6328,6328,6333,19532.0,79,93746846.19903564,77665063.85803223,284545466.42303467,83684455.87158203
6329,6329,6334,19407.0,77,89039134.97924805,73584878.92150879,271571414.94750977,77988341.33148193
6330,6330,6335,19303.0,77,88793874.74060059,67618964.19525146,381979537.0101929,77385413.16986084
6331,6331,6336,19617.0,77,109687893.86749268,78533232.68890381,285433455.4672241,84677628.51715088
6332,6332,6337,19427.0,70,106259387.9699707,76976097.1069336,279020072.9370117,84707664.4897461
6333,6333,6338,18827.0,82,86184568.40515137,68219140.05279541,277600123.40545654,77793528.55682373
6334,6334,6339,19036.0,72,88757742.8817749,69676104.54559326,271510000.22888184,77781467.43774414
6335,6335,6340,19200.0,75,106469029.4265747,78479039.1921997,309681044.57855225,84482033.72955322
6336,6336,6341,19307.0,73,118526850.70037842,81807029.7241211,357068349.83825684,88289207.4584961
6337,6337,6342,19222.0,73,107593447.6852417,75457406.04400635,244523216.2475586,78302913.66577148
6338,6338,6343,18750.0,65,94633054.73327637,71945298.19488525,274990983.9630127,74656781.19659424
6339,6339,6344,19885.0,83,81976018.90563965,73209725.37994385,255874998.09265137,80985149.38354492
6340,6340,6345,20239.0,78,89371636.39068604,74996281.62384033,251964982.03277588,82955728.53088379
6341,6341,6346,20311.0,80,90074635.50567628,77655222.89276123,299121069.9081421,84005747.79510498
6342,6342,6347,20033.0,79,90797541.61834715,75635510.44464111,267315146.44622803,81180340.76690674
6343,6343,6348,19591.0,71,94011802.67333984,76110193.25256348,262187629.69970703,82559396.74377441
6344,6344,6349,19677.0,85,84092507.36236572,74858116.14990234,276514692.3065185,80576042.17529297
6345,6345,6350,20096.0,78,101223422.05047607,90726766.58630373,322286615.3717041,102372639.6560669
6346,6346,6351,19657.0,68,92855183.6013794,89096298.21777344,299577320.0988769,98777278.90014648
6347,6347,6352,19438.0,69,98194451.33209229,88850456.23779297,296644416.80908203,98914204.59747314
6348,6348,6353,19919.0,73,95185857.77282716,86437461.85302734,316180248.26049805,95707679.74853516
6349,6349,6354,20301.0,78,103823788.6428833,91026570.3201294,344230560.3027344,99451347.35107422
6350,6350,6355,20819.0,90,84541572.57080078,84267398.83422852,298845496.17767334,95574879.64630128
6351,6351,6356,20295.0,87,82572313.30871582,80886769.29473877,329509879.11224365,92327791.21398926
6352,6352,6357,20300.0,70,106577026.3671875,84326419.83032227,296305728.9123535,95258464.81323242
6353,6353,6358,20024.0,78,91090977.6687622,77317864.41802979,305821514.1296387,88081286.43035889
6354,6354,6359,20237.0,84,108107104.30145264,82867535.59112549,347904819.4885254,98092640.87677002
6355,6355,6360,20103.0,73,107921987.53356934,93201462.7456665,327331567.7642822,105885226.24969482
6356,6356,6361,19760.0,76,111159399.03259276,92257335.6628418,335370134.3536377,104231994.62890624
6357,6357,6362,19887.0,67,109559852.60009766,95264499.66430664,334143665.3137207,106732040.40527344
6358,6358,6363,19799.0,67,118428565.9790039,95806867.5994873,335787691.116333,103149036.4074707
6359,6359,6364,19624.0,68,88832569.12231445,81087694.16809082,328329063.41552734,98234983.44421388
6360,6360,6365,19874.0,69,93963956.83288574,87747091.29333496,318559631.34765625,102327426.9104004
6361,6361,6366,19343.0,77,77043019.29473877,79400034.90447998,267558455.4672241,91338541.9845581
6362,6362,6367,19458.0,71,95683671.95129396,82949856.75811768,297325653.0761719,90916614.5324707
6363,6363,6368,19536.0,78,87866053.5812378,82376078.60565186,301623176.57470703,93564028.7399292
6364,6364,6369,20193.0,73,96607563.01879884,86265784.26361084,317790416.7175293,95533684.7305298
6365,6365,6370,20091.0,81,88395221.71020508,82296705.24597168,352483958.24432373,92619370.46051024
6366,6366,6371,20521.0,80,108812249.1836548,87866209.03015137,344710518.8369751,95764985.08453368
6367,6367,6372,20400.0,71,98011873.24523926,84142502.784729,281437635.4217529,95033483.50524902
6368,6368,6373,19651.0,70,95419693.94683838,80592567.44384766,309119775.7720947,93043153.76281738
6369,6369,6374,19902.0,87,96001538.27667236,76423713.68408203,277818206.7871094,88069915.77148438
6370,6370,6375,19890.0,73,93919465.06500244,80411262.51220703,324126902.58026123,90144095.4208374
6371,6371,6376,19800.0,67,108161956.78710938,80525642.39501953,312095970.1538086,87985942.84057617
6372,6372,6377,19064.0,72,87098731.9946289,72082711.2197876,316807907.1044922,83335973.73962402
6373,6373,6378,20085.0,82,93212984.085083,82438152.31323242,304321053.50494385,93496347.42736816
6374,6374,6379,19420.0,69,98695840.83557127,85763930.32073975,330317409.51538086,93277465.8203125
6375,6375,6380,19092.0,67,87552936.55395508,80588546.75292969,290606006.62231445,87125484.46655273
6376,6376,6381,19276.0,71,87148398.39935303,80800099.37286377,299283457.7560425,88337258.33892822
6377,6377,6382,19235.0,74,91632083.89282228,75441582.67974854,335506307.6019287,85385544.7769165
6378,6378,6383,19162.0,76,89213058.47167969,72960790.63415527,286447961.807251,80742602.34832764
6379,6379,6384,19109.0,67,85731481.55212402,73491390.22827148,304217117.3095703,81319015.50292969
6380,6380,6385,19375.0,80,97804006.57653809,74331538.20037842,280965306.28204346,83588726.04370117
6381,6381,6386,19415.0,68,95664520.26367188,76882199.28741455,303848777.7709961,88007641.79229736
6382,6382,6387,18753.0,86,94054446.22039796,74671298.98071289,258086435.3179932,83020591.73583984
6383,6383,6388,19130.0,74,97586597.44262695,79587674.14093018,306368492.12646484,88679676.0559082
6384,6384,6389,19234.0,76,103093274.11651611,80389721.87042236,268412479.4006348,89420295.71533203
6385,6385,6390,19015.0,73,89022960.6628418,76927143.09692383,286759174.3469238,83934432.98339844
6386,6386,6391,19034.0,75,96624823.57025146,80633797.64556885,319743290.9011841,89257281.30340576
6387,6387,6392,18587.0,74,105171447.75390624,83669364.92919922,285880951.8814087,88786022.1862793
6388,6388,6393,18913.0,77,96690344.81048584,82290636.06262207,319610355.37719727,89009239.19677734
6389,6389,6394,19135.0,78,104596118.92700195,88054229.73632812,282930188.1790161,92813698.76861572
6390,6390,6395,18894.0,73,105986578.9413452,87509190.5593872,282338571.5484619,95122900.9628296
6391,6391,6396,18517.0,67,104300535.20202637,84422312.73651123,302473341.9418335,92218298.91204834
6392,6392,6397,18569.0,66,104088437.0803833,82331443.7866211,273075903.8925171,91612752.91442873
6393,6393,6398,18661.0,65,115324207.3059082,85027435.30273438,366148052.2155762,89351310.72998047
6394,6394,6399,18659.0,64,96421890.25878906,78537906.64672852,285837966.9189453,90319538.11645508
6395,6395,6400,18151.0,68,83243848.80065918,75168450.35552979,246379680.6335449,82898055.07659912
6396,6396,6401,18067.0,62,89323095.32165527,77956687.9272461,331213691.7114258,83438430.78613281
6397,6397,6403,17169.0,67,80587018.01300049,68126840.59143066,261119626.04522705,73481707.57293701
6398,6398,6404,17837.0,78,85721472.74017334,71997262.95471191,217862907.409668,75944481.84967041
6399,6399,6405,18301.0,82,89675679.20684814,74469733.23822021,241862283.70666504,80061175.34637451
6400,6400,6406,17947.0,73,83571438.78936768,72942451.47705078,230492688.1790161,76793591.49932861
6401,6401,6407,17954.0,64,79124190.33050537,72444040.29846191,282875445.36590576,75625144.9584961
6402,6402,6408,18449.0,75,83499720.5734253,74414343.83392334,230201880.4550171,78378342.628479
6403,6403,6409,18600.0,64,84734199.52392578,76229660.03417969,260528915.40527344,80451953.88793945
6404,6404,6410,18900.0,74,82043268.20373535,76360381.12640381,245881551.7425537,80224104.88128662
6405,6405,6411,19641.0,79,92412889.48059082,80108613.96789551,284085041.9998169,86526618.00384521
6406,6406,6412,19559.0,74,96348880.76782228,80993853.56903076,264881626.1291504,87612075.80566406
6407,6407,6413,19453.0,73,98605751.03759766,81500390.05279541,273944599.1516113,87748246.19293213
6408,6408,6414,18870.0,74,88809147.83477783,77137265.2053833,253838090.89660645,83278900.14648438
6409,6409,6415,18911.0,72,82039886.47460938,74386250.49591064,272974232.673645,78990790.36712646
6410,6410,6416,19202.0,69,86355535.50720215,74052863.12103271,246596694.94628903,77118395.80535889
6411,6411,6417,19047.0,79,82397128.10516357,74967057.22808838,212877504.34875488,77036523.81896973
6412,6412,6418,18489.0,71,81139450.07324219,73375965.1184082,218509902.00042725,74870939.25476074
6413,6413,6419,18635.0,64,86758342.74291992,72503185.2722168,231552845.0012207,75119724.27368164
6414,6414,6420,18835.0,72,83105657.57751465,73081552.50549316,235281167.9840088,74883764.26696777
6415,6415,6421,18373.0,76,78335901.26037598,71734955.78765869,219327246.6659546,73321299.55291748
6416,6416,6422,18680.0,65,74204143.52416992,72253704.07104492,228178791.04614255,74441600.79956055
6417,6417,6423,18664.0,63,75832809.44824219,72799247.74169922,226168308.25805664,74622695.92285156
6418,6418,6424,18600.0,62,78958225.25024414,73038768.76831055,210333251.953125,74080467.2241211
6419,6419,6425,19025.0,64,80269789.69573975,73352742.1951294,263276195.52612305,75064039.23034668
6420,6420,6426,19295.0,66,80512605.66711426,74613903.99932861,265698612.2131348,76140595.43609619
6421,6421,6427,19200.0,64,84574699.40185547,72751808.1665039,238820457.4584961,75200557.70874023
6422,6422,6428,19200.0,64,85276222.2290039,73917961.12060547,251816940.3076172,74886417.38891602
6423,6423,6429,19200.0,64,89297676.08642578,75312423.70605469,249080657.9589844,77429008.48388672
6424,6424,6430,19200.0,64,95470905.30395508,76841068.26782227,219763183.59375,78077888.48876953
6425,6425,6431,19200.0,64,81361484.52758789,75897789.00146484,233172225.95214844,77300548.5534668
6426,6426,6432,19200.0,64,90947914.12353516,74869537.35351562,270502853.3935547,77215290.06958008
6427,6427,6433,19132.0,64,76583374.0234375,74196151.73339844,278973384.85717773,75729309.08203125
6428,6428,6434,18870.0,66,87258119.58312988,75103973.38867188,230860790.25268555,78214108.46710205
6429,6429,6435,18438.0,76,92878032.68432616,76212253.57055664,238772708.89282227,79231108.66546631
6430,6430,6436,18448.0,68,86404076.57623291,76076109.88616943,251803058.6242676,81814621.925354
6431,6431,6437,18366.0,67,60334325.79040527,72843379.97436523,202614822.3876953,77344552.99377441
6432,6432,6438,18864.0,79,64040470.123291016,70119986.53411865,197012232.7804565,76693630.21850586
6433,6433,6439,18691.0,72,74872928.61938477,70477526.66473389,223592891.69311523,74327095.9854126
6434,6434,6440,19096.0,75,72164995.19348145,72707360.26763916,250315593.7194824,75674964.90478516
6435,6435,6441,19053.0,74,78050962.44812012,75581891.05987549,240102241.51611328,78726536.75079346
6436,6436,6442,19552.0,70,70706855.77392578,74590411.18621826,266910579.68139648,79425709.72442627
6437,6437,6443,19753.0,67,64626326.56097412,74968005.18035889,258316051.4831543,79251507.75909424
6438,6438,6444,19903.0,72,68085684.77630615,76515053.74908447,243508073.8067627,79515579.22363281
6439,6439,6445,19751.0,69,61533411.97967529,76680886.26861572,213832077.9800415,79424505.23376465
6440,6440,6446,19695.0,80,61111995.697021484,75321755.40924072,246606984.1384888,77723570.82366943
6441,6441,6447,19874.0,81,68573326.11083984,76951254.84466553,252287738.80004883,79702145.57647705
6442,6442,6448,19852.0,86,71247921.94366455,77630210.87646484,258450098.99139404,81118830.68084717
6443,6443,6449,19819.0,83,84561485.29052734,78377188.68255615,242802124.0234375,83874139.7857666
6444,6444,6450,19863.0,70,70907376.28936768,79860618.5913086,233116731.6436768,82920780.18188477
6445,6445,6451,19434.0,69,77627886.77215576,82003160.47668457,280948691.368103,85387850.76141357
6446,6446,6452,18964.0,68,75173611.64093018,84427428.24554443,220028207.77893063,87947598.45733643
6447,6447,6453,18880.0,66,80244003.29589844,84030707.35931396,229251674.6520996,87458785.05706787
6448,6448,6454,18511.0,77,75683070.1828003,81469986.91558838,203304920.1965332,84051950.45471191
6449,6449,6455,18723.0,78,80560888.29040527,81032203.6743164,229282115.9362793,82996118.54553223
6450,6450,6456,18662.0,69,71435914.99328613,82121884.3460083,220106432.9147339,84402259.82666016
6451,6451,6457,19245.0,82,79751858.71124268,81334425.9262085,283582231.52160645,86334095.0012207
6452,6452,6458,19481.0,96,74061013.22174072,79990725.51727295,230406990.05126956,83221032.14263916
6453,6453,6459,19546.0,75,80996876.71661377,83558168.41125488,226963953.9718628,87296247.4822998
6454,6454,6460,19224.0,66,78326225.28076172,85620117.1875,217673492.43164065,87985038.75732422
6455,6455,6461,19200.0,64,79952144.62280273,85905075.07324219,264270687.10327148,88548660.27832031
6456,6456,6462,19185.0,64,78338241.57714844,82036113.73901367,232349452.9724121,87171134.94873047
6457,6457,6463,19351.0,74,77750764.84680176,81207880.97381592,248394674.30114743,83610873.22235107
6458,6458,6464,18991.0,76,74856793.40362549,80625770.56884766,228686058.9981079,84399687.76702881
6459,6459,6465,19193.0,65,81408813.4765625,84548695.56427002,260619453.43017575,88284901.61895752
6460,6460,6466,19200.0,64,75807094.57397461,86743640.8996582,274364376.06811523,90838909.14916992
6461,6461,6467,19102.0,64,83794311.5234375,86281795.50170898,240835628.50952148,89099857.33032227
6462,6462,6468,18913.0,66,75778464.31732178,83633118.62945557,201876190.18554688,85269621.84906006
6463,6463,6469,18900.0,63,80383586.88354492,83277225.49438477,247282218.93310547,86161994.93408203
6464,6464,6470,19168.0,65,76532597.54180908,82837006.56890869,234907941.8182373,86228672.9812622
6465,6465,6471,19382.0,70,77531401.63421631,84082760.81085205,258064259.52911377,86514684.67712402
6466,6466,6472,19236.0,67,75040958.40454102,83438200.95062256,239598446.8460083,86001707.07702637
6467,6467,6473,19227.0,75,85656892.77648926,83348942.75665283,294970974.9221802,86099020.95794678
6468,6468,6474,19570.0,67,84653889.6560669,81423031.8069458,249587026.5960693,85598899.8413086
6469,6469,6475,19533.0,67,85625863.07525635,81473707.19909668,233473546.0281372,84264984.13085938
6470,6470,6476,19500.0,65,79595661.16333008,80030250.5493164,253726673.1262207,84036827.08740234
6471,6471,6477,19378.0,65,84297670.36437988,81015735.6262207,251489017.48657227,85367523.19335938
6472,6472,6478,19206.0,66,87715808.8684082,82751996.99401855,241452285.7666016,85059412.00256348
6473,6473,6479,19200.0,64,85903358.45947266,82309341.43066406,259571456.9091797,85300827.02636719
6474,6474,6480,18965.0,67,80897830.00946045,81833489.41802979,227962249.75585935,83967540.7409668
6475,6475,6481,18900.0,64,81877994.53735352,81509380.34057617,222171630.859375,83673210.14404297
6476,6476,6482,18900.0,63,74436378.4790039,80727195.7397461,232772827.1484375,82777976.9897461
6477,6477,6483,18893.0,68,75227448.46343994,81763067.2454834,256060818.67218015,84102921.48590088
6478,6478,6484,18900.0,63,74978828.43017578,82349109.6496582,210095787.04833984,83631134.03320312
6479,6479,6485,18900.0,63,70986843.10913086,81810665.13061523,266087436.6760254,84197044.3725586
6480,6480,6486,19449.0,66,70196207.04650879,79010651.58843994,221108375.5493164,82632165.90881348
6481,6481,6487,19545.0,75,82778911.59057617,80355779.64782715,261689301.4907837,82963798.52294922
6482,6482,6488,19925.0,88,75964600.56304932,79856012.34436035,255779607.77282715,82561308.86077881
6483,6483,6489,19512.0,73,74904091.83502197,78565693.85528564,258035242.08068848,80574547.76763916
6484,6484,6490,19344.0,78,80357862.47253418,77824125.28991699,277162090.3015137,81062791.82434082
6485,6485,6491,19200.0,64,75572204.58984375,78651237.48779297,233621120.4528809,81479930.87768555
6486,6486,6492,19200.0,64,84800720.21484375,79601955.41381836,229734134.67407227,82016658.78295898
6487,6487,6493,19200.0,64,73488521.57592773,79678058.62426758,254753208.1604004,83126449.58496094
6488,6488,6494,19044.0,67,75297613.1439209,79935778.61785889,214719715.1184082,81431096.07696533
6489,6489,6495,18900.0,63,80323505.40161133,79735279.08325195,233825969.6960449,82462120.05615234
6490,6490,6496,18900.0,63,80809593.2006836,80260276.7944336,236431789.39819336,82103633.88061523
6491,6491,6497,18900.0,63,72392177.58178711,78430366.51611328,234819030.76171875,81920814.51416016
6492,6492,6498,18753.0,64,78532138.82446289,78826695.4421997,253419067.3828125,80379055.02319336
6493,6493,6499,19046.0,75,85318373.68011475,79078986.16790771,290196491.2414551,81010478.01971436
6494,6494,6500,18688.0,71,80130905.15136719,78215245.2468872,241717995.6436157,80253787.99438477
6495,6495,6501,18710.0,69,77202151.29852295,76309343.3380127,251480530.73883057,79447195.05310059
6496,6496,6502,19218.0,68,75910476.68457031,75768755.91278076,223477883.33892825,78782084.46502686
6497,6497,6503,19038.0,73,80783534.0499878,75112969.39849854,257556015.96832275,77780322.07489014
6498,6498,6504,19203.0,106,75428309.4406128,74031590.46173096,217173176.7654419,76791181.56433105
6499,6499,6505,19360.0,70,88219572.06726074,77135260.58197021,247593709.9456787,80750432.96813965
6500,6500,6506,19200.0,64,88122653.96118164,77802944.18334961,216334247.58911133,79764175.41503906
6501,6501,6507,18686.0,78,88744791.03088379,75884553.90930176,229952497.4822998,78909358.97827148
6502,6502,6508,19524.0,75,92658885.95581056,78151910.78186035,247346611.0229492,82896749.49645996
6503,6503,6509,20031.0,69,91422666.54968262,80233906.74591064,247497978.2104492,83882245.06378174
6504,6504,6510,19551.0,69,81533149.71923828,79018387.79449463,229720615.3869629,81462888.71765137
6505,6505,6511,19500.0,65,71775054.93164062,77049350.73852539,208575153.35083008,80976104.73632812
6506,6506,6512,19666.0,69,70323396.68273926,77886213.3026123,225421685.21881104,80452445.98388672
6507,6507,6513,19918.0,76,72541711.80725098,77937577.24761963,231509752.2735596,80125655.17425537
6508,6508,6514,19800.0,66,66405773.1628418,76941776.27563477,202149581.9091797,78662109.375
6509,6509,6515,19800.0,66,72936630.24902344,77719116.2109375,237034606.93359372,80210781.09741211
6510,6510,6516,19724.0,66,73197753.90625,79368217.46826172,230011489.8681641,81362762.45117188
6511,6511,6517,19876.0,67,75809627.53295898,78840930.9387207,237939609.5275879,80954967.4987793
6512,6512,6518,19800.0,67,73610846.51947021,78530183.79211426,246839035.0341797,80766677.85644531
6513,6513,6519,19800.0,66,72319221.49658203,78488731.38427734,264210605.6213379,80725479.12597656
6514,6514,6520,19800.0,66,71896934.50927734,78051853.17993164,212238407.13500977,79440021.51489258
6515,6515,6521,19800.0,66,75098705.29174805,77726840.97290039,257505798.33984372,79230880.73730469
6516,6516,6522,19800.0,67,76773719.78759766,75531949.99694824,247888431.54907227,80319118.49975586
6517,6517,6523,19800.0,66,76508331.29882812,75664043.42651367,218785285.94970703,79099845.88623047
6518,6518,6524,19800.0,67,71067821.50268555,76899459.83886719,227034198.76098636,79733875.2746582
6519,6519,6525,19800.0,66,72889995.57495117,77886772.15576172,271246147.1557617,80592155.45654297
6520,6520,6526,19800.0,66,85049057.00683594,78987979.88891602,260161113.73901367,81731128.69262695
6521,6521,6527,19379.0,71,79666668.89190674,77377733.23059082,245187890.0527954,80395301.81884766
6522,6522,6528,20001.0,86,77542596.8170166,78205606.46057129,270532851.21917725,82391784.66796875
6523,6523,6529,19690.0,76,73657947.5402832,78155586.24267578,222131607.0556641,81845201.49230957
6524,6524,6530,19831.0,68,84881433.48693848,81788526.53503418,263872218.13201904,85225269.31762695
6525,6525,6531,19753.0,70,76542579.6508789,81750356.67419434,259157183.64715576,86461605.07202148
6526,6526,6532,19800.0,67,75669429.77905273,82671939.84985352,264745830.53588867,86186614.99023438
6527,6527,6533,19800.0,66,74677848.81591797,83374500.2746582,216559982.2998047,86633777.6184082
6528,6528,6534,19699.0,66,74250858.30688477,82587856.29272461,302896720.88623047,85984409.33227539
6529,6529,6535,19901.0,71,81041210.17456055,82886254.31060791,264165487.2894287,85636324.88250732
6530,6530,6536,19640.0,72,79443506.24084473,80095533.37097168,236539380.07354736,83357097.62573242
6531,6531,6537,19941.0,68,82109424.59106445,81465213.77563477,272573764.8010254,87380023.95629883
6532,6532,6538,19693.0,67,76571654.31976318,83020868.3013916,259973541.2597656,87144790.64941406
6533,6533,6539,19771.0,67,76722332.95440674,82481536.86523438,235983359.33685303,84525520.32470703
6534,6534,6540,19816.0,73,80059583.66394043,78168896.67510986,247995815.2770996,81822096.824646
6535,6535,6541,19698.0,66,79703453.06396484,74908916.47338867,218530265.80810547,81107700.34790039
6536,6536,6542,19902.0,67,74274089.81323242,76954341.88842773,216094882.9650879,81662006.37817383
6537,6537,6543,19800.0,66,82999420.16601562,77738285.06469727,253259754.1809082,80649089.81323242
6538,6538,6544,19682.0,66,82482669.83032227,75600158.69140625,214893024.44458008,79442657.47070312
6539,6539,6545,19358.0,74,75521016.12091064,74302936.55395508,223002683.6395264,78477622.98583984
6540,6540,6546,19843.0,73,82151914.59655762,77070975.3036499,232108577.72827148,80191153.52630615
6541,6541,6547,19688.0,66,83797260.28442383,77853912.35351562,260293563.84277344,81587295.53222656
6542,6542,6548,19645.0,78,80321269.03533936,79745315.55175781,234314835.54840088,82770837.78381348
6543,6543,6549,19604.0,81,80159677.50549316,79117480.27801514,233634840.01159668,81873661.99493408
6544,6544,6550,19071.0,67,77701325.41656494,72645702.36206055,218556144.71435547,75170982.36083984
6545,6545,6551,20108.0,76,82826373.10028076,73421400.07019043,244079067.2302246,76398542.4041748
6546,6546,6552,19800.0,66,82363414.7644043,73868751.5258789,243443870.5444336,78435230.25512695
6547,6547,6553,19800.0,66,78453826.90429688,74389457.70263672,255382061.00463867,78705024.71923828
6548,6548,6554,19800.0,66,79530143.73779297,75046920.77636719,234038257.59887692,78616333.0078125
6549,6549,6555,19800.0,66,78217792.51098633,72184467.31567383,245697212.21923828,77621841.43066406
6550,6550,6556,19592.0,69,81531200.40893555,71172428.13110352,257407913.2080078,73493408.203125
6551,6551,6557,19940.0,71,68641122.81799316,71369296.07391357,234317077.63671875,74583147.0489502
6552,6552,6558,19760.0,66,79507064.81933594,71222381.59179688,274807415.0085449,75406703.94897461
6553,6553,6559,18979.0,79,76313074.11193848,70688752.17437744,231155488.0142212,74239166.25976562
6554,6554,6560,18922.0,70,78303921.69952393,69821111.67907715,204397596.35925293,73478002.54821777
6555,6555,6561,19985.0,98,74801188.4689331,70433314.3234253,204750811.5768433,72712514.87731934
6556,6556,6562,19684.0,89,72014689.4454956,69455486.29760742,225421839.7140503,71773412.70446777
6557,6557,6563,19512.0,75,76743463.51623535,70084069.25201416,224781896.5911865,73265213.01269531
6558,6558,6564,19313.0,73,76323699.95117188,67656163.2156372,228392782.2113037,69844548.22540283
6559,6559,6565,19754.0,74,63957147.5982666,66947584.15222168,191118877.41088867,68369112.96844482
6560,6560,6566,20284.0,74,81050277.70996094,69007646.56066895,277098829.2694092,71431184.76867676
6561,6561,6567,20100.0,68,84908618.92700195,71247596.74072266,247349853.515625,79686470.03173828
6562,6562,6568,20100.0,67,92698287.9638672,77622699.73754883,237882041.93115237,79888629.91333008
6563,6563,6569,20100.0,68,75666870.1171875,70525560.37902832,237083129.8828125,78656570.43457031
6564,6564,6570,20100.0,67,93682193.75610352,78375720.9777832,256674957.27539065,81175231.93359375
6565,6565,6571,20100.0,68,90415726.66168211,78383731.84204102,251848966.59851077,80631013.87023926
6566,6566,6572,20021.0,67,82819301.60522461,78720003.12805176,273888376.2359619,81093657.49359131
6567,6567,6573,20138.0,68,81367436.40899658,74004446.02966309,258504702.5680542,81609237.67089844
6568,6568,6574,20087.0,68,85701696.39587402,74655092.23937988,248545761.10839844,78576343.53637695
6569,6569,6575,20154.0,68,99720548.62976074,75881080.6274414,274883079.5288086,78154569.62585449
6570,6570,6576,20100.0,67,106445503.23486328,75732994.07958984,318408966.0644531,79714965.8203125
6571,6571,6577,20100.0,69,96847007.75146484,76176183.70056152,250196689.6057129,83081781.3873291
6572,6572,6578,19990.0,67,99770011.90185548,80411987.3046875,249092063.9038086,83172874.4506836
6573,6573,6579,20160.0,68,85420761.10839844,75349254.6081543,249331817.62695312,80947723.38867188
6574,6574,6580,20150.0,69,89495025.63476562,76011894.22607422,333126827.23999023,79273754.11987305
6575,6575,6581,20100.0,67,107026863.09814452,77607822.41821289,257192802.4291992,79614830.01708984
6576,6576,6582,20085.0,67,97598075.86669922,74101924.89624023,277927150.7263184,81721687.31689453
6577,6577,6583,20115.0,68,86421275.13885498,75214977.2644043,290798721.31347656,80704765.31982422
6578,6578,6584,20100.0,68,89436183.92944336,77175853.72924805,235129205.70373532,79519763.9465332
6579,6579,6585,20100.0,68,84707794.18945312,72387542.72460938,272327819.82421875,79005031.58569336
6580,6580,6586,20070.0,67,96345176.69677734,74326286.31591797,343596439.36157227,79160156.25
6581,6581,6587,20130.0,68,86399230.95703125,78623027.80151367,255491809.8449707,82419719.69604492
6582,6582,6588,20100.0,67,95970439.91088869,79906082.15332031,253599643.7072754,82891845.703125
6583,6583,6589,20100.0,67,82065010.07080078,73880767.82226562,224617767.3339844,82080459.59472656
6584,6584,6590,20099.0,72,93598651.88598631,77861069.67926025,261705774.30725095,80752365.11230469
6585,6585,6591,20100.0,68,95161728.85894775,78957733.15429688,250785275.45928955,81785717.01049805
6586,6586,6592,19951.0,67,77934333.80126953,70663234.71069336,247019493.1030273,78036529.54101562
6587,6587,6593,20493.0,75,99137848.85406494,81679173.46954346,284185440.06347656,86251814.84222412
6588,6588,6594,20269.0,68,98758655.5480957,79614845.2758789,259076992.0349121,86223915.10009766
6589,6589,6595,20418.0,69,95572494.50683594,83194187.16430664,261688556.67114255,91930297.8515625
6590,6590,6596,20513.0,69,112453544.61669922,86440555.57250977,303914344.78759766,89711799.62158203
6591,6591,6597,20178.0,69,88528503.41796875,77654935.83679199,263297415.7333374,89037136.07788086
6592,6592,6598,20622.0,71,89167423.24829102,84108310.69946289,282968131.06536865,94479173.66027832
6593,6593,6599,20400.0,68,102235221.86279295,89691066.74194336,298576068.8781738,95717811.58447266
6594,6594,6600,20400.0,69,88283746.71936035,85481434.82208252,253605663.29956052,95083808.89892578
6595,6595,6601,20373.0,69,90495500.5645752,84287245.75042725,252026027.67944336,93159617.42401125
6596,6596,6602,20349.0,73,77154232.02514648,76109115.60058594,245662548.06518555,87381441.11633301
6597,6597,6603,20481.0,71,81712652.2064209,85983257.29370117,289660224.9145508,92988197.32666016
6598,6598,6604,20403.0,73,100519972.8012085,89147872.92480469,260386607.17010495,91863381.38580322
6599,6599,6605,20283.0,68,99706289.29138184,87512420.65429688,259938411.71264648,93372768.4020996
6600,6600,6606,20517.0,73,89602742.1951294,73628154.75463867,247124172.21069336,80782651.90124512
6601,6601,6607,20400.0,69,88338249.20654297,79820037.84179688,247490779.87670895,88179428.10058594
6602,6602,6608,20400.0,69,99881577.49176024,86615137.10021973,254942546.8444824,90872053.1463623
6603,6603,6609,20400.0,69,96837215.42358398,84050970.07751465,287814331.0546875,91704463.95874023
6604,6604,6610,20295.0,73,95941580.7723999,83177770.61462402,251578704.8339844,90236168.86138916
6605,6605,6611,20508.0,70,100114646.9116211,85875808.71582031,306617378.2348633,89853809.35668945
6606,6606,6612,20370.0,68,117663971.90093994,87634037.01782227,282926731.10961914,89705635.07080078
6607,6607,6613,20323.0,80,97919417.38128662,78321745.87249756,314495092.3919678,87576519.96612549
6608,6608,6614,20519.0,70,101519763.9465332,82272466.6595459,353257293.7011719,87962564.46838379
6609,6609,6615,20211.0,68,98999904.63256836,78962898.25439453,289911743.1640625,86202068.32885742
6610,6610,6616,20215.0,71,77807395.9350586,75707447.05200195,239484077.45361328,83435562.13378906
6611,6611,6617,20104.0,72,95043613.43383788,79136890.41137695,235236236.5722656,81451379.77600098
6612,6612,6618,20232.0,74,89542762.75634766,73371657.371521,325059061.05041504,80771624.56512451
6613,6613,6619,20373.0,70,79661310.19592285,74246086.12060547,247001720.4284668,79810972.21374512
6614,6614,6620,20496.0,72,73188404.08325195,71629762.64953613,240802730.56030276,79130210.87646484
6615,6615,6621,20395.0,74,67634690.284729,71426578.52172852,225947084.42687988,76377771.37756348
6616,6616,6622,20426.0,73,76390895.84350586,82080891.6091919,224074085.2355957,84802969.93255615
6617,6617,6623,20381.0,84,82334386.82556152,82157119.75097656,270073281.288147,86350666.04614258
6618,6618,6624,20544.0,73,91892186.16485596,85929882.04956055,301577250.48065186,88412111.28234863
6619,6619,6625,20104.0,69,81791679.38232422,86415565.49072266,230388580.3222656,88786449.43237305
6620,6620,6626,20100.0,67,84757232.66601562,87535285.94970703,284050083.1604004,89478778.83911133
6621,6621,6627,20280.0,70,80501199.72229004,82441297.53112793,265752635.95581052,88886968.6126709
6622,6622,6628,20689.0,74,99853929.51965332,91333728.7902832,331904979.70581055,103700438.49945068
6623,6623,6629,20827.0,72,122051155.09033205,94906384.4680786,368765964.50805664,102643937.11090088
6624,6624,6630,20694.0,69,125235408.78295898,98299633.02612305,474183963.7756348,103357955.9326172
6625,6625,6631,20376.0,75,111253314.97192384,92814499.8550415,287298811.9125366,95950921.0586548
6626,6626,6632,20064.0,70,109446601.86767578,89260037.42218018,268815322.87597656,96065956.11572266
6627,6627,6633,20135.0,69,91407268.52416992,77799347.87750244,291052963.25683594,89488524.43695068
6628,6628,6634,20114.0,69,80868021.01135254,82158590.31677246,258268005.37109372,93916450.50048828
6629,6629,6635,20011.0,67,97980625.15258788,91654205.32226562,284776773.4527588,96730598.44970705
6630,6630,6636,19926.0,71,104907871.24633788,94856019.02008057,309885906.2194824,98577740.66925047
6631,6631,6637,20036.0,76,90224361.41967772,78415989.87579346,291164608.001709,91975903.51104736
6632,6632,6638,20304.0,72,81284120.55969238,84608256.34002686,256550521.85058597,93659005.1651001
6633,6633,6639,20100.0,69,85953254.69970703,78269882.20214844,290491886.138916,88776798.24829102
6634,6634,6640,20104.0,80,72665027.6184082,70349314.68963623,279266201.0192871,84991854.66766357
6635,6635,6641,20460.0,72,97061622.6196289,84264970.77941895,307013858.795166,87882357.59735107
6636,6636,6642,20214.0,70,107637761.11602785,84612827.30102539,803686848.6404419,88215694.42749023
6637,6637,6643,20666.0,72,102597877.5024414,79185363.76953125,326317708.9691162,90537963.8671875
6638,6638,6644,20292.0,70,89254207.61108398,72849830.6274414,225280319.2138672,78855266.57104492
6639,6639,6645,20403.0,69,95328231.81152344,83324707.03125,271876258.85009766,90719249.7253418
6640,6640,6646,20505.0,71,93010527.6107788,83259315.49072266,301776393.89038086,90295167.92297363
6641,6641,6647,20400.0,69,105740102.76794434,86763095.85571289,312013839.7216797,91611957.55004884
6642,6642,6648,20108.0,71,95489164.352417,79193769.45495605,267773541.4505005,87165125.8468628
6643,6643,6649,20244.0,69,103311790.4663086,76813190.46020508,291361671.4477539,88068195.34301758
6644,6644,6650,20100.0,67,117853546.14257812,86010074.61547852,299719905.8532715,90581130.98144533
6645,6645,6651,20100.0,67,110101318.359375,80326366.42456055,301058292.388916,90666389.46533205
6646,6646,6652,20100.0,69,90809783.93554688,79828777.31323242,273624347.6867676,91612518.31054688
6647,6647,6653,20100.0,67,111985301.97143556,88847637.17651367,345030784.6069336,90932178.49731444
6648,6648,6654,19643.0,71,96923588.75274658,77004759.78851318,349820125.579834,81861314.77355957
6649,6649,6655,20044.0,92,81971348.7625122,70323985.09979248,257628990.17333984,77400562.28637695
6650,6650,6656,19643.0,106,85455751.41906738,69400615.69213867,249050589.5614624,75861427.3071289
6651,6651,6657,19733.0,69,72893753.05175781,68890526.77154541,233567752.8381348,76047255.51605225
6652,6652,6658,19794.0,77,95740566.25366212,75538950.92010498,236893215.17944336,77483135.22338867
6653,6653,6659,20159.0,85,93116641.99829102,74715292.93060303,246982137.6800537,76936087.6083374
6654,6654,6660,20125.0,83,84735763.54980469,70636273.38409424,248936188.6978149,80447853.0883789
6655,6655,6661,20215.0,69,113945331.57348631,81530914.30664062,333499526.97753906,85093593.59741211
6656,6656,6662,19975.0,67,103460216.5222168,76961135.86425781,320946311.9506836,84280490.87524414
6657,6657,6663,20225.0,69,108229129.79125977,81477394.1040039,299394393.92089844,87461273.19335938
6658,6658,6664,20048.0,68,101030220.03173828,80364089.96582031,343032768.2495117,88487045.28808594
6659,6659,6665,19997.0,68,105660255.4321289,83150806.42700195,327342823.02856445,88809486.38916016
6660,6660,6666,19898.0,74,102174832.34405518,79263353.34777832,254537854.1946411,82213372.23052979
6661,6661,6667,19396.0,74,70549750.32806396,67596836.09008789,235280364.9902344,76007385.25390625
6662,6662,6668,20283.0,94,76099501.60980225,76450374.60327148,303334392.5476074,81093762.39776611
6663,6663,6669,20313.0,74,89515161.51428223,76950530.05218506,271793838.50097656,79999559.40246582
6664,6664,6670,19998.0,69,100916256.90460204,74806351.66168213,255614305.49621585,76822951.3168335
6665,6665,6671,20191.0,72,99892119.4076538,76820052.14691162,257431964.8742676,81493614.19677734
6666,6666,6672,19915.0,70,102222634.31549072,79217222.21374512,241252691.2689209,82640666.96166992
6667,6667,6673,19775.0,67,98658919.33441162,79108316.42150879,268092694.2825317,83588317.87109375
6668,6668,6674,19724.0,82,79815745.35369873,69254781.72302246,232043749.80926517,71834622.38311768
6669,6669,6675,19800.0,67,77809597.01538086,69066532.13500977,239681114.1967773,71696666.7175293
6670,6670,6676,19641.0,77,78004776.95465088,69290318.4890747,230348027.22930908,72550477.98156738
6671,6671,6677,19549.0,68,100573678.97033691,79234905.24291992,258746757.50732425,83167800.90332031
6672,6672,6678,19674.0,71,98637214.66064452,78942084.31243896,273016715.04974365,81453209.87701416
6673,6673,6679,19605.0,71,83250246.04797363,68447014.80865479,224629061.6989136,73008003.23486328
6674,6674,6680,19500.0,65,79853153.22875977,66366291.04614258,219749164.58129883,69472217.55981445
6675,6675,6681,19469.0,65,82850139.61791992,64256261.82556152,255249361.99188232,67714321.13647461
6676,6676,6682,19406.0,78,81081844.32983398,62948410.987854,241296302.79541016,67064399.71923828
6677,6677,6683,19862.0,76,86290613.17443848,65028470.99304199,241670671.4630127,68411959.64813232
6678,6678,6684,19538.0,68,77575880.05065918,64561771.392822266,204587947.84545895,68873950.95825195
6679,6679,6685,19520.0,72,84281269.07348633,65553545.95184326,241127666.47338867,69167388.91601562
6680,6680,6686,19206.0,66,82925065.04058838,65288393.9743042,215136774.06311035,67156365.39459229
6681,6681,6687,19786.0,74,83036527.63366699,64165589.33258057,250352498.0545044,68897953.98712158
6682,6682,6688,19494.0,75,88545074.46289062,70052765.84625244,266807422.63793945,77759564.39971924
6683,6683,6689,19384.0,65,91171772.00317384,68697887.4206543,337613182.0678711,73989585.87646484
6684,6684,6690,20019.0,69,100329387.66479492,75714745.52154541,268632129.66918945,79169785.49957275
6685,6685,6691,19697.0,67,94105846.4050293,72990970.61157227,315619388.58032227,76723754.8828125
6686,6686,6692,19623.0,74,78972876.54876709,64290630.34057617,225285631.1798096,66624620.43762207
6687,6687,6693,20066.0,90,87852083.20617676,64716321.94519043,260777117.729187,70299704.55169678
6688,6688,6694,20150.0,72,102659933.09020996,71398625.37384033,262652586.93695068,76935253.14331055
6689,6689,6695,20174.0,73,94402897.83477785,69756991.38641357,280516963.0050659,77247862.81585693
6690,6690,6696,19856.0,76,97312793.73168944,68335989.9520874,238314217.56744385,73165715.21759033
6691,6691,6697,19022.0,77,77299152.37426758,58667988.777160645,234812518.119812,61375512.12310791
6692,6692,6698,18868.0,69,82124395.3704834,59605053.90167236,206859768.86749268,61058874.13024902
6693,6693,6699,18900.0,64,84027800.55999756,59711197.85308838,222684523.5824585,62070329.666137695
6694,6694,6700,18932.0,68,85589305.87768555,60423624.992370605,259776565.5517578,61680628.77655029
6695,6695,6701,20157.0,76,86699548.72131348,62415447.23510742,229541229.24804688,64675817.48962402
6696,6696,6702,19701.0,67,84247535.7055664,61529800.41503906,232582180.02319336,64206298.828125
6697,6697,6703,19899.0,67,82383659.36279297,62873165.130615234,274245706.55822754,65558521.27075195
6698,6698,6704,19990.0,73,78321786.88049316,62827404.97589111,254555559.1583252,68909466.74346924
6699,6699,6705,20100.0,67,81792640.68603516,60574150.08544922,291010665.8935547,67351341.2475586
6700,6700,6706,20100.0,68,89756858.8256836,57910251.61743164,259847953.79638672,64191055.29785156
6701,6701,6707,20100.0,67,81732559.20410156,56599044.79980469,248228931.42700195,62019538.87939453
6702,6702,6708,20072.0,68,75202276.2298584,55696163.17749024,252694791.79382324,59661685.94360352
6703,6703,6709,19806.0,101,76826421.7376709,52030588.150024414,240866113.66271973,54580686.56921387
6704,6704,6710,19913.0,85,67059815.40679932,52227727.89001465,243019774.43695068,56689929.9621582
6705,6705,6711,20472.0,75,81078159.33227539,56763997.077941895,267774810.7910156,65217171.66900635
6706,6706,6712,20910.0,82,83766769.40917969,63496450.424194336,303888536.4532471,72353829.3838501
6707,6707,6713,20700.0,70,88839580.53588867,63676834.10644531,268261489.8681641,70802680.96923828
6708,6708,6714,20596.0,69,82798031.8069458,61340770.72143555,291308181.7626953,70863292.6940918
6709,6709,6715,20523.0,88,80744397.16339111,57449850.08239746,263324797.6303101,66272256.85119629
6710,6710,6716,20958.0,77,95501960.75439452,64318775.17700195,405359817.5048828,75559975.62408447
6711,6711,6717,20110.0,89,84893232.34558105,58682374.95422363,256581383.7051392,66043948.17352295
6712,6712,6718,19785.0,72,80762780.18951416,58006777.7633667,266595384.59777832,64999173.16436768
6713,6713,6719,19800.0,66,81772041.32080078,59103870.3918457,247575187.68310547,65621566.77246094
6714,6714,6720,19800.0,66,91476345.06225586,59100723.26660156,260858345.03173828,66847801.208496094
6715,6715,6721,19800.0,66,92302036.2854004,61544322.9675293,237054347.99194336,67812824.24926758
6716,6716,6722,19685.0,66,96608152.38952637,64455461.5020752,257285375.5950928,69127759.93347168
6717,6717,6723,19915.0,68,94540282.24945068,66077472.68676758,252411949.15771484,74044282.91320801
6718,6718,6724,19800.0,66,92763519.28710938,68119239.8071289,261202812.19482425,73886775.97045898
6719,6719,6725,19800.0,66,91198539.73388672,68832778.93066406,255297660.82763672,75138473.51074219
6720,6720,6726,19800.0,66,93513107.29980467,69600963.5925293,270273971.5576172,76502895.35522461
6721,6721,6727,19800.0,66,85803794.86083984,67901802.06298828,243805789.94750977,74251270.29418945
6722,6722,6728,19800.0,66,92457103.72924805,70987415.3137207,253080368.0419922,77391529.08325195
6723,6723,6729,19800.0,66,85465621.94824219,69428730.01098633,276356792.4499512,78372001.64794922
6724,6724,6730,19800.0,66,77233314.51416016,66605758.66699219,270959472.65625,74477577.20947266
6725,6725,6731,19800.0,66,70943641.66259766,62669277.19116211,248001194.0002441,71148777.00805664
6726,6726,6732,19800.0,66,72786140.44189453,61225318.908691406,220701599.12109372,67383098.60229492
6727,6727,6733,19800.0,66,73111438.7512207,61146068.57299805,248163127.89916992,66374874.11499024
6728,6728,6734,19675.0,66,76021265.98358154,61438560.48583984,261020374.2980957,67120265.96069336
6729,6729,6735,19874.0,67,70074664.11590576,60340293.884277344,265040604.59136963,66710456.84814453
6730,6730,6736,19851.0,68,73076144.21844482,59747890.47241211,261634759.9029541,66596237.18261719
6731,6731,6737,19800.0,67,85477539.0625,60295745.849609375,305578998.5656738,66306243.896484375
6732,6732,6738,19800.0,66,90860080.71899414,61872482.29980469,249502658.8439941,67619705.20019531
6733,6733,6739,19800.0,67,96813551.902771,63204889.29748535,277027404.78515625,69264896.39282227
6734,6734,6740,19800.0,66,92941761.0168457,66049575.80566406,233252906.7993164,70932197.57080078
6735,6735,6741,19800.0,66,98733043.6706543,69301700.59204102,270247650.1464844,74557971.9543457
6736,6736,6742,19800.0,66,99520111.08398438,70672130.5847168,254199314.11743164,75762748.71826172
6737,6737,6743,19679.0,66,98498258.59069824,71039432.52563477,237214302.06298828,75347263.33618164
6738,6738,6744,19928.0,80,97599528.3126831,70355111.12213135,253426598.5488892,74359812.73651123
6739,6739,6745,19800.0,67,98867809.2956543,71870610.23712158,248394189.83459476,77005571.36535645
6740,6740,6746,19675.0,66,99303054.80957033,73029232.02514648,207555198.6694336,77158641.81518555
6741,6741,6747,19510.0,69,100426795.95947266,72212959.28955078,241660087.5854492,75800645.82824707
6742,6742,6748,19500.0,65,99771308.89892578,73519706.72607422,205119323.73046875,76914882.65991211
6743,6743,6749,19225.0,67,98597976.68457033,72205695.15228271,254283119.20166016,77873764.99176025
6744,6744,6750,19308.0,65,101808883.6669922,72647701.26342773,237495471.9543457,77880889.89257812
6745,6745,6751,19200.0,65,101170025.82550047,71462791.4428711,247983289.71862796,76282012.93945312
6746,6746,6752,19200.0,65,98638359.06982422,71219387.05444336,232624588.0126953,76473602.29492188
6747,6747,6753,19215.0,65,97990179.06188963,72451143.26477051,310687980.65185547,76847333.90808105
6748,6748,6754,19496.0,109,76570670.12786865,70388561.2487793,261064705.84869385,75397199.6307373
6749,6749,6755,18580.0,81,57038671.49353027,55300298.6907959,204305453.30047607,60477353.0960083
6750,6750,6756,19542.0,84,68496777.53448486,52220350.26550293,219482629.77600095,57811778.06854248
6751,6751,6757,19636.0,89,68907447.8149414,49697696.685791016,211453470.2301025,54847573.28033447
6752,6752,6758,21082.0,86,76492301.94091797,59339436.531066895,252408813.4765625,69315545.08209229
6753,6753,6759,20352.0,69,97130303.38287354,62846748.35205078,254627050.39978027,70140277.86254883
6754,6754,6760,20448.0,69,98627483.36791992,68188899.99389648,260630619.04907227,72449535.36987305
6755,6755,6761,19960.0,69,78419960.02197266,58739379.8828125,250236640.93017575,68129343.03283691
6756,6756,6762,20222.0,79,81911010.7421875,59774526.596069336,226261051.1779785,64309726.71508789
6757,6757,6763,20106.0,80,77281836.50970459,57334428.787231445,242284083.36639404,61341856.00280762
6758,6758,6764,19966.0,85,90613253.59344482,61297217.36907959,274680278.7780762,65267957.68737793
6759,6759,6765,19735.0,74,84296554.56542969,59139457.70263672,251290921.21124268,64679230.69000244
6760,6760,6766,20298.0,78,91716605.1864624,66810183.52508545,255934907.913208,71685291.2902832
6761,6761,6767,19495.0,69,90689888.9541626,66206134.79614258,239490634.9182129,69374095.91674805
6762,6762,6768,19334.0,71,79880002.02178955,55607559.20410156,231969548.22540283,58108296.39434815
6763,6763,6769,19817.0,73,79043340.6829834,59466441.15447998,208722635.26916504,62365620.61309815
6764,6764,6770,19625.0,88,79212906.83746338,59087700.84381104,192796113.0142212,61499883.6517334
6765,6765,6771,20195.0,85,83240685.46295166,60937085.15167236,231575807.57141116,65668190.95611572
6766,6766,6772,20095.0,76,74384389.87731934,60015455.24597168,338798849.10583496,66747560.50109863
6767,6767,6773,19724.0,67,82650037.76550293,61638063.43078613,262295036.315918,66068252.56347656
6768,6768,6774,19504.0,88,87099207.8781128,62395595.55053711,240519233.70361328,66007328.98712158
6769,6769,6775,19200.0,64,77140045.16601562,62582588.19580078,187506866.45507807,65656757.35473633
6770,6770,6776,19200.0,67,77986862.18261719,62400337.21923828,216607147.21679688,66020603.17993164
6771,6771,6777,19181.0,71,82782162.6663208,62727361.67907715,261085416.79382324,65968726.15814209
6772,6772,6778,19624.0,67,82166928.2913208,62128773.68927002,209594387.05444336,67117364.88342285
6773,6773,6779,19500.0,65,87254905.7006836,64836502.07519531,219380378.72314453,67545032.5012207
6774,6774,6780,19500.0,65,85395526.88598633,63718414.30664063,216864967.3461914,70522212.98217773
6775,6775,6781,19216.0,69,87792092.32330322,69465640.0680542,225303991.31774905,71669653.89251709
6776,6776,6782,19149.0,64,88537090.30151367,69069396.97265625,234122211.45629883,72409927.36816406
6777,6777,6783,19251.0,65,86542925.83465576,69150627.13623047,227949156.76116943,73241031.64672852
6778,6778,6784,19200.0,65,81807260.51330566,65292549.13330078,252497882.8430176,70380210.87646484
6779,6779,6785,19200.0,64,87356758.11767578,66171169.28100586,242598438.26293945,69782924.65209961
6780,6780,6786,19200.0,64,80964374.54223633,67856311.7980957,229630565.64331052,71790790.55786133
6781,6781,6787,19200.0,64,82168579.1015625,67314147.94921875,203934574.12719727,70067310.33325195
6782,6782,6788,19149.0,64,91925605.77392578,68447911.2625122,226833618.1640625,71380090.71350098
6783,6783,6789,18984.0,70,83580322.265625,66950465.20233154,221426391.6015625,68609972.00012207
6784,6784,6790,18900.0,63,81574344.63500977,66019535.06469727,198125553.13110352,68845367.43164062
6785,6785,6791,18900.0,63,89969730.37719727,66842937.46948242,239165496.82617188,70295047.76000977
6786,6786,6792,19223.0,69,86225751.87683105,66297769.54650879,205109123.22998047,69271997.45178223
6787,6787,6793,19032.0,64,80047313.69018555,66288619.99511719,226483543.3959961,70020366.66870117
6788,6788,6794,18505.0,68,79564258.57543945,65001332.28302002,254824657.44018555,68265978.81317139
6789,6789,6795,19139.0,66,86722180.36651611,67882252.69317627,223506164.55078125,70643489.83764648
6790,6790,6796,19107.0,93,81660676.00250244,67294777.87017822,202639400.48217773,70562806.12945557
6791,6791,6797,18960.0,90,89409014.70184326,67316410.06469727,231572241.7831421,69610330.58166504
6792,6792,6798,19301.0,80,87375401.4968872,65912191.39099121,253650156.02111816,70362053.87115479
6793,6793,6799,18884.0,79,78432961.46392822,64854328.15551758,204500088.69171143,67748047.82867432
6794,6794,6800,18803.0,81,90727075.57678224,69231409.07287598,257266755.1040649,72596147.53723145
6795,6795,6801,19346.0,70,92539856.91070557,69884016.0369873,221542930.6030273,73571105.00335693
6796,6796,6802,19200.0,65,91034362.79296876,70176216.12548828,267768989.56298828,74561405.18188477
6797,6797,6803,19200.0,64,81974315.64331055,68800735.47363281,250797557.83081052,72618198.39477539
6798,6798,6804,19200.0,64,93409538.26904295,68782424.92675781,277951240.5395508,73262214.66064453
6799,6799,6805,19016.0,68,85763731.95648193,68147837.63885498,242527688.02642825,71693553.92456055
6800,6800,6806,18900.0,63,77978324.89013672,66223526.00097656,237982749.93896484,69685935.9741211
6801,6801,6807,18900.0,63,89217853.54614258,67357921.6003418,227194118.49975583,70206069.94628906
6802,6802,6808,18677.0,72,78768147.4685669,65591353.41644287,263884522.4380493,70928730.01098633
6803,6803,6809,18467.0,79,74226519.58465576,63097659.11102295,250219306.9458008,67201160.4309082
6804,6804,6810,18012.0,63,86873785.97259521,63990236.28234863,245603240.96679688,67997967.72003174
6805,6805,6811,18257.0,63,79055438.99536133,64367207.527160645,214604600.90637207,67918752.67028809
6806,6806,6812,18465.0,72,80164476.39465332,63283409.11865234,214918958.66394043,66630490.30303955
6807,6807,6813,19172.0,80,81777355.1940918,62843538.28430176,293656612.39624023,66440357.20825195
6808,6808,6814,20058.0,83,71305859.56573486,59685633.65936279,220339524.269104,63193424.22485352
6809,6809,6815,19923.0,80,76356170.65429688,59256504.05883789,224277838.7069702,61929751.3961792
6810,6810,6816,19819.0,88,80841448.78387451,57974905.9677124,277016664.5050049,60848355.293273926
6811,6811,6817,19981.0,68,79094696.04492188,59030227.66113281,226273582.4584961,62836200.71411133
6812,6812,6818,19800.0,66,79451465.60668945,58418655.39550781,218178749.08447263,61202144.622802734
6813,6813,6819,19380.0,72,72319673.53820801,58107302.66571045,222067500.1144409,61013234.13848877
6814,6814,6820,19586.0,78,82437545.77636719,60003096.58050537,249262068.7484741,62547761.91711426
6815,6815,6821,20088.0,74,78289959.90753174,60107213.02032471,246185149.1928101,63817092.89550781
6816,6816,6822,20100.0,68,83642517.08984375,59290122.98583984,248503520.96557617,62170114.51721192
6817,6817,6823,19826.0,75,73047354.69818115,59953256.607055664,224074552.53601077,62516838.07373047
6818,6818,6824,20002.0,70,75413306.23626709,60612676.6204834,245677537.9180908,63657774.92523193
6819,6819,6825,20026.0,71,82533744.81201172,61280915.26031494,242741147.99499512,65009279.25109863
6820,6820,6826,19631.0,75,79117937.0880127,60679949.76043701,267247564.3157959,64783699.98931885
6821,6821,6827,19325.0,68,74563884.73510742,60956001.28173828,229434013.3666992,63488620.75805664
6822,6822,6828,19153.0,64,75724559.78393555,58992916.10717773,218287265.7775879,61990192.41333008
6823,6823,6829,19247.0,65,71932106.0180664,59243755.34057617,244134719.8486328,61683994.29321289
6824,6824,6830,19235.0,74,75702591.89605713,58637643.814086914,270819309.23461914,61429191.58935547
6825,6825,6831,19461.0,73,84288288.11645508,59725743.29376221,245124610.9008789,63051884.65118408
6826,6826,6832,19429.0,71,76803224.56359863,60008070.94573975,269165749.5498657,63161237.716674805
6827,6827,6833,19437.0,71,69025774.0020752,59086883.54492188,225034599.3041992,61976826.667785645
6828,6828,6834,19794.0,110,81704670.9060669,59546491.622924805,202604298.59161377,62283680.91583252
6829,6829,6835,19739.0,104,77439954.75769043,60033660.88867188,230967098.236084,62740928.64990234
6830,6830,6836,19596.0,76,76311092.37670898,59859255.79071045,212830926.8951416,61886900.90179443
6831,6831,6837,19500.0,65,79567337.03613281,59999370.57495117,219910526.2756348,62153434.75341797
6832,6832,6838,19212.0,68,74915759.08660889,60035021.78192139,248090290.06958008,62601073.26507568
6833,6833,6839,19200.0,64,76142692.56591797,60924625.39672852,205581092.83447263,62883567.810058594
6834,6834,6840,19283.0,79,79184003.82995605,60378037.45269776,248319422.7218628,64580503.46374512
6835,6835,6841,19427.0,96,79204798.6984253,61128229.14123535,238888321.87652588,64473191.261291504
6836,6836,6842,19415.0,98,84080206.87103271,61470073.69995117,258758094.7875977,64334749.22180176
6837,6837,6843,19396.0,92,86202488.89923096,61394743.91937256,224486063.00354004,63576168.060302734
6838,6838,6844,19439.0,96,59740548.1338501,58764896.392822266,205757706.64215088,63718875.885009766
6839,6839,6845,19449.0,100,60758596.420288086,54574009.89532471,207680427.55126956,58082561.49291992
6840,6840,6846,19902.0,113,61047754.28771973,52235845.5657959,213129113.19732663,55409225.46386719
6841,6841,6847,19907.0,116,63890964.50805664,53895103.45458984,249754687.30926517,57372042.65594482
6842,6842,6848,19678.0,83,71300423.62213135,55062703.1326294,280853483.20007324,58979637.145996094
6843,6843,6849,20612.0,72,100994422.91259766,60656173.70605469,359881057.7392578,64494110.10742188
6844,6844,6850,19676.0,72,67462493.89648438,52571434.97467041,241016716.003418,57173448.56262207
6845,6845,6851,19974.0,69,72784389.49584961,55714218.13964844,243054313.659668,58724777.22167969
6846,6846,6852,19885.0,67,66462879.1809082,59345092.7734375,236060409.54589844,63686294.55566406
6847,6847,6853,19800.0,66,56234550.47607422,59600257.87353516,211988353.72924805,62161159.51538086
6848,6848,6854,19800.0,67,60682945.25146485,59864860.53466797,231751277.923584,62282104.4921875
6849,6849,6855,19687.0,67,54848335.26611328,59134628.29589844,201206821.4416504,61549880.98144531
6850,6850,6856,20189.0,81,67673879.62341309,65862123.48937988,260839684.4863892,71520365.71502686
6851,6851,6857,20167.0,68,74504060.74523926,67593748.09265137,237895679.47387692,70684396.74377441
6852,6852,6858,19981.0,67,50923268.31817627,60729059.21936035,203876190.18554688,67676090.24047852
6853,6853,6859,20219.0,71,66900334.35821533,68360702.51464844,251629250.52642825,72300655.36499023
6854,6854,6860,19809.0,73,53707472.801208496,59599308.96759033,255061800.00305176,64138195.99151611
6855,6855,6861,19932.0,68,63622661.59057617,57354370.1171875,198075557.70874023,59452590.94238281
6856,6856,6862,19800.0,66,58361721.03881836,58155441.28417969,226660823.82202148,64605331.42089844
6857,6857,6863,19913.0,71,79507610.32104492,62728885.650634766,233280391.69311523,67189921.37908936
6858,6858,6864,20198.0,69,89876556.39648438,70756023.40698242,251874015.80810547,73887397.76611328
6859,6859,6865,19723.0,72,48282203.674316406,62002936.363220215,242004733.08563232,64258016.58630371
6860,6860,6866,20146.0,74,85778278.35083008,68278947.8302002,240862305.64117432,73285531.99768066
6861,6861,6867,19870.0,79,83210912.70446777,68593293.19000244,227398847.57995605,71223330.4977417
6862,6862,6868,19767.0,84,83304463.38653564,69836843.49060059,253446706.7718506,72668251.03759766
6863,6863,6869,19612.0,118,69105707.1685791,61451134.68170166,247585262.298584,67576870.91827393
6864,6864,6870,20361.0,124,77458190.91796875,71230833.05358887,255930646.8963623,76448249.81689453
6865,6865,6871,19816.0,85,69458008.76617432,68280743.59893799,263210376.73950195,71655646.32415771
6866,6866,6872,19439.0,80,63450594.902038574,64305972.0993042,223060967.44537356,67688783.64562988
6867,6867,6873,20115.0,90,75905888.55743408,72132367.13409424,283295781.1355591,81226353.6453247
6868,6868,6874,20389.0,70,73263935.08911133,70969306.94580078,262296474.4567871,80236915.5883789
6869,6869,6875,20774.0,82,83115706.44378662,74662964.82086182,343484214.78271484,83661160.46905518
6870,6870,6876,20717.0,74,105067735.67199709,79491351.12762451,303577518.4631348,83564085.00671387
6871,6871,6877,20750.0,70,76564979.55322266,72957229.61425781,281999349.5941162,83058452.60620117
6872,6872,6878,20762.0,86,80009969.71130371,69071567.53540039,294431352.61535645,80966056.82373047
6873,6873,6879,21109.0,72,93482170.10498048,81422861.09924316,360115711.2121582,91532010.07843018
6874,6874,6880,20910.0,74,87664415.35949707,78820350.64697266,307008205.4138184,87176975.25024414
6875,6875,6881,20555.0,80,78439043.04504395,77415408.13446045,290420965.19470215,81992370.60546875
6876,6876,6882,20851.0,88,78385515.2130127,75343121.52862549,257716135.0250244,82430167.19818115
6877,6877,6883,20712.0,78,71013507.84301758,71243516.92199707,265753866.1956787,77859223.36578369
6878,6878,6884,20496.0,69,80335987.09106445,72591070.1751709,301605300.9033203,79147769.92797852
6879,6879,6885,20837.0,78,80874908.44726562,77758318.90106201,330581491.4703369,84980210.30426025
6880,6880,6886,20766.0,74,71921331.40563965,70120096.20666504,258630760.1928711,79618199.3484497
6881,6881,6887,20700.0,70,63172683.71582031,75522663.11645508,220557254.79125977,79920696.25854492
6882,6882,6888,20696.0,70,89729511.26098633,76085937.5,359849258.4228516,80492919.921875
6883,6883,6889,20632.0,85,95375060.08148192,75357867.24090576,368100644.1116333,80940804.48150635
6884,6884,6890,20638.0,92,86927185.05859375,75827120.78094482,285769371.03271484,81211446.76208496
6885,6885,6891,20605.0,107,81990626.33514404,67725175.85754395,281932909.96551514,72706548.6907959
6886,6886,6892,20983.0,79,57025202.75115967,66774377.82287598,238911703.1097412,76989327.4307251
6887,6887,6893,20688.0,70,76028114.31884766,71716655.73120117,258546752.9296875,76204078.6743164
6888,6888,6894,20595.0,70,74100997.92480469,72053123.4741211,275362106.3232422,78001590.72875977
6889,6889,6895,20817.0,71,83755882.2631836,74038608.55102539,259886520.3857422,80313911.43798828
6890,6890,6896,20700.0,70,69329872.13134766,71397323.60839844,267794570.9228516,78832435.60791016
6891,6891,6897,20681.0,69,79397434.23461914,74215496.06323242,253169384.00268555,79832523.34594727
6892,6892,6898,20706.0,70,78713571.54846191,74049723.6251831,240590099.3347168,81356063.84277344
6893,6893,6899,20700.0,70,72337631.22558594,75676129.34112549,246323862.0758057,81764625.5493164
6894,6894,6900,20713.0,70,78988834.38110352,76696552.27661133,236484272.00317383,80313138.96179199
6895,6895,6901,20700.0,71,58459167.48046875,71731567.3828125,269535942.0776367,81612396.24023438
6896,6896,6902,20594.0,71,83064241.40930176,79758052.82592773,272549629.2114258,83534042.35839844
6897,6897,6903,20806.0,71,87167076.11083984,80902023.31542969,269425178.52783203,84691608.42895508
6898,6898,6904,20700.0,70,83123285.2935791,80818462.37182617,250519735.3363037,84375766.75415039
6899,6899,6905,20602.0,70,66094860.0769043,71201347.35107422,249450656.89086917,81794002.53295898
6900,6900,6906,20798.0,70,83032829.28466797,76762145.99609375,274927307.12890625,82655727.38647461
6901,6901,6907,20581.0,69,72034217.83447266,71796428.68041992,267316650.390625,78716144.56176758
6902,6902,6908,20670.0,73,69821088.79089355,72903664.58892822,233781543.73168945,79697214.12658691
6903,6903,6909,20695.0,72,67468253.13568115,69915615.08178711,257235526.0848999,80038160.32409668
6904,6904,6910,20849.0,72,73546014.7857666,76947910.30883789,260595277.78625488,83717453.00292969
6905,6905,6911,20678.0,70,75179561.61499023,78117563.24768066,248863704.68139648,83033229.82788086
6906,6906,6912,20727.0,71,78057483.6730957,78375608.44421387,256977085.1135254,83962501.5258789
6907,6907,6913,20700.0,69,79171371.45996094,78612327.5756836,282351779.93774414,83414554.59594727
6908,6908,6914,20700.0,69,72756958.0078125,77787494.65942383,281414222.7172852,83476638.79394531
6909,6909,6915,20600.0,69,69171428.68041992,70434093.4753418,273587989.8071289,81568908.69140625
6910,6910,6916,20688.0,71,80040673.25592041,76103164.67285156,293528839.1113281,83549751.28173828
6911,6911,6917,20730.0,70,75343643.18847656,75996791.83959961,281629047.3937988,82256832.12280273
6912,6912,6918,20782.0,71,67998550.41503906,74079723.3581543,277452064.51416016,84294322.9675293
6913,6913,6919,20700.0,69,77513408.66088867,77745437.62207031,284046936.03515625,83355045.31860352
6914,6914,6920,20700.0,69,80804729.46166992,80608463.28735352,256067848.2055664,82909584.04541016
6915,6915,6921,20700.0,70,80167675.01831055,77764644.62280273,253245277.4047852,83376636.50512695
6916,6916,6922,20700.0,69,71563911.43798828,74885559.08203125,285396766.66259766,83983325.95825195
6917,6917,6923,20607.0,72,77174071.31195068,70469513.89312744,296116273.8800049,82742982.86437988
6918,6918,6924,20673.0,71,108172531.12792967,81181603.43170166,359536102.2949219,87166780.47180176
6919,6919,6925,20731.0,72,77035480.49926758,71832397.4609375,280147178.64990234,83150775.90942383
6920,6920,6926,20577.0,71,76228404.9987793,75077955.24597168,262584634.7808838,81974025.72631836
6921,6921,6927,20912.0,72,93710533.14208984,86295249.93896484,290078605.65185547,92705108.64257812
6922,6922,6928,20672.0,69,80220001.22070312,83373603.82080078,314313980.10253906,90060062.40844727
6923,6923,6929,20606.0,70,82634849.54833984,72913322.44873047,314845432.28149414,84539199.82910156
6924,6924,6930,20765.0,73,80940334.32006836,69186584.47265625,524571491.2414551,81241443.6340332
6925,6925,6931,20527.0,70,102489084.2437744,79299182.8918457,304337482.4523926,85287239.07470703
6926,6926,6932,20930.0,73,91063531.87561037,75582511.90185547,322161108.0169678,88713935.85205078
6927,6927,6933,20559.0,76,71284071.92230225,69122922.89733887,244940789.2227173,82141171.4553833
6928,6928,6934,20844.0,71,103545928.95507812,83319923.4008789,345326606.7504883,88396850.5859375
6929,6929,6935,20700.0,70,85658855.43823242,80567493.4387207,287387294.7692871,85422992.70629883
6930,6930,6936,20700.0,70,81427040.10009766,73995265.96069336,265184249.8779297,80118675.2319336
6931,6931,6937,20561.0,71,76275395.39337158,66133702.27813721,282675138.47351074,74996891.97540283
6932,6932,6938,20765.0,75,95791269.30236816,74163694.38171387,359321046.82922363,83238662.71972656
6933,6933,6939,20738.0,75,96904261.5890503,78358573.91357422,326818073.2727051,84729371.07086182
6934,6934,6940,20732.0,74,99852996.82617188,81437458.03833008,281391567.2302246,85246458.05358887
6935,6935,6941,20703.0,75,79582551.00250244,71874865.53192139,310731817.2454834,85894594.19250488
6936,6936,6942,20700.0,69,100477123.26049805,77093410.49194336,340945529.93774414,82674980.16357422
6937,6937,6943,20658.0,71,101661867.14172363,73697338.10424805,357795740.1275635,81371133.80432129
6938,6938,6944,20705.0,72,96657344.81811523,76585868.83544922,297546787.2619629,85497787.47558594
6939,6939,6945,20728.0,71,95842201.23291016,78785863.87634277,350530494.6899414,85895699.5010376
6940,6940,6946,20599.0,81,101570027.3513794,80642472.26715088,397533798.21777344,86296011.92474365
6941,6941,6947,20780.0,74,97797121.04797363,80132246.97113037,299112804.4128418,85710778.23638916
6942,6942,6948,20581.0,70,91968106.26983644,76345323.56262207,313906676.29241943,84340147.01843262
6943,6943,6949,20772.0,77,89982995.03326416,71586865.42510986,280356413.8412476,81815386.77215576
6944,6944,6950,20500.0,76,98459869.38476562,70555233.00170898,322407939.9108887,79257299.42321777
6945,6945,6951,20746.0,96,113341966.62902832,78869469.64263916,370295690.536499,84698370.93353271
6946,6946,6952,20849.0,82,101164072.99041748,77134140.01464844,302460059.1659546,85415834.42687988
6947,6947,6953,20362.0,92,61465849.87640381,59075970.64971924,242526098.2513428,64014479.637146
6948,6948,6954,21024.0,77,104613494.87304688,77110877.99072266,346131375.3128052,83921083.45031738
6949,6949,6955,20635.0,71,110353088.37890624,74564090.72875977,377477787.0178223,80812286.37695312
6950,6950,6956,20519.0,72,86830112.45727539,72215446.47216797,328311943.0541992,84403701.78222656
6951,6951,6957,20946.0,72,105012546.53930664,81518215.17944336,319105613.7084961,89221420.28808594
6952,6952,6958,20700.0,72,104575166.70227052,79544493.67523193,330655496.59729004,88023015.02227783
6953,6953,6959,20700.0,69,109558868.40820312,82387161.25488281,326804924.01123047,87395095.82519531
6954,6954,6960,20583.0,71,86824768.06640625,70840511.32202148,288416805.267334,84037891.38793945
6955,6955,6961,20817.0,72,90349791.52679443,73740272.52197266,349588233.9477539,87310321.80786133
6956,6956,6962,20700.0,69,104515171.0510254,81156635.28442383,317008209.2285156,86621475.21972656
6957,6957,6963,20700.0,70,94302055.35888672,75393466.94946289,283542926.7883301,83234306.33544922
6958,6958,6964,20682.0,69,90797115.32592772,78002231.59790039,325253665.92407227,84157756.80541992
6959,6959,6965,20379.0,75,82583035.46905518,69654917.71697998,311180702.20947266,78347794.53277588
6960,6960,6966,20410.0,83,71527520.17974854,62070575.71411133,265256398.2009888,70820950.50811768
6961,6961,6967,19220.0,80,57594548.22540283,56780694.96154785,196605495.4528809,61256031.99005127
6962,6962,6968,20066.0,80,66100756.64520264,56061820.0302124,223484679.22210693,58967706.68029785
6963,6963,6969,19800.0,68,60315814.97192383,55066677.09350586,217093034.7442627,57927543.64013672
6964,6964,6970,19800.0,66,59186553.955078125,55462646.484375,188366889.95361328,57043361.66381836
6965,6965,6971,19741.0,66,63216776.84783936,55684083.93859863,214954924.58343503,58022642.13562012
6966,6966,6972,19789.0,67,58341810.22644043,55189369.20166016,188270919.7998047,57947031.02111816
6967,6967,6973,19817.0,68,59820360.18371582,55908462.52441406,223360212.3260498,59039951.32446289
6968,6968,6974,19853.0,68,54758150.10070801,57455795.28808594,206354955.67321777,59808155.05981445
6969,6969,6975,19707.0,71,83547416.68701172,59479578.97186279,330997863.76953125,66390122.41363525
6970,6970,6976,19609.0,69,87204433.44116211,64329940.79589844,231211578.36914065,68454780.57861328
6971,6971,6977,19718.0,86,72717904.09088135,65534869.19403076,224460402.4887085,68994796.75292969
6972,6972,6978,20023.0,75,71763441.08581543,62995311.73706055,217826377.86865237,67228693.00842285
6973,6973,6979,19783.0,66,74391899.10888672,61999740.60058594,224437592.5064087,64871063.23242188
6974,6974,6980,19802.0,70,82494140.625,57900916.09954834,227046493.53027344,62546018.60046387
6975,6975,6981,19811.0,68,80561408.99658203,59032730.10253906,227863201.14135745,63478275.299072266
6976,6976,6982,19664.0,68,73276879.31060791,61652112.96081543,222503499.9847412,63974269.86694336
6977,6977,6983,19913.0,71,74280651.0925293,62176792.14477539,226461307.5256348,64970430.37414551
6978,6978,6984,19800.0,66,71155643.46313477,62273311.61499024,211795234.68017575,63892936.70654297
6979,6979,6985,19681.0,66,69578729.6295166,62293413.162231445,213485088.34838867,64874015.80810547
6980,6980,6986,19919.0,69,78748409.27124023,62657186.50817871,244460638.04626465,66803579.330444336
6981,6981,6987,19800.0,67,90937553.40576172,66433685.302734375,261640674.59106445,70407848.3581543
6982,6982,6988,19800.0,66,89835262.29858398,70519638.06152344,219714832.3059082,74655818.93920898
6983,6983,6989,19668.0,66,88765583.03833008,71757293.70117188,231738407.13500977,75026561.73706055
6984,6984,6990,19826.0,67,89458206.17675781,71814281.46362305,238114097.59521484,75185501.09863281
6985,6985,6991,19769.0,67,84245098.11401367,72016006.46972656,250953042.9840088,75088294.98291016
6986,6986,6992,19280.0,70,92310228.34777832,70361749.64904785,226486259.4604492,73916513.44299316
6987,6987,6993,19205.0,65,85713114.73846436,69976906.77642822,232819819.4503784,73306279.18243408
6988,6988,6994,18758.0,68,88148783.68377686,69641668.31970215,221628405.5709839,72182654.38079834
6989,6989,6995,19096.0,74,86342731.47583008,70431077.003479,221571496.96350095,72403573.98986816
6990,6990,6996,19035.0,74,84630397.79663086,71169745.44525146,247355053.9016724,74533030.50994873
6991,6991,6997,19020.0,69,84159367.56134033,69965248.10791016,206326661.10992432,73567120.55206299
6992,6992,6998,19164.0,103,80785201.07269287,68812788.00964355,270075840.9500122,72011913.29956055
6993,6993,6999,18670.0,76,69601342.20123291,67192577.36206055,219981825.82855225,70092931.74743652
6994,6994,7000,18544.0,68,73961408.6151123,66885499.00054932,279061460.4949951,69161652.56500244
6995,6995,7001,19740.0,104,81097476.0055542,68573136.32965088,296462574.95880127,71040255.54656982
6996,6996,7002,19523.0,83,74829465.86608887,67368663.7878418,224602773.66638184,70017845.1538086
6997,6997,7003,19298.0,80,87441165.92407227,69780741.69158936,240917792.32025144,73333489.41802979
6998,6998,7004,19610.0,80,86488153.4576416,70135548.59161377,228632037.1627808,74115653.0380249
6999,6999,7005,19441.0,65,84786952.97241211,69866436.00463867,233269154.54864505,73409832.00073242
7000,7000,7006,19434.0,66,89297681.80847168,69143117.90466309,267631285.66741943,72758974.07531738
7001,7001,7007,19234.0,67,85388616.56188965,69929347.99194336,222553083.4197998,72454504.01306152
7002,7002,7008,19198.0,69,85712464.33258057,69445921.89788818,238459789.27612305,72695633.88824463
7003,7003,7009,19547.0,67,86439895.62988281,71618527.41241455,230917133.33129883,75878182.41119385
7004,7004,7010,19429.0,90,91572744.36950684,69865142.82226562,252644846.91619876,73419629.09698486
7005,7005,7011,19940.0,72,85005502.70080566,70422122.95532227,226896547.31750488,72949775.69580078
7006,7006,7012,19800.0,66,82649803.1616211,70351409.91210938,247065925.59814453,73915672.3022461
7007,7007,7013,19597.0,67,82016378.40270996,68752334.59472656,192827095.03173828,72094013.21411133
7008,7008,7014,19841.0,72,87076517.10510254,68996944.42749023,226886496.54388428,72062988.28125
7009,7009,7015,19994.0,78,88905939.10217285,69488593.10150146,261379734.03930664,77143158.91265869
7010,7010,7016,19805.0,76,82042844.77233887,70441788.67340088,224808054.92401123,74368796.34857178
7011,7011,7017,19326.0,68,77944012.64190674,67248134.61303711,223326952.93426517,69112186.43188477
7012,7012,7018,19462.0,70,78440834.04541016,67948573.1124878,207626995.08666992,70559047.69897461
7013,7013,7019,19473.0,76,73332015.03753662,67536947.25036621,219319421.76818848,71385307.31201172
7014,7014,7020,20014.0,92,81887785.91156006,67047117.23327637,234089387.8936768,69852942.46673584
7015,7015,7021,19567.0,79,86265045.16601562,66104998.58856201,229782310.48583984,69284768.10455322
7016,7016,7022,19630.0,78,79610341.07208252,65708445.54901123,268806005.4779053,69334579.46777344
7017,7017,7023,19265.0,81,70556477.5466919,64359716.41540527,257435774.8031616,65982693.672180176
7018,7018,7024,20008.0,73,76187217.71240234,66573225.02136231,236144111.6333008,71144094.46716309
7019,7019,7025,19660.0,66,76529407.5012207,65983524.322509766,224866104.12597656,68100681.30493164
7020,7020,7026,19833.0,68,68916149.1394043,66475723.26660156,235256908.41674805,68532024.38354492
7021,7021,7027,19723.0,70,80124641.41845703,67535949.70703125,245273850.440979,70884461.40289307
7022,7022,7028,19857.0,68,75886470.79467773,66982337.95166016,210844562.5305176,69826231.95648193
7023,7023,7029,19800.0,66,68408203.125,65997505.18798828,222655391.69311523,68156147.00317383
7024,7024,7030,19800.0,66,73644447.32666016,66092491.14990234,217537879.9438477,69110870.36132812
7025,7025,7031,19771.0,66,80047306.06079102,67349182.12890625,221374343.8720703,70189628.60107422
7026,7026,7032,19612.0,81,75787283.8973999,66411142.34924317,214680949.2111206,69951489.44854736
7027,7027,7033,19923.0,80,80719404.22058105,68431314.46838379,244626064.3005371,71711834.90753174
7028,7028,7034,19872.0,70,81787485.12268066,69097089.76745605,256034107.20825195,72141613.0065918
7029,7029,7035,19692.0,66,80995513.91601562,68901123.046875,259037750.24414065,71203010.55908203
7030,7030,7036,19890.0,80,87304248.80981445,70387818.33648682,251702155.1132202,75879491.80603027
7031,7031,7037,19800.0,66,90857791.90063477,72410488.12866211,256216049.19433597,77041912.07885742
7032,7032,7038,19697.0,67,85931291.5802002,73955938.3392334,243233619.6899414,79396186.82861328
7033,7033,7039,19850.0,68,83157632.82775879,75418333.05358887,248462600.7080078,78369165.42053223
7034,7034,7040,19853.0,68,83385066.98608398,74871330.26123047,239881786.34643555,78238620.75805664
7035,7035,7041,19800.0,66,81600666.04614258,73084259.03320312,221819972.99194336,77191543.57910156
7036,7036,7042,19800.0,66,73827838.89770508,71257495.88012695,252137947.08251956,77301406.86035156
7037,7037,7043,19677.0,66,66798133.850097656,67632488.25073242,224811321.2585449,73934955.59692383
7038,7038,7044,19923.0,67,76104080.20019531,66833873.7487793,255968032.8369141,71851123.80981445
7039,7039,7045,19800.0,66,76267433.1665039,63971328.73535156,240881824.4934082,70541381.8359375
7040,7040,7046,19800.0,66,72035121.91772461,62686157.2265625,262029075.6225586,67327880.859375
7041,7041,7047,19800.0,67,75648822.78442383,63286399.841308594,260015487.67089844,67007331.84814453
7042,7042,7048,19800.0,66,66384887.6953125,63030624.38964844,226408481.5979004,68041133.88061523
7043,7043,7049,19800.0,67,78231551.17034912,63910068.51196289,240559993.74389648,67618131.63757324
7044,7044,7050,19800.0,66,68504619.59838867,62711048.1262207,240113639.83154297,68762969.97070312
7045,7045,7051,19734.0,66,68283554.07714844,61389232.63549805,234324829.1015625,64485637.66479492
7046,7046,7052,19866.0,67,72701934.81445312,63208820.34301758,254989929.19921875,67346797.94311523
7047,7047,7053,19800.0,68,75102478.02734375,64483768.463134766,249105911.2548828,69353462.21923828
7048,7048,7054,19800.0,66,78660392.76123047,66442966.46118164,259764862.06054688,72111797.33276367
7049,7049,7055,19800.0,66,71332168.57910156,65169525.146484375,236329364.77661133,69358921.05102539
7050,7050,7056,19750.0,67,68663963.3178711,63729721.06933594,242374427.79541016,66777729.03442383
7051,7051,7057,19715.0,73,74855042.45758057,64793840.4083252,236847587.5854492,69399749.75585938
7052,7052,7058,19934.0,67,77323886.87133789,68163719.1772461,294363574.98168945,72354930.87768555
7053,7053,7059,19800.0,66,76480007.17163086,67943286.89575195,273347568.5119629,71044635.77270508
7054,7054,7060,19800.0,67,78090133.66699219,67107295.98999024,250966987.60986328,72046604.15649414
7055,7055,7061,19800.0,66,83797645.56884766,65751743.31665039,292327880.859375,70397186.27929688
7056,7056,7062,19684.0,74,60269741.05834961,63361238.47961426,233479793.548584,65861703.87268066
7057,7057,7063,19758.0,72,70167287.82653809,62509395.599365234,225654419.8989868,65397961.61651611
7058,7058,7064,19942.0,68,78849746.70410156,66519047.73712158,258050857.5439453,71126599.31182861
7059,7059,7065,19800.0,66,71120166.77856445,64343547.82104492,249661445.61767575,67912673.95019531
7060,7060,7066,19688.0,67,79209011.07788086,65191940.30761719,252628211.9750977,70185573.57788086
7061,7061,7067,19912.0,67,93972850.79956056,67307716.3696289,294023883.8195801,72843830.10864258
7062,7062,7068,19800.0,66,76038551.3305664,67262649.53613281,270578956.6040039,71057224.27368164
7063,7063,7069,19751.0,66,84057761.19232178,67329256.05773926,265572732.92541504,71410697.93701172
7064,7064,7070,19678.0,68,82695268.63098145,67026122.09320068,278446511.2686157,73229566.57409668
7065,7065,7071,19726.0,99,80822294.23522949,67691400.5279541,306504804.61120605,73942790.0314331
7066,7066,7072,19741.0,109,75104252.81524658,66988971.71020508,282620993.6141968,70707493.78204346
7067,7067,7073,19600.0,80,66704646.11053467,64202979.08782959,263575300.2166748,68469075.2029419
7068,7068,7074,19883.0,74,77266858.10089111,65266803.74145508,272648810.3866577,69079117.77496338
7069,7069,7075,19923.0,84,68167627.33459473,64887630.46264648,271207125.6637573,68879565.23895264
7070,7070,7076,19850.0,79,82961996.07849121,65452294.34967041,279732610.70251465,71242454.5288086
7071,7071,7077,19834.0,67,70974727.63061523,67589166.64123535,255858623.50463867,72261621.47521973
7072,7072,7078,19763.0,73,79254298.21014404,71424545.28808594,266619706.15386963,76717860.2218628
7073,7073,7079,19914.0,75,76726308.82263184,72503893.85223389,278508689.8803711,78332005.50079346
7074,7074,7080,19789.0,70,65438651.0848999,69005431.17523193,216639391.8991089,77352463.722229
7075,7075,7081,19717.0,66,72594884.87243652,68133241.65344238,256238937.3779297,73947937.01171875
7076,7076,7082,20029.0,84,69724760.05554199,66757865.90576172,235973067.2836304,69485557.55615234
7077,7077,7083,19800.0,68,73774951.93481445,67647529.60205078,268955213.5467529,73565101.62353516
7078,7078,7084,19800.0,66,92915439.60571288,71226596.83227539,260441493.9880371,76742362.97607422
7079,7079,7085,19800.0,67,82116920.4711914,70376369.47631836,259189796.4477539,77966022.49145508
7080,7080,7086,19577.0,66,60673189.16320801,68665710.44921875,253454813.9572144,74197452.54516602
7081,7081,7087,19993.0,75,83723829.26940918,70703957.55767822,323265152.9312134,74657114.98260498
7082,7082,7088,19818.0,72,81158871.6506958,68489936.82861328,275132821.08306885,73953302.38342285
7083,7083,7089,19722.0,66,76081506.72912598,71489318.84765625,270491636.2762451,78447834.01489258
7084,7084,7090,19807.0,70,81962606.43005371,72102806.0913086,234763783.45489505,78573072.43347168
7085,7085,7091,19800.0,67,62031085.96801758,68912601.47094727,235277023.3154297,74854087.82958984
7086,7086,7092,19689.0,66,78334075.92773438,68433048.24829102,243241790.7714844,73093391.41845703
7087,7087,7093,19911.0,67,82717792.51098633,71461532.59277344,257871677.39868164,77681236.26708984
7088,7088,7094,19800.0,67,70171014.7857666,73499393.46313477,239754453.6590576,80190753.93676758
7089,7089,7095,19623.0,67,77617858.88671875,69598567.96264648,250001068.1152344,74513721.46606445
7090,7090,7096,19977.0,70,80937242.50793457,70633993.14880371,239800735.4736328,77987623.21472168
7091,7091,7097,19800.0,67,78470649.71923828,71079586.02905273,251986576.08032227,75057609.55810547
7092,7092,7098,19800.0,66,68435955.04760742,71783351.89819336,230009651.18408203,75730991.36352539
7093,7093,7099,19800.0,66,67827987.67089844,67967891.69311523,248960781.0974121,76448535.91918945
7094,7094,7100,19800.0,66,73288249.96948242,68678855.8959961,262834167.48046875,75692081.45141602
7095,7095,7101,19800.0,66,71026325.22583008,67912960.05249023,272348785.4003906,75493812.56103516
7096,7096,7102,19546.0,66,68043234.82513428,68881622.31445312,228101356.5063477,72444915.77148438
7097,7097,7103,20142.0,90,74540321.35009766,65640940.66619873,247029809.95178223,71900033.95080566
7098,7098,7104,19651.0,66,75244518.2800293,67158716.20178223,242506706.23779297,72050514.2211914
7099,7099,7105,19892.0,71,81040778.16009521,69657647.13287354,248069697.38006592,72901005.74493408
7100,7100,7106,19851.0,69,78038398.74267578,66752246.85668945,284097427.36816406,71934944.15283203
7101,7101,7107,19800.0,66,77865314.48364258,65922260.28442383,262637042.9992676,69647598.26660156
7102,7102,7108,19800.0,66,81939125.06103516,67563056.94580078,273686027.52685547,71662044.52514648
7103,7103,7109,19800.0,66,82517051.69677734,66055583.95385742,273599052.4291992,68416213.98925781
7104,7104,7110,19800.0,66,80225372.31445312,64524364.47143555,255992889.40429688,68387603.75976562
7105,7105,7111,19800.0,66,78280162.8112793,65122032.165527344,235578632.35473636,68797016.14379883
7106,7106,7112,19800.0,67,78156112.67089844,65105724.3347168,266784069.0612793,68591880.79833984
7107,7107,7113,19690.0,66,83072261.81030273,65134296.41723633,269492816.9250488,68318252.56347656
7108,7108,7114,19910.0,67,82452621.45996094,64896411.89575195,248493404.38842773,69482059.47875977
7109,7109,7115,19800.0,66,88613033.29467773,66388320.92285156,280088138.58032227,69054508.20922852
7110,7110,7116,19690.0,66,83213844.2993164,65877170.56274414,242625522.6135254,69228973.38867188
7111,7111,7117,19910.0,67,81974029.54101562,65289630.88989258,213655128.4790039,68041419.98291016
7112,7112,7118,19800.0,66,83933258.05664062,65997505.18798828,251316261.2915039,69954872.13134766
7113,7113,7119,19800.0,68,77297964.09606934,67473545.07446289,250172206.8786621,72931304.93164062
7114,7114,7120,19800.0,67,89197940.82641602,69948162.07885742,251951160.4309082,72989570.61767578
7115,7115,7121,19800.0,66,80416774.74975586,66277027.13012695,261361026.763916,71715831.7565918
7116,7116,7122,19800.0,66,78943920.13549805,66437816.61987305,253102397.9187012,70539379.11987305
7117,7117,7123,19800.0,66,81116294.86083984,66837501.525878906,246043109.89379883,71286392.21191406
7118,7118,7124,19800.0,66,82050991.05834961,67100429.53491211,241845417.02270508,70604896.54541016
7119,7119,7125,19800.0,66,86733055.1147461,66727924.34692383,258026218.41430664,72028827.66723633
7120,7120,7126,20008.0,72,80498676.30004883,67316868.78204346,261634548.18725583,72542201.0421753
7121,7121,7127,20091.0,75,83268064.49890137,69842176.43737793,277244105.3390503,77504527.09197998
7122,7122,7128,19959.0,67,97020778.65600586,77233406.06689453,242500099.1821289,80434936.5234375
7123,7123,7129,19915.0,71,87310733.79516602,72452644.34814453,273386363.9831543,81374242.78259277
7124,7124,7130,20051.0,76,84524408.3404541,68281202.31628418,246482395.17211917,72592870.71228027
7125,7125,7131,19800.0,66,73616695.40405273,68346118.92700195,249425411.22436523,71659755.70678711
7126,7126,7132,19594.0,67,66132385.25390625,63247509.00268555,235422996.5209961,66447109.22241211
7127,7127,7133,20006.0,71,76039974.21264648,65815927.50549317,251330337.5244141,69325958.25195312
7128,7128,7134,19800.0,66,79645156.86035156,64834213.25683594,244514179.22973636,68554401.39770508
7129,7129,7135,19800.0,66,69090270.99609375,66193485.260009766,216437244.4152832,69520568.84765625
7130,7130,7136,19800.0,67,72109565.73486328,65080718.99414063,221957187.6525879,69542427.06298828
7131,7131,7137,19800.0,66,69725990.29541016,65337467.19360352,280572509.765625,68297481.53686523
7132,7132,7138,19800.0,66,66057014.46533203,63239765.16723633,257923793.7927246,67775058.74633789
7133,7133,7139,19800.0,66,67175960.54077148,62447834.01489258,217779636.38305664,65570926.666259766
7134,7134,7140,19800.0,66,73336315.1550293,63246631.62231445,221353626.2512207,66310787.20092773
7135,7135,7141,19800.0,66,65619564.05639648,65681076.04980469,204004096.98486328,67096424.1027832
7136,7136,7142,19800.0,66,70986270.90454102,63163375.85449219,266449356.0791016,67784214.01977539
7137,7137,7143,19800.0,66,66709899.90234375,63940429.6875,227663040.1611328,67203426.36108398
7138,7138,7144,19800.0,66,67245483.3984375,65174102.783203125,221482658.38623047,67155361.17553711
7139,7139,7145,19800.0,68,67323395.72906494,61682947.15881348,211029678.34472656,64260692.59643555
7140,7140,7146,19800.0,66,69922828.6743164,61946296.69189453,232431793.21289065,64938640.59448242
7141,7141,7147,19800.0,67,68828144.07348633,64244842.52929688,205079472.54180908,67617702.48413086
7142,7142,7148,19800.0,66,70034694.67163086,64600181.57958984,231427574.15771484,67856597.90039062
7143,7143,7149,19800.0,66,67028331.7565918,62204074.85961914,239082813.26293945,68428230.28564453
7144,7144,7150,19800.0,66,70804882.04956055,62364292.14477539,233804798.1262207,66332244.87304688
7145,7145,7151,19800.0,66,71662616.72973633,64211940.76538086,230960941.31469727,67477798.46191406
7146,7146,7152,19800.0,66,68034267.42553711,64545536.041259766,228382873.53515625,67290973.66333008
7147,7147,7153,19792.0,70,67964835.16693115,61306221.00830078,238436878.2043457,63561073.303222656
7148,7148,7154,19800.0,67,68212512.01629639,60401968.002319336,213718454.3609619,62956518.17321777
7149,7149,7155,19691.0,66,66096819.87762451,60620429.99267578,215477031.70776367,63247840.881347656
7150,7150,7156,19909.0,67,67233291.62597656,62055305.48095703,224772098.54125977,64646183.013916016
7151,7151,7157,19800.0,66,72604465.48461914,63092708.58764648,248424911.49902344,66816043.853759766
7152,7152,7158,19689.0,68,74389610.29052734,64886924.74365234,241875545.50170895,67208084.10644531
7153,7153,7159,19911.0,67,67762298.58398438,63242557.525634766,199990436.55395508,67955509.18579102
7154,7154,7160,19800.0,67,66599525.45166016,63306427.001953125,222503101.34887692,66657859.802246094
7155,7155,7161,19738.0,66,69944847.1069336,60021133.42285156,233370187.7593994,62269962.310791016
7156,7156,7162,19615.0,88,66540974.6170044,58277564.04876709,215356184.9594116,61436870.57495117
7157,7157,7163,19990.0,102,74847464.5614624,59419190.40679932,223469386.10076904,62632709.50317383
7158,7158,7164,19798.0,79,74656617.16461182,60976028.44238281,244239957.80944824,64374310.49346924
7159,7159,7165,19909.0,78,80602614.402771,63773406.98242188,266554865.8370972,67835474.01428223
7160,7160,7166,19624.0,79,68804995.5368042,64214337.34893799,208358726.50146484,67715980.52978516
7161,7161,7167,20014.0,81,69340065.95611572,60987040.51971436,227512196.5408325,64909749.031066895
7162,7162,7168,19800.0,66,67291545.86791992,62500190.73486328,232552528.3813477,64938068.38989258
7163,7163,7169,19800.0,66,70129108.42895508,61019325.256347656,228481292.72460935,65354633.33129883
7164,7164,7170,19690.0,74,74245454.78820801,60877344.13146973,236092018.1274414,65076016.426086426
7165,7165,7171,19754.0,80,76484448.43292236,61574737.548828125,259905669.2123413,66551969.52819824
7166,7166,7172,20012.0,82,69386038.7802124,63906030.65490723,244705827.7130127,69755157.47070312
7167,7167,7173,19800.0,66,62651252.74658203,63576507.568359375,241958427.4291992,67193698.88305664
7168,7168,7174,19800.0,66,65699958.80126953,64841938.01879883,230702304.8400879,68848800.65917969
7169,7169,7175,19693.0,66,72023929.59594727,67415359.49707031,240140041.3513184,70626899.71923828
7170,7170,7176,19907.0,68,57951276.779174805,65187332.15332031,203898971.5576172,70172195.43457031
7171,7171,7177,19800.0,66,58368587.49389648,64565563.2019043,222629928.5888672,68130397.79663086
7172,7172,7178,19800.0,67,55777604.10308838,66434383.392333984,203458120.3460693,70820617.67578125
7173,7173,7179,19679.0,66,52729867.93518066,64939544.677734375,229007440.5670166,69725608.8256836
7174,7174,7180,19923.0,79,57812390.32745361,65933442.11578369,213065999.9847412,69696285.24780273
7175,7175,7181,19802.0,67,54392139.43481445,68772434.23461914,218595916.74804688,73018764.49584961
7176,7176,7182,19800.0,66,60427379.6081543,67664337.15820312,231948280.33447263,72424507.14111328
7177,7177,7183,19800.0,66,56473445.892333984,66599178.31420898,231875324.2492676,70483589.17236328
7178,7178,7184,19800.0,66,48237705.23071289,66665267.94433594,181478977.20336917,70510196.68579102
7179,7179,7185,19800.0,67,47101871.49047852,66755962.37182617,192008525.84838867,71352970.12329102
7180,7180,7186,19800.0,66,57734584.80834961,70070743.56079102,228135967.25463867,72924327.8503418
7181,7181,7187,19642.0,81,54202214.24102783,65407213.21105957,236066804.88586423,70257188.79699707
7182,7182,7188,20481.0,88,88832654.95300293,71309215.5456543,284123505.5923462,78357534.40856934
7183,7183,7189,20350.0,69,77207054.1381836,74261421.20361328,252644809.7229004,80620910.64453125
7184,7184,7190,20311.0,69,76324304.58068848,77320777.8930664,277296778.67889404,85011398.31542969
7185,7185,7191,20309.0,70,80140883.44573975,78020780.56335449,313719553.94744873,83963661.19384766
7186,7186,7192,20612.0,71,70218676.56707764,77528173.44665527,284985234.2605591,84673671.72241211
7187,7187,7193,20355.0,72,71757458.68682861,75109960.55603027,273518311.5005493,85515153.8848877
7188,7188,7194,20463.0,70,89714386.94000244,79878524.78027344,289103046.4172363,83908943.17626953
7189,7189,7195,20400.0,68,81462764.73999023,78442382.8125,261945247.65014648,84534645.0805664
7190,7190,7196,20400.0,70,67702465.05737305,71630702.97241211,250680305.48095703,84325542.44995117
7191,7191,7197,20011.0,73,82366913.79547119,75126237.8692627,284930258.7509155,81840984.34448242
7192,7192,7198,20244.0,77,68526472.0916748,72867809.2956543,235786446.5713501,82144569.39697266
7193,7193,7199,20100.0,75,76043123.24523926,75487348.55651855,264845787.04833984,81587565.4220581
7194,7194,7200,20100.0,67,82889842.98706055,75800514.2211914,232679557.80029297,78205490.11230469
7195,7195,7201,19865.0,67,64680324.55444336,69330814.36157227,219504184.7229004,74962013.2446289
7196,7196,7202,19838.0,87,62693096.16088867,64887843.13201904,271890803.3370972,68902366.6381836
7197,7197,7203,19827.0,89,49110224.72381592,63808800.69732666,223843905.4489136,66997893.33343506
7198,7198,7204,19747.0,81,60717470.16906738,66591506.004333496,226314762.1154785,68837125.77819824
7199,7199,7205,19820.0,67,59034934.04388428,63012819.29016113,241194438.93432617,66894245.14770508
7200,7200,7206,19925.0,68,56649528.50341797,69718551.63574219,258746959.6862793,74753952.02636719
7201,7201,7207,19800.0,66,57946872.71118164,68609333.03833008,282560920.71533203,71174240.11230469
7202,7202,7208,19800.0,66,53826999.66430664,68117809.2956543,201843452.45361328,71045207.97729492
7203,7203,7209,19692.0,66,48733497.619628906,66019638.06152344,223579467.7734375,69239536.28540039
7204,7204,7210,19879.0,67,48769820.21331787,67710651.39770508,187169754.98199463,71061119.07958984
7205,7205,7211,19829.0,68,47116330.14678955,66931505.20324707,198975476.2649536,70851964.95056152
7206,7206,7212,19693.0,66,49595245.361328125,67251911.16333008,194284217.83447263,70033687.59155273
7207,7207,7213,19758.0,67,51644098.28186035,67103141.78466797,200211380.0048828,68918636.32202148
7208,7208,7214,19869.0,102,58502232.55157471,66582299.23248291,232389229.7744751,70160355.56793213
7209,7209,7215,19738.0,76,58748056.41174317,64954546.92840576,231123408.31756592,67285061.83624268
7210,7210,7216,20190.0,89,63724637.031555176,67170897.48382568,228763026.2374878,72905639.6484375
7211,7211,7217,20100.0,68,73531919.47937012,76199626.92260742,272502838.1347656,80414485.93139648
7212,7212,7218,20100.0,67,79703235.6262207,77239894.86694336,579578018.1884766,79466915.13061523
7213,7213,7219,20100.0,67,78237533.56933594,77576923.37036133,250939750.67138672,79683494.5678711
7214,7214,7220,20051.0,67,75103942.87109375,76708511.35253906,253130691.5283203,79850566.86401367
7215,7215,7221,19987.0,68,76773028.37371826,76064346.31347656,252585041.04614255,79176006.31713867
7216,7216,7222,19910.0,72,46943893.43261719,64771451.95007324,184887828.8269043,67794877.05230713
7217,7217,7223,19800.0,66,56014251.708984375,64464855.1940918,216754817.96264648,68156719.20776367
7218,7218,7224,19689.0,66,56304737.09106445,65119857.78808594,199449096.6796875,67380512.23754883
7219,7219,7225,19911.0,67,54770336.15112305,65717891.693115234,251262107.8491211,68619667.05322266
7220,7220,7226,19800.0,66,47408294.677734375,65193557.73925781,195649909.97314453,69247627.25830078
7221,7221,7227,19974.0,72,55749206.54296875,66839914.32189941,242710371.9711304,71815320.01495361
7222,7222,7228,20100.0,68,70992124.55749512,71193492.8894043,237147720.3369141,75730888.36669922
7223,7223,7229,20100.0,68,65278717.041015625,71569524.76501465,263014266.96777344,78538241.38641357
7224,7224,7230,20100.0,68,75720195.77026367,75088424.68261719,252162322.99804688,78086261.74926758
7225,7225,7231,20100.0,67,75876331.3293457,75068092.3461914,296498107.91015625,78900718.68896484
7226,7226,7232,20100.0,67,90422058.10546876,77004718.78051758,277762413.02490234,80810737.60986328
7227,7227,7233,19954.0,67,67947246.55151367,69986312.86621094,262929729.46166992,77647720.33691406
7228,7228,7234,20246.0,68,85915672.3022461,74878147.12524414,304274646.7590332,79221027.37426758
7229,7229,7235,20050.0,68,68806077.95715332,71290580.74951172,237976663.58947757,79732101.44042969
7230,7230,7236,20150.0,68,75137138.36669922,76510620.1171875,270823144.9127197,80903720.85571289
7231,7231,7237,19731.0,72,52715632.43865967,65387827.87322998,230505533.2183838,67672456.74133301
7232,7232,7238,19833.0,107,57157387.73345947,64864807.12890625,223762403.4881592,69161826.13372803
7233,7233,7239,19912.0,91,66338063.24005127,65837824.82147217,246435362.81585693,68425156.59332275
7234,7234,7240,19840.0,72,68027608.87145996,65682001.1138916,235180036.5447998,69454111.09924316
7235,7235,7241,19800.0,67,57989733.69598389,65423254.01306152,207887449.2645264,68028301.23901367
7236,7236,7242,19800.0,66,60531806.94580078,65423297.88208008,213760185.2416992,67660331.72607422
7237,7237,7243,19703.0,71,57563932.41882324,64953815.46020508,192237132.07244876,67339759.82666016
7238,7238,7244,19804.0,75,73972773.55194092,65974403.381347656,298282567.9779053,70412190.4373169
7239,7239,7245,19775.0,81,65480597.49603272,65500826.83563232,226909455.29937744,68297035.21728516
7240,7240,7246,19954.0,77,63305020.332336426,65705408.09631348,241379380.22613525,68476234.43603516
7241,7241,7247,19800.0,66,56601333.61816406,65029907.2265625,202587318.42041016,69212436.67602539
7242,7242,7248,19807.0,70,60014293.6706543,65399332.04650879,223055707.93151852,68375240.32592773
7243,7243,7249,19779.0,69,53085385.3225708,65123686.79046631,181239211.0824585,68365047.45483398
7244,7244,7250,19800.0,66,56827640.53344727,65837001.80053711,228635787.9638672,69215297.69897461
7245,7245,7251,19800.0,67,56588047.02758789,65588119.50683594,214292194.36645508,67928668.97583008
7246,7246,7252,19800.0,66,59450340.270996094,65618991.85180664,229225730.8959961,68245983.1237793
7247,7247,7253,19691.0,66,54391819.00024414,64985946.65527344,219044975.2807617,68809495.92590332
7248,7248,7254,19801.0,68,57006213.18817139,65703020.0958252,201836739.5401001,67914020.53833008
7249,7249,7255,19908.0,67,50929321.2890625,64860076.90429688,218525939.94140625,67782257.08007812
7250,7250,7256,19800.0,66,59036064.14794922,65224170.68481445,215859889.9841309,69019603.72924805
7251,7251,7257,19752.0,66,62352859.49707031,65506530.76171875,215735675.8117676,68464038.84887695
7252,7252,7258,19847.0,84,64250336.64703369,66292449.95117188,228270833.0154419,69175606.7276001
7253,7253,7259,19804.0,70,56924414.63470459,64954846.38214111,223726779.9377441,67958432.1975708
7254,7254,7260,19800.0,66,60869979.85839844,65340614.318847656,213109302.52075195,67838573.45581055
7255,7255,7261,19805.0,72,64010665.89355469,65141713.14239502,218971858.97827148,67589660.64453125
7256,7256,7262,19800.0,66,64566421.50878906,65095710.75439453,269069766.998291,68933773.04077148
7257,7257,7263,19800.0,66,62806320.19042969,65433597.56469727,214491462.70751956,67794513.70239258
7258,7258,7264,19786.0,71,62601750.37384033,66866384.50622559,214095949.17297363,70230047.22595215
7259,7259,7265,19671.0,79,60946879.386901855,65592294.69299317,219084606.1706543,68823977.47039795
7260,7260,7266,19940.0,72,59696313.85803223,65099368.09539795,186577263.8320923,68183709.14459229
7261,7261,7267,19417.0,66,58908496.85668945,61801766.39556885,219229741.09649655,64301799.77416992
7262,7262,7268,20162.0,78,69502419.47174072,64030353.54614258,309461987.4954224,69942210.19744873
7263,7263,7269,19562.0,73,61943017.95959473,57868500.70953369,206419311.5234375,60679028.51104736
7264,7264,7270,19906.0,67,71304925.9185791,66204214.096069336,217667995.4528809,69456024.16992188
7265,7265,7271,19327.0,87,63295444.48852539,60594029.42657471,222157653.80859372,62744015.69366455
7266,7266,7272,20181.0,87,62928521.15631104,68763824.46289062,202765248.29864505,71637568.47381592
7267,7267,7273,19800.0,66,55506706.23779297,64007949.82910156,199437904.35791016,66257572.174072266
7268,7268,7274,19529.0,68,59237093.92547608,65123478.88946533,234885002.13623047,67565726.2802124
7269,7269,7275,19910.0,77,66229213.71459961,66174884.79614258,249122238.1591797,68520987.51068115
7270,7270,7276,19980.0,93,69539477.34832764,65434386.25335693,238224128.72314453,68607294.0826416
7271,7271,7277,19800.0,67,55132652.28271485,65387535.09521485,195392787.9333496,68407260.89477539
7272,7272,7278,19659.0,70,62484986.30523682,64281645.77484131,229596507.07244876,67329262.73345947
7273,7273,7279,19662.0,99,69985117.91229248,63698222.16033936,277863626.48010254,67797108.65020752
7274,7274,7280,19833.0,128,71249174.11804199,64783701.89666748,233648118.019104,68164333.34350586
7275,7275,7281,19926.0,83,74659236.90795898,66760087.96691895,238590780.2581787,69130416.87011719
7276,7276,7282,19778.0,74,61352983.474731445,66093210.220336914,221329472.54180908,68945917.1295166
7277,7277,7283,19815.0,94,70603371.62017822,63892700.1953125,217097885.13183597,66526235.580444336
7278,7278,7284,19855.0,86,62561528.20587158,64414318.0847168,220066435.8139038,67275195.12176514
7279,7279,7285,19911.0,77,70300224.30419922,65179693.2220459,233129199.02801517,67170875.5493164
7280,7280,7286,19687.0,67,68659251.21307373,65107152.93884277,219930095.67260745,68530939.10217285
7281,7281,7287,19659.0,80,68544417.38128662,64510861.39678955,238274325.37078857,66901352.88238525
7282,7282,7288,19958.0,85,69314092.6361084,64274059.2956543,214907535.5529785,66942520.14160156
7283,7283,7289,19800.0,66,59912681.57958984,63713836.66992188,202782726.2878418,67174530.02929688
7284,7284,7290,19557.0,70,64785396.57592773,63847700.11901856,230017736.4349365,65981527.32849121
7285,7285,7291,20051.0,74,75780895.2331543,66653824.80621338,246432254.79125977,69014823.91357422
7286,7286,7292,19656.0,66,63602622.98583984,65879711.15112305,197499206.54296875,68778488.15917969
7287,7287,7293,19944.0,67,65679988.861083984,65798995.97167969,245612411.49902344,68604972.83935547
7288,7288,7294,19804.0,70,63916358.94775391,63756970.40557861,247714600.5630493,66276830.67321777
7289,7289,7295,19806.0,72,66622048.37799072,63094619.75097656,218296439.1708374,65502959.25140381
7290,7290,7296,19703.0,70,68129961.01379395,64368021.965026855,204669330.59692383,66568235.39733887
7291,7291,7297,19904.0,72,71975391.38793945,64659456.25305176,235358310.6994629,67339071.27380371
7292,7292,7298,19800.0,67,64482269.287109375,64283180.236816406,207096862.79296875,67148456.57348633
7293,7293,7299,19700.0,66,63709449.768066406,64748382.568359375,231015491.4855957,66591453.552246094
7294,7294,7300,19893.0,72,76034621.2387085,66868796.34857178,229032869.3389893,70251412.3916626
7295,7295,7301,19800.0,67,62326780.31921387,66046678.54309082,239705603.59954837,69146883.01086426
7296,7296,7302,19800.0,66,70984840.3930664,66336536.4074707,239003276.8249512,69158935.546875
7297,7297,7303,19751.0,66,75224121.09375,68835998.53515625,233847034.4543457,72327415.4663086
7298,7298,7304,19849.0,67,75323688.50708008,69118522.64404297,237503063.2019043,73118793.48754883
7299,7299,7305,19800.0,67,79681968.68896484,68988304.1381836,240894203.1860352,73742027.28271484
7300,7300,7306,19800.0,66,67556762.6953125,68360710.14404297,220175457.0007324,72528934.47875977
7301,7301,7307,19800.0,66,71180248.26049805,69367790.22216797,220882987.97607425,74531364.44091797
7302,7302,7308,19800.0,66,72454833.984375,68690872.19238281,232840633.392334,71765613.5559082
7303,7303,7309,19800.0,66,66172313.69018555,67971038.81835938,245713806.15234372,71173095.703125
7304,7304,7310,19800.0,66,72080039.97802734,68793582.91625977,259358882.90405276,73287105.56030273
7305,7305,7311,19679.0,66,68623702.04925537,68197219.84863281,236946571.3500977,70679393.76831055
7306,7306,7312,19914.0,70,70043521.88110352,67783143.04351807,222807994.8425293,71890795.70770264
7307,7307,7313,19737.0,66,67105559.34906006,66277645.111083984,242729610.44311523,70124513.62609863
7308,7308,7314,19863.0,67,73253336.9064331,67030712.12768555,224118364.33410645,69245264.05334473
7309,7309,7315,19800.0,66,69838142.39501953,66509342.19360352,225068378.44848636,69869899.74975586
7310,7310,7316,19800.0,67,71625866.88995361,66874694.82421875,242348364.8300171,71180080.41381836
7311,7311,7317,7.0,1,128601.07421875,25260.92529296875,149749.755859375,25260.92529296875
7312,7312,7318,26665.0,138,95761818.88580322,92195339.20288086,301096807.4798584,96890949.24926758
7313,7313,7319,19800.0,68,77087060.92834473,70268414.49737549,228350543.97583008,74211424.82757568
7314,7314,7320,19800.0,66,70146846.77124023,70529651.6418457,223110294.34204105,73731994.62890625
7315,7315,7321,19800.0,66,71716117.85888672,69802379.6081543,210337829.58984372,73169231.41479492
7316,7316,7322,19677.0,66,70898368.83544922,69544841.76635742,220780551.9104004,72886104.58374023
7317,7317,7323,19923.0,67,81460533.14208984,71428230.28564453,251350296.0205078,75309837.3413086
7318,7318,7324,19800.0,66,68869113.92211914,69818973.54125977,222410202.0263672,74221801.7578125
7319,7319,7325,19800.0,66,77382373.80981445,69340896.60644531,239811515.80810547,72394180.29785156
7320,7320,7326,19691.0,66,78616405.48706055,69464187.62207031,224545410.15625,71962329.86450195
7321,7321,7327,19909.0,68,77085365.29541016,70005964.2791748,268301589.9658203,73612755.77545166
7322,7322,7328,19800.0,66,82065010.07080078,70849514.00756836,240727329.2541504,75386810.30273438
7323,7323,7329,19800.0,67,74940261.84082031,70931053.1616211,257102794.6472168,74728202.81982422
7324,7324,7330,19800.0,67,77040752.41088867,69468784.33227539,217753147.1252441,73445922.8515625
7325,7325,7331,19746.0,66,73605463.0279541,68698562.62207031,253375768.66149905,73244235.99243164
7326,7326,7332,19656.0,67,79488941.19262695,68730419.15893555,239502614.9749756,71127758.02612305
7327,7327,7333,19998.0,68,76473693.84765625,70306102.75268555,228453353.88183597,75476306.9152832
7328,7328,7334,19745.0,66,75872592.92602539,69006848.33526611,258762569.42749023,73983154.296875
7329,7329,7335,19855.0,68,75455074.31030273,70826770.7824707,234259486.1984253,73574371.33789062
7330,7330,7336,19800.0,66,70517921.4477539,69392395.01953125,211446762.0849609,73623275.75683594
7331,7331,7337,19800.0,66,76828193.66455078,69946575.16479492,240908432.00683597,73052787.78076172
7332,7332,7338,19800.0,66,74465847.01538086,70574569.70214844,255824947.35717773,74073886.87133789
7333,7333,7339,19800.0,66,71669197.08251953,70340824.12719727,243431854.24804688,73063659.66796875
7334,7334,7340,19800.0,66,81381797.79052734,70882415.77148438,265065193.17626956,74165439.60571289
7335,7335,7341,19800.0,66,68442249.2980957,69970607.75756836,223235034.94262692,73486804.9621582
7336,7336,7342,19800.0,66,78094196.31958008,70874977.1118164,236637496.9482422,72704315.18554688
7337,7337,7343,19800.0,68,65458608.627319336,70488983.15429688,246716514.58740237,73811641.69311523
7338,7338,7344,19678.0,66,80885845.18432617,71206459.04541016,266265411.37695312,74396198.27270508
7339,7339,7345,19922.0,67,69364585.87646484,70856845.85571289,224037631.9885254,74028808.59375
7340,7340,7346,19800.0,66,76555252.07519531,70420074.46289062,237012290.95458984,74786853.7902832
7341,7341,7347,19800.0,66,77666473.38867188,70733070.37353516,287514781.9519043,73503971.09985352
7342,7342,7348,19800.0,68,72835393.90563965,70824275.97045898,231226818.0847168,74769386.2915039
7343,7343,7349,19800.0,66,82497310.63842773,70443820.95336914,261390495.30029297,74528789.52026367
7344,7344,7350,19800.0,66,66636943.81713867,70224094.39086914,231483650.20751956,73303127.28881836
7345,7345,7351,19680.0,66,76410541.53442383,68981094.36035156,230456542.96875,72516517.63916016
7346,7346,7352,19920.0,67,70321025.84838867,69933242.79785156,268709392.5476074,73133010.86425781
7347,7347,7353,19800.0,66,57875919.342041016,68530082.70263672,256211757.6599121,71778774.26147461
7348,7348,7354,19800.0,66,68608188.62915039,68974113.46435547,242072582.24487305,72189331.0546875
7349,7349,7355,19800.0,66,76792144.77539062,69689369.20166016,266237068.17626956,72918605.80444336
7350,7350,7356,19536.0,66,70394451.14135742,68261135.10131836,227834186.55395508,70249706.26831055
7351,7351,7357,20008.0,68,67116386.41357422,70046318.05419922,221904418.9453125,72518917.08374023
7352,7352,7358,19856.0,67,69606155.39550781,69278873.44360352,225327247.6196289,73429073.33374023
7353,7353,7359,19800.0,67,77771654.12902832,70136508.94165039,239468708.03833008,72537517.54760742
7354,7354,7360,19800.0,66,73023319.24438477,70004653.93066406,231126308.4411621,72350978.85131836
7355,7355,7361,19800.0,66,69286537.17041016,69474792.48046875,242656517.0288086,73212432.86132812
7356,7356,7362,19800.0,66,82454109.19189453,69578361.51123047,264500427.24609372,72793579.1015625
7357,7357,7363,19800.0,66,68302345.2758789,68439388.27514648,237694358.8256836,71214580.53588867
7358,7358,7364,19800.0,66,68887138.36669922,68709754.94384766,261716365.81420895,72462844.84863281
7359,7359,7365,19800.0,66,62623500.82397461,68249416.35131836,229529857.63549805,71697521.2097168
7360,7360,7366,19708.0,66,66015579.22363281,68083271.02661133,241815067.29125977,70873569.48852539
7361,7361,7367,19892.0,67,65911327.36206055,68857810.9741211,236887802.12402344,71561367.03491211
7362,7362,7368,19800.0,66,66246986.38916016,68682861.328125,218794441.22314453,71478939.05639648
7363,7363,7369,19751.0,66,57150547.02758789,68567920.68481445,215719314.5751953,70744884.4909668
7364,7364,7370,19849.0,68,60471900.939941406,68753574.37133789,215439643.85986328,72291522.97973633
7365,7365,7371,19800.0,67,69585199.3560791,69647884.36889648,243923416.1376953,73617839.81323242
7366,7366,7372,19662.0,66,79015708.92333984,70462097.16796875,253028972.6257324,73460506.43920898
7367,7367,7373,19938.0,67,65167533.87451172,68685550.68969727,237573520.6604004,73455574.03564453
7368,7368,7374,19800.0,67,61693786.62109375,68772705.078125,268007186.88964844,71770492.55371094
7369,7369,7375,19800.0,66,73157501.22070312,69520568.84765625,341054534.9121094,73021888.73291016
7370,7370,7376,19800.0,66,68817043.30444336,69497680.6640625,253135871.88720703,72954368.5913086
7371,7371,7377,19800.0,66,71522712.70751953,69332885.7421875,266128635.4064941,72493743.89648438
7372,7372,7378,19800.0,66,70738792.4194336,69572067.26074219,222943782.80639648,72683429.71801758
7373,7373,7379,19800.0,66,69974327.08740234,69949150.08544922,290651607.51342773,74634647.36938477
7374,7374,7380,19800.0,66,70601463.3178711,70115661.62109375,248231792.4499512,73588943.48144531
7375,7375,7381,19800.0,66,73585510.25390625,70770549.77416992,244937896.7285156,73536014.55688477
7376,7376,7382,19800.0,66,62202358.24584961,69211006.16455078,240822315.21606445,73424720.76416016
7377,7377,7383,19800.0,68,76059703.8269043,70513343.81103516,258059612.27416992,72851898.19335938
7378,7378,7384,19800.0,66,67788791.65649414,70723628.99780273,236569118.49975583,74446678.1616211
7379,7379,7385,19800.0,66,70557975.76904297,69255065.91796875,225120735.16845703,73296833.03833008
7380,7380,7386,19785.0,66,71672515.86914062,68769836.42578125,255708389.28222656,71194496.15478516
7381,7381,7387,19815.0,69,59613235.47363281,67199180.60302734,229413391.11328125,68859266.28112793
7382,7382,7388,19800.0,66,64123821.25854492,66453266.14379883,229209136.96289065,68860816.9555664
7383,7383,7389,19800.0,66,71718120.57495117,67189693.45092773,233625125.88500977,69337463.37890625
7384,7384,7390,19800.0,66,65295696.25854492,67680072.78442383,238218784.3322754,71033191.6809082
7385,7385,7391,19800.0,66,67411708.83178711,68169307.70874023,233674907.68432617,70652103.42407227
7386,7386,7392,19800.0,68,68678512.57324219,68113231.65893555,228046760.55908203,70672016.14379883
7387,7387,7393,19800.0,66,76211071.0144043,69341468.81103516,248718166.3513184,70991420.74584961
7388,7388,7394,19800.0,66,63725280.76171875,68999862.67089844,209363079.0710449,71884059.90600586
7389,7389,7395,19800.0,66,68920898.4375,69304275.51269531,254495143.8903809,71617698.6694336
7390,7390,7396,19680.0,67,67304443.359375,68378677.36816406,254534965.51513672,70742794.03686523
7391,7391,7397,19920.0,67,65866756.43920898,70925388.33618164,250973968.50585935,74717388.15307617
7392,7392,7398,19767.0,66,64560630.79833984,69072735.78643799,209155431.7474365,70610218.0480957
7393,7393,7399,19833.0,67,61714181.900024414,68725287.43743896,199276305.19866943,71128546.71478271
7394,7394,7400,19800.0,66,67213439.94140625,68735504.15039062,220375728.60717773,72498893.73779297
7395,7395,7401,19800.0,66,59523868.560791016,67500400.54321289,237674903.8696289,70292186.73706055
7396,7396,7402,19800.0,66,63109016.41845703,68043136.59667969,212262153.62548828,70418643.95141602
7397,7397,7403,19800.0,66,64715480.80444336,68436813.35449219,211161804.19921875,70939350.12817383
7398,7398,7404,19800.0,66,61714553.83300781,68237113.95263672,196783733.36791992,70411205.29174805
7399,7399,7405,19770.0,66,62445144.65332031,68598861.69433594,217078599.9298096,70386371.61254883
7400,7400,7406,19830.0,67,66271905.89904785,69215984.34448242,238249483.1085205,72709350.5859375
7401,7401,7407,19800.0,66,66999435.42480469,70132541.65649414,211447620.3918457,73741436.00463867
7402,7402,7408,19800.0,66,71549034.11865234,70610618.5913086,242268562.31689453,73810672.76000977
7403,7403,7409,19690.0,67,65161666.87011719,68254241.94335938,257867584.2285156,72735538.48266602
7404,7404,7410,19819.0,67,74039371.49047852,69515048.98071289,224460018.15795895,72069908.14208984
7405,7405,7411,19891.0,67,64426374.435424805,69515830.99365234,219008216.85791016,73099609.375
7406,7406,7412,19800.0,67,71314349.17449951,68840833.66394043,287240350.7232666,72581134.79614258
7407,7407,7413,19726.0,66,71865201.95007324,69250604.6295166,236570365.9057617,72736118.31665039
7408,7408,7414,19874.0,67,64511007.30895996,68915060.04333496,217887668.60961917,71907188.41552734
7409,7409,7415,19800.0,66,73347759.24682617,69479084.01489258,225771617.8894043,72623062.13378906
7410,7410,7416,19800.0,66,74389743.80493164,69721126.55639648,220693874.3591309,72932052.61230469
7411,7411,7417,19800.0,66,59497261.04736328,68894004.82177734,231785202.0263672,72127532.95898438
7412,7412,7418,19800.0,66,70518493.65234375,69403553.0090332,225224876.4038086,72309780.12084961
7413,7413,7419,19800.0,66,58194351.19628906,68234539.03198242,212270164.4897461,71137619.01855469
7414,7414,7420,19782.0,66,57525255.20324707,67575439.453125,200260047.9125977,69270046.23413086
7415,7415,7421,19818.0,68,56150915.14587402,67999679.56542969,221021427.15454105,69691318.51196289
7416,7416,7422,19563.0,66,63175575.256347656,66909587.86010742,239385935.78338623,68753385.54382324
7417,7417,7423,20037.0,68,47573421.478271484,67720699.31030273,182195597.6486206,68848485.94665527
7418,7418,7424,19800.0,66,55265522.00317383,67297267.91381836,230310916.9006348,70612049.1027832
7419,7419,7425,19800.0,66,65064811.70654297,67613124.84741211,213964748.3825684,70785713.19580078
7420,7420,7426,19800.0,66,63464927.67333984,67795944.21386719,231277370.4528809,70435810.08911133
7421,7421,7427,19800.0,66,62799167.63305664,69388675.68969727,221538734.4360352,71640300.75073242
7422,7422,7428,19679.0,66,59910408.02001953,67290981.29272461,217195636.7492676,71046451.56860352
7423,7423,7429,19921.0,67,62081756.59179688,68522636.41357422,218238275.5279541,70961437.2253418
7424,7424,7430,19800.0,67,52772243.49975586,66220081.3293457,226487525.9399414,69237224.57885742
7425,7425,7431,19800.0,66,49703979.4921875,65419292.44995117,203490543.3654785,67084121.70410156
7426,7426,7432,19756.0,66,50626771.92687988,65942331.314086914,173366256.7138672,67007488.25073242
7427,7427,7433,19844.0,69,49119123.45886231,65594560.62316895,194351606.36901852,66888927.4597168
7428,7428,7434,19800.0,66,52930927.27661133,65087985.99243164,213656330.10864255,66991424.56054688
7429,7429,7435,19747.0,66,52109439.84985352,66381546.02050781,218459899.90234372,68375644.68383789
7430,7430,7436,19853.0,67,56429515.83862305,67491153.71704102,225701229.09545895,69455280.30395508
7431,7431,7437,19694.0,66,58892105.10253906,66866151.80969238,219592510.22338867,68853206.63452148
7432,7432,7438,19906.0,67,60615280.15136719,65986776.35192871,228044208.52661133,67761135.10131836
7433,7433,7439,19800.0,66,54195213.31787109,65867614.74609375,209725284.576416,67863750.45776367
7434,7434,7440,19800.0,66,52705764.77050781,66221523.28491211,189165401.45874023,67151355.7434082
7435,7435,7441,19800.0,66,47955036.16333008,65361499.78637695,202799320.22094727,67249202.72827148
7436,7436,7442,19800.0,67,55721035.00366211,66404056.549072266,207876983.64257807,68203125.0
7437,7437,7443,19562.0,67,58437360.763549805,66407357.21588135,198916393.2800293,68261939.04876709
7438,7438,7444,19776.0,98,55336744.30847168,65583082.19909668,207542691.23077396,67570817.9473877
7439,7439,7445,20012.0,93,65041790.96221924,66638877.86865234,218932667.7322388,68478581.42852783
7440,7440,7446,19799.0,97,65430644.03533936,65896195.41168213,230103359.2224121,67646017.07458496
7441,7441,7447,19962.0,91,64026132.58361816,65870820.04547119,234513461.11297607,67749556.54144287
7442,7442,7448,19654.0,72,60169876.09863281,66085961.34185791,214613964.08081052,68434432.98339844
7443,7443,7449,19821.0,75,69741279.60205078,65913727.76031494,224031297.68371585,67573970.79467773
7444,7444,7450,19872.0,74,71547598.83880615,65895855.90362549,255492048.2635498,68347349.16687012
7445,7445,7451,19765.0,75,70065645.21789551,67136172.2946167,239125764.84680176,71900154.11376953
7446,7446,7452,19863.0,77,81055850.98266602,72130342.48352051,256896793.3654785,75217725.75378418
7447,7447,7453,19674.0,66,61566759.10949707,73286361.69433594,220204833.984375,75506401.06201172
7448,7448,7454,19636.0,84,57346310.61553955,72138053.89404297,181627510.0708008,76534637.45117188
7449,7449,7455,19561.0,66,60190816.87927246,68930900.57373047,208086215.9729004,72987499.23706055
7450,7450,7456,19838.0,72,59529427.52838135,66661988.25836182,216890436.17248532,69443680.76324463
7451,7451,7457,19983.0,68,50412779.80804443,65745138.16833496,192928588.8671875,68310213.08898926
7452,7452,7458,19811.0,67,53270636.55853272,66375566.482543945,182445173.2635498,67960859.29870605
7453,7453,7459,19800.0,66,58444690.7043457,66727924.34692383,184443569.1833496,67933559.41772461
7454,7454,7460,19800.0,66,56863689.42260742,66832923.88916016,206042861.93847656,69673919.67773438
7455,7455,7461,19683.0,66,51542587.28027344,66345920.56274414,187017013.5498047,67626697.5402832
7456,7456,7462,19917.0,68,51468086.24267578,66189760.20812988,188338928.22265625,68098295.21179199
7457,7457,7463,19666.0,66,55654504.77600098,65573638.916015625,180209796.9055176,67248481.75048828
7458,7458,7464,19927.0,85,71733914.37530518,67197854.99572754,264348200.79803467,70318552.01721191
7459,7459,7465,19843.0,75,66925225.257873535,67251899.71923828,243999481.20117188,69097044.94476318
7460,7460,7466,19800.0,66,57349777.22167969,68012523.65112305,182881736.7553711,70065593.71948242
7461,7461,7467,19707.0,66,55692844.39086914,66979917.52624512,198560076.713562,69650527.95410156
7462,7462,7468,19901.0,71,59395868.3013916,66922577.85797119,227496036.52954105,70945182.80029297
7463,7463,7469,19800.0,66,53539180.755615234,66074466.705322266,197203445.4345703,69524860.38208008
7464,7464,7470,19800.0,66,60557842.25463867,66231250.76293945,202302360.534668,67418575.28686523
7465,7465,7471,19658.0,70,53188575.744628906,66146156.31103516,197723587.0361328,68836237.90740967
7466,7466,7472,19843.0,99,55483413.69628906,66996189.11743164,218916247.3678589,69568145.75195312
7467,7467,7473,19941.0,72,65940402.03094482,66925276.75628662,319346329.6890259,69502109.52758789
7468,7468,7474,19718.0,66,50316255.56945801,65997306.82373047,191972881.31713867,67341930.3894043
7469,7469,7475,19882.0,68,52355243.68286133,67001647.94921875,180872259.14001465,69375522.61352539
7470,7470,7476,19705.0,70,50320094.10858154,66797390.937805176,192464014.05334476,68947507.85827637
7471,7471,7477,19798.0,76,48374958.9920044,66700519.56176758,198096092.2241211,68738538.74206543
7472,7472,7478,19907.0,68,41855299.949646,66569972.99194336,176201872.82562256,69241882.32421875
7473,7473,7479,19760.0,66,40615997.314453125,65821895.599365234,159439601.89819336,67708797.45483398
7474,7474,7480,19862.0,78,39426980.01861572,66010767.93670654,141104968.0709839,66958569.52667236
7475,7475,7481,19800.0,66,45000457.76367188,65448760.986328125,169057846.06933594,67759323.12011719
7476,7476,7482,19800.0,66,48466873.16894531,65281105.04150391,182539558.41064453,67314147.94921875
7477,7477,7483,19703.0,70,54936678.88641357,66341110.22949219,182696658.13446045,67749432.56378174
7478,7478,7484,19774.0,81,62065215.11077881,66683672.90496826,219072448.73046875,69366206.16912842
7479,7479,7485,19853.0,71,51984863.28125,66458041.191101074,205081370.35369876,68428695.67871094
7480,7480,7486,19889.0,67,59701194.7631836,66982318.87817383,183245555.87768555,68746246.33789062
7481,7481,7487,19667.0,73,58108154.296875,66893112.18261719,173627601.62353516,68815958.9767456
7482,7482,7488,19759.0,98,61911687.85095215,66129159.92736816,197075366.02020264,67551227.56958008
7483,7483,7489,20067.0,94,60330348.01483154,66226549.14855957,226157889.3661499,68336784.36279297
7484,7484,7490,19800.0,67,41385437.01171875,65731143.951416016,210236160.2783203,68341495.51391602
7485,7485,7491,19800.0,66,47369384.765625,64744949.34082031,198460006.7138672,66214656.829833984
7486,7486,7492,19745.0,72,60273692.13104248,66452040.672302246,216214231.49108887,68970645.90454102
7487,7487,7493,19735.0,77,54621667.86193848,66313777.923583984,204873642.92144772,69533467.29278564
7488,7488,7494,19936.0,67,56618644.71435547,66746025.08544922,185642341.61376956,68669097.90039062
7489,7489,7495,19694.0,66,54320707.32116699,65367771.14868164,188985809.32617188,67366462.70751953
7490,7490,7496,19814.0,70,53508383.75091553,66884298.32458496,191160367.01202396,69620043.75457764
7491,7491,7497,19800.0,71,52358472.82409668,66181172.370910645,252155635.83374023,67996118.54553223
7492,7492,7498,19801.0,67,45373350.14343262,65605308.53271485,173257999.42016602,68169307.70874023
7493,7493,7499,19867.0,67,42464024.54376221,66143632.888793945,181554318.42803955,67999574.66125488
7494,7494,7500,19715.0,76,50443168.64013672,66385389.32800293,198967336.6546631,68593627.9296875
7495,7495,7501,19743.0,73,49581190.10925293,64631076.81274414,181055766.10565183,66582464.21813965
7496,7496,7502,19946.0,80,49941618.91937256,66184844.01702881,203154088.97399905,68768239.97497559
7497,7497,7503,19852.0,68,43007172.58453369,64996610.64147949,200539219.8562622,66554586.41052246
7498,7498,7504,19697.0,74,46746273.040771484,65612247.467041016,172271979.3319702,67481170.65429688
7499,7499,7505,19848.0,74,57889238.357543945,65741896.629333496,218260478.0197144,67698925.97198486
7500,7500,7506,19869.0,67,46503770.82824707,66480199.81384277,329019269.9432373,68243133.54492188
7501,7501,7507,19800.0,66,48422527.31323242,65679359.43603516,182074928.2836914,68347835.54077148
7502,7502,7508,19665.0,75,49294364.92919922,64996269.22607422,170372927.66571045,67588175.7736206
7503,7503,7509,19944.0,70,46272089.95819092,65180553.4362793,176730848.31237793,66359538.078308105
7504,7504,7510,19692.0,66,48545410.15625,65649066.92504883,152654014.58740234,67477767.94433594
7505,7505,7511,19813.0,76,62179532.051086426,66477362.632751465,211831585.88409424,68985513.68713379
7506,7506,7512,19871.0,75,45961429.59594727,66368399.62005615,186240947.72338867,70193440.4373169
7507,7507,7513,19800.0,66,49506282.80639648,70323944.09179688,190595054.62646484,74208354.94995117
7508,7508,7514,19800.0,66,52897167.20581055,71915817.26074219,179352664.94750977,75336170.1965332
7509,7509,7515,19800.0,67,51554420.471191406,67616317.74902344,169616386.41357422,73527706.14624023
7510,7510,7516,19800.0,66,55423164.36767578,68556118.01147461,187410736.0839844,72857666.015625
7511,7511,7517,19800.0,66,56712341.30859375,71436595.91674805,188497066.49780276,74144840.24047852
7512,7512,7518,19800.0,67,56139684.67712402,69532585.14404297,203311759.94873047,73370136.26098633
7513,7513,7519,19800.0,67,56987083.435058594,71453475.95214844,186789047.2412109,74987024.30725098
7514,7514,7520,19800.0,66,58271312.71362305,71818828.58276367,191810131.07299805,73970031.73828125
7515,7515,7521,19800.0,66,49188423.15673828,67854881.2866211,187830448.1506348,70854091.64428711
7516,7516,7522,19800.0,66,46701908.111572266,67574501.03759766,190287494.65942383,70770835.87646484
7517,7517,7523,19800.0,66,54073905.94482422,70824623.10791016,191425609.58862305,74209785.46142578
7518,7518,7524,19800.0,66,51828002.9296875,66778850.55541992,189697551.7272949,70523071.2890625
7519,7519,7525,19800.0,66,57757186.88964844,66535949.70703125,191523170.4711914,67843151.0925293
7520,7520,7526,19634.0,67,50190152.168273926,66759212.49389648,174732187.27111816,70464757.91931152
7521,7521,7527,19966.0,68,54738679.88586426,70593189.23950195,190629126.5487671,73110862.7319336
7522,7522,7528,19800.0,67,53812694.54956055,68586536.4074707,183981788.6352539,72067588.80615234
7523,7523,7529,19785.0,66,60066847.801208496,69659214.01977539,200236644.74487305,73372936.2487793
7524,7524,7530,19815.0,67,61072397.232055664,70733785.62927246,204752240.18096924,74564981.46057129
7525,7525,7531,19771.0,66,58884260.17761231,68444874.76348877,205932886.12365723,72662567.13867188
7526,7526,7532,19712.0,79,67655355.45349121,67676072.1206665,228051764.4882202,71308021.54541016
7527,7527,7533,19751.0,92,65918423.652648926,69859691.61987305,221182450.29449463,73341683.38775635
7528,7528,7534,20009.0,76,62080245.97167969,72458576.20239258,206875858.3068848,75069969.1772461
7529,7529,7535,19698.0,66,63371269.22607422,72448139.19067383,252242197.0367432,76161426.54418945
7530,7530,7536,19905.0,71,65409444.80895996,68573210.71624756,226499122.6196289,73095254.89807129
7531,7531,7537,19800.0,66,65223026.275634766,70363140.10620117,218448829.6508789,73177528.38134766
7532,7532,7538,19701.0,66,58315029.14428711,67379035.94970703,206101378.44085693,70457116.12701416
7533,7533,7539,19883.0,78,67607623.10028076,68410898.20861816,239820760.7269287,70981694.22149658
7534,7534,7540,19725.0,77,66880227.08892822,68385289.1921997,212266641.6168213,71432059.2880249
7535,7535,7541,19866.0,76,58049266.81518555,67857980.72814941,202942134.85717773,71970559.12017822
7536,7536,7542,19868.0,67,58756187.43896485,70698230.7434082,209487548.828125,73342075.34790039
7537,7537,7543,19800.0,67,65548464.77508545,70982551.57470703,224221804.61883545,73120508.19396973
7538,7538,7544,19677.0,77,67305184.36431885,69199666.97692871,216584807.39593503,73806842.80395508
7539,7539,7545,19932.0,68,71499086.38000488,71785663.60473633,212383132.9345703,75823112.48779297
7540,7540,7546,19800.0,66,61492824.55444336,72245693.20678711,195768642.4255371,75064659.11865234
7541,7541,7547,19803.0,72,64238191.60461426,68282045.36437988,248878037.45269772,71537373.54278564
7542,7542,7548,19752.0,66,53581924.43847656,68886257.17163086,187206756.59179688,71309223.17504883
7543,7543,7549,19810.0,67,65164037.70446777,70344589.23339844,210945659.6374512,73156196.59423828
7544,7544,7550,19805.0,71,66212437.62969971,69306524.2767334,227140703.20129395,74423063.27819824
7545,7545,7551,19840.0,72,67023869.51446533,70678810.1196289,272725730.8959961,73951212.8829956
7546,7546,7552,19717.0,67,67337020.87402344,72019222.25952148,232952907.56225583,75942291.25976562
7547,7547,7553,19883.0,68,57546977.99682617,70411369.32373047,195725509.6435547,74327568.05419922
7548,7548,7554,19593.0,73,73434121.13189697,69251841.54510498,225063046.4553833,71371597.29003906
7549,7549,7555,19867.0,77,73924088.47808838,68820297.24121094,235761366.84417725,71864096.64154053
7550,7550,7556,19686.0,93,66323250.77056885,63647777.55737305,284323062.8967285,66935424.8046875
7551,7551,7557,19824.0,76,69731325.14953613,63889246.94061279,214262866.97387692,66692757.60650635
7552,7552,7558,19774.0,77,81211254.11987305,65105313.301086426,259249042.51098636,68888833.04595947
7553,7553,7559,19754.0,89,71823848.72436523,64554687.5,220230303.7643433,68857801.43737793
7554,7554,7560,20089.0,83,78374283.79058838,65580994.60601807,244799302.10113525,68962363.24310303
7555,7555,7561,19600.0,79,69982732.77282715,65055295.94421387,238405903.81622317,69899298.66790771
7556,7556,7562,19545.0,73,69486708.64105225,67050671.57745361,208450604.4387817,71291557.31201172
7557,7557,7563,19945.0,93,82928906.44073486,66756488.80004883,322508895.87402344,70074490.54718018
7558,7558,7564,19925.0,69,63557945.25146485,64775478.36303711,196801361.0839844,69193431.85424805
7559,7559,7565,19615.0,67,63603569.03076172,61963169.09790039,207551926.612854,64344204.902648926
7560,7560,7566,19852.0,73,67805243.49212646,62638217.92602539,210550262.45117188,66985002.5177002
7561,7561,7567,19933.0,69,74936405.18188477,65245975.494384766,234493831.63452148,67783889.77050781
7562,7562,7568,19658.0,72,62352410.316467285,60737147.33123779,268911365.5090332,66467375.75531006
7563,7563,7569,19703.0,69,60928722.3815918,59977103.2333374,198250373.84033203,62150502.20489502
7564,7564,7570,19824.0,69,64009931.564331055,60245329.85687256,202047496.7956543,62827172.27935791
7565,7565,7571,19884.0,78,74600049.97253418,60498944.28253174,254425901.41296387,64925571.44165039
7566,7566,7572,19852.0,78,80599327.08740234,64020863.53302002,256347152.7099609,67825967.78869629
7567,7567,7573,19830.0,73,72092177.39105225,65810886.38305664,224008584.9761963,68035045.6237793
7568,7568,7574,19459.0,80,58889097.21374512,59815890.31219482,198754558.5632324,65109762.19177246
7569,7569,7575,19819.0,91,64403512.95471192,58303755.76019287,212914243.6981201,60255332.946777344
7570,7570,7576,19937.0,89,62464786.529541016,58527923.583984375,202528414.7262573,60655262.94708252
7571,7571,7577,19740.0,67,64724807.73925781,59025363.92211914,211248550.41503903,62503967.28515625
7572,7572,7578,19816.0,68,70691455.84106445,62126438.14086914,220962028.503418,64503669.73876953
7573,7573,7579,19824.0,70,68393947.60131836,63003128.05175781,219357654.5715332,65240310.66894531
7574,7574,7580,19816.0,68,68185356.14013672,59711406.70776367,211941978.45458984,65111316.6809082
7575,7575,7581,19664.0,67,69126472.47314453,58176082.611083984,210969783.78295895,59958358.76464844
7576,7576,7582,19723.0,73,66311007.49969482,59613913.53607178,216466740.60821533,62538548.46954346
7577,7577,7583,19823.0,69,68048995.01800537,59770864.486694336,271071533.203125,62153770.446777344
7578,7578,7584,19865.0,69,71324413.29956055,59961301.80358887,232518217.086792,62638939.85748291
7579,7579,7585,19834.0,68,64716373.44360352,60547794.342041016,222886470.79467773,62344871.520996094
7580,7580,7586,19677.0,68,64774429.32128906,56842796.3256836,210945930.48095703,58932079.31518555
7581,7581,7587,19936.0,71,64342976.5701294,57535263.06152344,196784644.1268921,58843490.60058594
7582,7582,7588,19667.0,68,58659597.396850586,55921343.80340576,215293207.1685791,57888832.09228516
7583,7583,7589,19945.0,73,71445067.40570068,57669217.109680176,213794231.4147949,59650359.15374756
7584,7584,7590,19795.0,68,71503593.44482422,57925884.24682617,214863784.79003903,60884071.350097656
7585,7585,7591,19818.0,70,68768966.67480469,59371433.25805664,216317207.33642575,61671134.94873047
7586,7586,7592,19798.0,68,70592765.80810547,61432083.12988281,210325099.9450684,64311958.31298828
7587,7587,7593,19802.0,68,71608062.74414062,58886924.74365234,218597316.74194336,64476352.69165039
7588,7588,7594,19817.0,68,69920825.95825195,57638549.8046875,210875415.80200195,59136337.28027344
7589,7589,7595,19652.0,68,67505825.99639893,57638432.50274658,209501976.0131836,60003297.80578613
7590,7590,7596,19924.0,75,67033362.38861084,59643936.15722656,227077507.01904297,62525159.83581543
7591,7591,7597,19768.0,68,66898763.65661621,62346214.2944336,218163530.34973145,63634315.490722656
7592,7592,7598,19765.0,69,63627094.26879883,60074924.46899414,221248941.4215088,63815525.05493164
7593,7593,7599,19844.0,84,75907980.91888428,63392320.63293457,244636905.670166,66461956.02416992
7594,7594,7600,19811.0,72,81078456.87866211,64984766.96014404,334370683.67004395,67551993.37005615
7595,7595,7601,19712.0,69,67005857.46765137,61784130.09643555,306602521.8963623,68165901.18408203
7596,7596,7602,19882.0,69,80626750.94604492,62650867.4621582,239539169.31152344,64866718.29223633
7597,7597,7603,19816.0,68,77269161.22436523,63271694.18334961,250433990.4785156,65398128.509521484
7598,7598,7604,19815.0,68,73969306.94580078,63586204.528808594,250660068.5119629,66529323.57788086
7599,7599,7605,19763.0,68,67415489.19677734,62949707.03125,230928874.9694824,66426635.7421875
7600,7600,7606,19837.0,79,82204018.59283447,63777376.17492676,279570654.8690796,66622805.59539795
7601,7601,7607,19543.0,67,77869470.59631348,62362056.73217773,229014156.34155276,68862098.69384766
7602,7602,7608,19947.0,72,84269008.63647461,65612997.05505371,241397682.1899414,68919284.82055664
7603,7603,7609,19668.0,68,83284889.2211914,63671947.47924805,251633865.3564453,69296470.64208984
7604,7604,7610,19962.0,69,78438030.24291992,64008186.34033203,226112651.8249512,67999279.0222168
7605,7605,7611,19817.0,68,85281318.66455078,65645637.51220703,222255187.98828125,70741790.77148438
7606,7606,7612,19723.0,68,83892285.34698486,68566101.07421875,257539385.7955933,72225891.11328125
7607,7607,7613,19844.0,67,80223571.77734375,67101345.06225586,247302585.60180664,72414150.23803711
7608,7608,7614,19758.0,67,70135654.44946289,63444725.03662109,254032623.2910156,66850864.41040039
7609,7609,7615,19798.0,68,79306293.48754883,64210697.174072266,235255458.8317871,67270210.26611328
7610,7610,7616,19858.0,68,79299251.55639648,64618564.60571289,244947193.14575195,69640830.99365234
7611,7611,7617,19641.0,67,75790721.89331055,64227157.59277344,231941864.01367188,68769790.64941406
7612,7612,7618,19992.0,69,80303001.4038086,67435791.015625,229812332.1533203,72148170.4711914
7613,7613,7619,19813.0,68,77214912.41455078,67025417.32788086,230243274.6887207,69994506.8359375
7614,7614,7620,19738.0,68,81243392.94433594,64183074.95117188,226525955.2001953,69019355.77392578
7615,7615,7621,19817.0,69,77491604.80499268,66608871.45996094,227488201.14135745,69449916.83959961
7616,7616,7622,19864.0,67,80263763.42773438,67061954.498291016,235578720.09277344,70520477.29492188
7617,7617,7623,19574.0,68,74271186.82861328,62648399.353027344,204259543.41888428,67545925.14038086
7618,7618,7624,19974.0,72,69923364.63928223,64995457.64923096,236270229.3395996,69703474.0447998
7619,7619,7625,19846.0,68,78768234.25292969,66589569.09179688,240274368.2861328,69907447.8149414
7620,7620,7626,19709.0,68,77065578.46069336,61501998.90136719,234967592.23937988,64954994.20166016
7621,7621,7627,19891.0,69,79128375.05340576,62788068.77136231,216202358.2458496,64843912.12463379
7622,7622,7628,19800.0,67,75115634.91821289,62507057.189941406,247041904.4494629,66580471.03881836
7623,7623,7629,19800.0,66,77567481.9946289,61855602.2644043,232279872.8942871,65365791.32080078
7624,7624,7630,19800.0,67,62917461.39526367,62072441.10107422,208723838.80615237,64336681.3659668
7625,7625,7631,19800.0,66,57168388.36669922,61473941.80297852,210390472.41210935,63314437.86621094
7626,7626,7632,19651.0,66,65795699.11956787,61848938.94195557,229308525.0854492,64909388.54217529
7627,7627,7633,19934.0,70,76358948.70758057,66260836.60125733,248360885.6201172,69943141.93725586
7628,7628,7634,19692.0,66,75692104.33959961,66766674.04174805,249241287.2314453,70400630.95092773
7629,7629,7635,19887.0,73,71367485.04638672,65645029.06799317,241653046.6079712,73328904.1519165
7630,7630,7636,19816.0,68,88105085.3729248,65540710.44921875,275462472.9156494,68452632.90405273
7631,7631,7637,19800.0,66,80713176.72729492,66655540.466308594,254347801.2084961,71158504.48608398
7632,7632,7638,19800.0,66,76188755.03540039,69650745.3918457,221464347.83935547,72728061.67602539
7633,7633,7639,19800.0,66,85674762.72583008,69433307.64770508,270802974.70092773,72693443.29833984
7634,7634,7640,19800.0,67,70840229.03442383,65890224.45678711,250989944.4580078,69583518.9819336
7635,7635,7641,19800.0,66,87611103.05786133,69317722.32055664,233644580.84106445,73122596.74072266
7636,7636,7642,19600.0,67,78532741.54663086,71240764.61791992,252700534.82055664,75060894.01245117
7637,7637,7643,19861.0,75,62478773.11706543,68238092.42248535,241788860.3210449,71058518.409729
7638,7638,7644,19925.0,68,75890664.10064697,65802356.7199707,242806402.2064209,71197351.45568848
7639,7639,7645,19768.0,67,64503139.49584961,64719947.814941406,215347301.4831543,67649944.30541992
7640,7640,7646,19591.0,67,60425022.12524414,64533046.72241211,219498912.8112793,66852035.52246094
7641,7641,7647,20041.0,68,61603904.72412109,63965938.568115234,232191841.12548828,69421169.28100586
7642,7642,7648,19722.0,67,72502780.91430664,64897060.39428711,229637687.68310547,67338657.37915039
7643,7643,7649,19769.0,69,73670017.24243164,68629505.1574707,255178405.76171875,70766471.86279297
7644,7644,7650,19874.0,69,67711902.6184082,67378982.54394531,273865943.9086914,72719535.82763672
7645,7645,7651,19723.0,68,76577777.86254883,64982406.61621094,269829643.2495117,69674800.87280273
7646,7646,7652,19911.0,70,79479640.96069336,69223674.77416992,269913417.8161621,72944862.36572266
7647,7647,7653,19798.0,68,71971050.26245117,65715854.64477539,227939323.42529297,70717746.73461914
7648,7648,7654,19803.0,68,73883766.1743164,67498134.61303711,234630558.013916,70060489.65454102
7649,7649,7655,19691.0,67,64158725.73852539,66892639.16015625,231793502.8076172,70323898.31542969
7650,7650,7656,19679.0,68,69564888.00048828,63636508.94165039,218289871.2158203,68994075.77514648
7651,7651,7657,19920.0,69,63565959.93041992,65530906.677246094,239873321.53320312,66951187.13378906
7652,7652,7658,19676.0,68,64585903.16772461,62763103.48510742,218487489.70031735,67199687.00408936
7653,7653,7659,19553.0,79,65764776.2298584,60880410.19439697,240021697.99804688,63922575.95062256
7654,7654,7660,19618.0,77,70808140.7546997,60888870.23925781,241458019.2565918,64269411.08703613
7655,7655,7661,19347.0,78,70238267.89855957,60960854.53033447,260846323.0133057,64126049.04174805
7656,7656,7662,19733.0,82,81056750.29754639,65672974.58648682,292833498.95477295,72452670.09735107
7657,7657,7663,19511.0,67,82376522.06420898,69262134.55200195,266544101.7150879,75038215.63720703
7658,7658,7664,19532.0,67,83719066.61987305,72124084.47265625,262273075.10375977,78269763.9465332
7659,7659,7665,19515.0,67,61339889.52636719,69275535.5834961,232309246.0632324,74574832.91625977
7660,7660,7666,19505.0,67,66350219.7265625,67385879.51660156,227844322.20458984,70011856.07910156
7661,7661,7667,19176.0,74,66690015.79284668,66440092.08679199,248590549.4689941,70773523.33068848
7662,7662,7668,19748.0,93,80450701.71356201,66577800.75073242,240428252.2201538,70877975.46386719
7663,7663,7669,19960.0,76,82469570.15991211,64260263.44299317,251774016.3803101,71258088.11187744
7664,7664,7670,19813.0,68,72487129.21142578,64216423.03466797,224252277.3742676,69684497.83325195
7665,7665,7671,19787.0,68,75755638.1225586,65635967.25463867,244941074.3713379,67971286.77368164
7666,7666,7672,19801.0,68,74907009.12475586,64828681.94580078,231549457.55004883,70044944.7631836
7667,7667,7673,19813.0,68,71102134.70458984,67300319.67163086,239483356.47583008,72251636.50512695
7668,7668,7674,19750.0,68,81219032.28759766,67107543.9453125,231554649.3530273,69961494.44580078
7669,7669,7675,19810.0,69,62154165.267944336,65787738.80004883,222610176.08642575,71259666.4428711
7670,7670,7676,19722.0,78,64959236.14501953,62926043.51043701,231437390.3274536,68329872.13134766
7671,7671,7677,19811.0,68,72334163.66577148,66264400.48217773,261277374.26757807,69696166.9921875
7672,7672,7678,19497.0,73,64809566.497802734,64738163.94805908,249455165.8630371,67955346.10748291
7673,7673,7679,20055.0,82,65354857.44476318,60253169.05975342,275020020.4849243,67223904.60968018
7674,7674,7680,19814.0,68,61610069.27490234,60121864.318847656,236700004.57763672,62191116.33300781
7675,7675,7681,19801.0,68,62822345.73364258,60022743.225097656,236267047.88208008,62416870.1171875
7676,7676,7682,19799.0,68,63549861.90795898,63977714.53857422,233984100.34179688,68155368.80493164
7677,7677,7683,19802.0,68,70060188.29345703,65936275.48217773,268106307.98339844,68315090.17944336
7678,7678,7684,19812.0,68,69485752.10571289,65588150.02441406,278173038.482666,69194210.05249023
7679,7679,7685,19816.0,68,59316234.58862305,62856304.16870117,275935951.23291016,66609561.920166016
7680,7680,7686,19832.0,68,58382980.34667969,62025642.39501953,232506896.97265625,65531230.92651367
7681,7681,7687,19831.0,69,57888357.16247559,60020526.88598633,239353324.89013672,63013935.08911133
7682,7682,7688,19709.0,67,58239459.99145508,62217044.830322266,284450016.0217285,64907760.62011719
7683,7683,7689,19873.0,68,66369190.21606445,61207637.786865234,212158603.6682129,65366275.78735352
7684,7684,7690,19818.0,68,64976070.404052734,63652038.57421875,216741416.93115237,67420207.97729492
7685,7685,7691,19676.0,67,64458686.82861328,64134738.92211914,259142646.7895508,66733654.0222168
7686,7686,7692,19800.0,68,63690692.90161133,60788055.41992188,272266372.68066406,68253688.81225586
7687,7687,7693,19831.0,68,72072235.10742188,65089420.31860352,221077434.5397949,68628978.72924805
7688,7688,7694,19813.0,68,68589771.27075195,66390731.81152344,271585109.71069336,70230846.4050293
7689,7689,7695,19800.0,68,79816127.77709961,64185588.83666992,271176872.253418,67296100.61645508
7690,7690,7696,19802.0,68,61146751.403808594,60013797.760009766,278643638.61083984,63262493.13354492
7691,7691,7697,19817.0,68,61485500.33569336,59455078.125,257242019.6533203,62605545.04394531
7692,7692,7698,19861.0,70,72912528.99169922,60298555.37414551,268101451.8737793,63099454.87976074
7693,7693,7699,19692.0,67,66801399.23095703,59920566.55883789,230970989.2272949,64515052.79541016
7694,7694,7700,19875.0,68,76562492.37060547,63653930.6640625,288403984.0698242,67789585.11352539
7695,7695,7701,19815.0,69,76809158.32519531,62711921.69189453,255620853.42407227,67052654.26635742
7696,7696,7702,19695.0,67,63819442.74902344,60915824.89013672,211013397.21679688,65109912.87231445
7697,7697,7703,19892.0,68,74618320.46508789,63810169.2199707,290927021.0266113,67608604.43115234
7698,7698,7704,19721.0,67,58583274.841308594,62657371.520996094,195782386.7797852,66574520.111083984
7699,7699,7705,19910.0,67,67442150.1159668,59769592.28515625,277405719.7570801,63009681.70166016
7700,7700,7706,19750.0,66,62180805.20629883,61392211.9140625,197692871.09375,65320682.525634766
7701,7701,7707,19850.0,68,61320903.77807617,62339366.9128418,261532829.284668,65896350.8605957
7702,7702,7708,19690.0,68,54047908.78295898,63002742.767333984,225323738.09814453,65123218.53637695
7703,7703,7709,19820.0,68,74275871.27685547,61558357.23876953,261618751.5258789,66543415.06958008
7704,7704,7710,19811.0,68,67625774.38354492,62088771.82006836,245570194.2443848,66430786.1328125
7705,7705,7711,19879.0,67,60895652.770996094,59683689.11743164,275575366.9738769,65279052.734375
7706,7706,7712,19800.0,66,55086994.17114258,59248924.25537109,201012611.38916016,62247276.30615234
7707,7707,7713,19709.0,67,55164852.142333984,59735141.75415039,218081909.1796875,61435272.21679688
7708,7708,7714,19845.0,68,62458560.94360352,61556400.299072266,249926376.34277344,66285949.70703125
7709,7709,7715,19846.0,68,65160110.47363281,64603981.018066406,222998508.45336917,67851318.359375
7710,7710,7716,19627.0,67,59176935.19592285,61679275.51269531,234140857.6965332,64960353.85131836
7711,7711,7717,19955.0,69,58932411.193847656,62105751.99127197,219288452.1484375,65184819.22149658
7712,7712,7718,19629.0,67,59471420.28808594,63579681.396484375,270162387.8479004,66180498.12316895
7713,7713,7719,19854.0,70,54415168.76220703,61703767.77648926,182192844.39086917,65928689.95666504
7714,7714,7720,19931.0,69,54178260.803222656,61363538.74206543,230569583.89282227,63868415.83251953
7715,7715,7721,19804.0,68,51199796.67663574,60409854.888916016,230037311.55395508,63646224.97558594
7716,7716,7722,19770.0,66,52820262.90893555,61653442.3828125,229582672.11914065,63447818.75610352
7717,7717,7723,19830.0,68,56337947.84545898,60653099.060058594,217806583.40454105,63494739.5324707
7718,7718,7724,19800.0,66,56859970.09277344,62123107.91015625,236886405.94482425,64715480.80444336
7719,7719,7725,19800.0,66,54044151.30615234,60154151.91650391,220802021.02661133,63118171.69189453
7720,7720,7726,19696.0,66,56411251.068115234,62647056.57958984,221939971.92382807,65245723.724365234
7721,7721,7727,19784.0,71,60598579.40673828,62323108.6730957,225493865.96679688,63883746.14715576
7722,7722,7728,19958.0,94,62985093.116760254,58299520.49255371,206733459.47265625,63160507.20214844
7723,7723,7729,19677.0,80,61833876.609802246,60830136.2991333,251820567.13104248,63920842.17071533
7724,7724,7730,19859.0,93,61043953.89556885,60859639.167785645,254782013.89312744,64332712.17346192
7725,7725,7731,19891.0,78,54355807.30438232,57759380.34057617,275189946.1746216,61039604.18701172
7726,7726,7732,19706.0,72,57949327.46887207,59811630.24902344,209386172.2946167,63326248.16894531
7727,7727,7733,19809.0,74,72333068.84765625,59190254.21142578,297615016.93725586,63601535.79711914
7728,7728,7734,19939.0,67,59102485.65673828,64300022.12524414,240219982.1472168,67051235.19897461
7729,7729,7735,19691.0,66,50588233.94775391,57258642.19665527,238003223.41918945,59661771.77429199
7730,7730,7736,19913.0,74,54592571.25854492,59911582.946777344,255103217.12493896,63988279.34265137
7731,7731,7737,19692.0,66,55155887.603759766,60793064.11743164,196391635.8947754,62627998.35205078
7732,7732,7738,19599.0,68,64855478.28674317,57484416.96166992,266330074.31030276,59965965.270996094
7733,7733,7739,20123.0,81,70077069.28253174,58161803.24554443,252420269.9661255,61564008.71276856
7734,7734,7740,19717.0,66,59071874.61853027,57477394.10400391,216238918.30444336,60150703.43017578
7735,7735,7741,19714.0,86,58108180.04608154,57242737.77008057,255054513.9312744,59823082.92388916
7736,7736,7742,19808.0,87,60446862.22076416,58531805.99212647,217243016.24298096,61227667.80853272
7737,7737,7743,19794.0,86,60894048.6907959,57835366.24908447,212368625.64086917,60493972.77832031
7738,7738,7744,19740.0,86,54033749.5803833,58426095.962524414,229909639.3585205,59056192.39807129
7739,7739,7745,19713.0,79,59547198.29559326,59915984.15374756,204770706.1767578,63385581.01654053
7740,7740,7746,20043.0,80,61720890.045166016,61554815.2923584,256894273.75793457,64213990.21148682
7741,7741,7747,19783.0,66,58489095.68786621,61145195.00732422,245091606.14013672,64552036.28540039
7742,7742,7748,19443.0,79,59988611.22131348,57926824.56970215,232928764.3432617,61404933.92944336
7743,7743,7749,19674.0,78,62903029.441833496,61248345.37506104,245332770.3475952,63656058.3114624
7744,7744,7750,20054.0,85,63565619.468688965,63937647.81951904,254273083.6868286,65353898.04840088
7745,7745,7751,19856.0,75,58975547.790527344,59678914.0701294,250234291.07666016,65587230.68237305
7746,7746,7752,19727.0,74,80543025.97045898,59767461.7767334,299796932.220459,63298038.482666016
7747,7747,7753,19357.0,91,73697846.41265869,60520079.61273193,240314399.71923828,63207404.13665772
7748,7748,7754,19918.0,80,66877712.24975586,63502045.63140869,224575305.9387207,67221429.8248291
7749,7749,7755,19484.0,65,74826610.56518555,66431964.87426758,252731803.89404297,68466766.35742188
7750,7750,7756,19516.0,67,66061225.89111328,63153476.71508789,238393249.51171875,68388671.875
7751,7751,7757,19500.0,65,72467136.38305664,64449977.87475586,243702220.91674805,66249275.20751953
7752,7752,7758,19500.0,65,71130180.35888672,64888572.69287109,233593654.6325684,66240692.13867188
7753,7753,7759,19500.0,65,73358917.23632812,65159511.56616211,221242332.4584961,65937137.603759766
7754,7754,7760,19500.0,66,68785800.93383789,65993701.93481445,245354549.40795895,68150054.93164062
7755,7755,7761,19343.0,68,72766584.3963623,66077431.67877197,209512059.21173096,67966833.11462402
7756,7756,7762,19032.0,64,68422657.01293945,64923900.60424805,240305671.69189453,66860000.61035156
7757,7757,7763,18612.0,69,70397027.96936035,65063012.12310791,244883699.41711423,66690963.74511719
7758,7758,7764,18367.0,62,65873378.75366211,64095188.14086914,203805007.9345703,66505397.79663086
7759,7759,7765,18833.0,65,69915779.11376953,69160713.19580078,207859672.54638672,71272716.5222168
7760,7760,7766,19129.0,79,66368497.84851074,68730942.72613525,237167863.8458252,71080829.62036133
7761,7761,7767,19653.0,85,69739748.95477295,66969551.08642578,233531812.66784668,72880789.7567749
7762,7762,7768,19342.0,71,71186816.21551514,65435717.58270264,250247398.37646484,67670286.17858887
7763,7763,7769,19623.0,74,68789635.65826416,68684039.11590576,256416664.1235352,71773042.67883301
7764,7764,7770,19413.0,66,71885864.2578125,68979328.15551758,200157463.07373047,71424598.69384766
7765,7765,7771,19524.0,67,64907955.16967773,67971099.85351562,234638160.7055664,71911575.31738281
7766,7766,7772,19495.0,67,65731369.01855469,68494602.20336914,257906330.10864255,71620895.38574219
7767,7767,7773,19539.0,79,65972526.55029297,68417557.71636963,252188032.15026852,72216421.12731934
7768,7768,7774,19362.0,66,65670398.7121582,66466411.59057617,233782539.36767575,69084278.10668945
7769,7769,7775,19549.0,67,63472732.54394531,66840171.81396485,212390651.7028809,69180744.17114258
7770,7770,7776,19557.0,67,66163780.21240234,67851032.25708008,201741245.2697754,70599567.41333008
7771,7771,7777,19529.0,67,60907405.853271484,70127311.70654297,226933013.9160156,72267124.17602539
7772,7772,7778,19322.0,66,44022867.20275879,66209573.74572754,224266365.05126956,72600833.89282227
7773,7773,7779,19597.0,72,48242376.32751465,62070684.4329834,206582321.1669922,65433445.93048096
7774,7774,7780,19531.0,67,54882076.26342773,59676776.88598633,174104171.7529297,63464279.17480469
7775,7775,7781,19527.0,70,54379203.79638672,62128582.00073242,226929000.8544922,64340637.20703125
7776,7776,7782,19394.0,66,52569702.1484375,60229217.52929688,207723045.3491211,63678447.72338867
7777,7777,7783,19531.0,67,58623561.85913086,60202720.64208984,232276424.40795895,64625854.4921875
7778,7778,7784,19517.0,67,48408241.271972656,60083778.381347656,223412601.47094727,64408016.204833984
7779,7779,7785,19587.0,67,43128772.7355957,55420108.795166016,232219638.8244629,60513874.05395508
7780,7780,7786,19309.0,69,64405235.290527344,59041693.687438965,221893799.7817993,63164935.11199951
7781,7781,7787,19701.0,88,63645449.6383667,61437564.84985352,271366029.7393799,64227522.85003662
7782,7782,7788,19518.0,67,65809696.197509766,60934490.20385742,230018802.64282227,65148406.98242188
7783,7783,7789,19385.0,66,55885929.107666016,59762868.88122559,229055316.92504883,61517116.54663086
7784,7784,7790,19363.0,82,59693415.64178467,62553169.25048828,217221096.99249268,66652789.11590576
7785,7785,7791,19664.0,74,66017177.58178711,65871212.005615234,237507178.3065796,67886019.70672607
7786,7786,7792,19398.0,67,46369010.92529297,61782409.66796875,178179164.8864746,65855411.529541016
7787,7787,7793,19469.0,67,43927612.3046875,58703540.80200195,151740707.39746094,63582042.6940918
7788,7788,7794,19557.0,67,47551967.62084961,60551410.67504883,458655712.1276856,62076984.40551758
7789,7789,7795,19547.0,67,46123012.54272461,56445289.611816406,223375728.60717773,60806533.81347656
7790,7790,7796,19531.0,67,48865432.73925781,57639225.00610352,216727718.35327148,60703510.28442383
7791,7791,7797,19514.0,67,55489593.505859375,59609401.70288086,224397769.9279785,61131809.23461914
7792,7792,7798,19377.0,66,46197303.771972656,58042922.97363281,215857566.8334961,60814899.44458008
7793,7793,7799,19505.0,68,51875968.93310547,61184059.143066406,247221073.1506348,62738151.55029297
7794,7794,7800,19494.0,67,49293014.52636719,59616657.25708008,203733276.3671875,62307266.23535156
7795,7795,7801,19516.0,67,48062595.36743164,56914295.1965332,191346473.6938477,58255016.3269043
7796,7796,7802,19500.0,67,46608554.84008789,56894874.57275391,217074249.26757807,58402671.81396485
7797,7797,7803,19498.0,67,47793258.66699219,56929229.736328125,215757408.14208984,59606552.12402344
7798,7798,7804,19533.0,67,55833019.2565918,58912528.99169922,242482051.84936523,61700023.65112305
7799,7799,7805,19499.0,67,49781368.255615234,60294151.30615234,205832164.7644043,63440402.98461914
7800,7800,7806,19399.0,81,52412205.69610596,58281511.306762695,233727198.60076904,62352205.27648926
7801,7801,7807,20010.0,81,58294631.004333496,64845316.886901855,238206561.088562,68382618.90411377
7802,7802,7808,19845.0,68,53662322.99804688,64104064.94140625,251105648.04077148,68092926.02539062
7803,7803,7809,19802.0,68,54730457.3059082,66166130.06591797,184102054.59594727,63956260.68115234
7804,7804,7810,19677.0,67,59163677.21557617,63455406.18896485,255985885.6201172,64457267.76123047
7805,7805,7811,19801.0,68,80672733.30688477,65731227.87475586,223446212.7685547,65717899.322509766
7806,7806,7812,19815.0,68,66956859.58862305,66081497.19238281,187058292.388916,66060268.40209961
7807,7807,7813,19830.0,68,65450355.52978516,66513996.12426758,322580032.3486328,69159069.0612793
7808,7808,7814,19831.0,68,69573829.6508789,68017639.16015625,245334789.27612305,67109973.9074707
7809,7809,7815,19768.0,68,67647892.95196533,66996723.17504883,258087150.57373047,65980712.890625
7810,7810,7816,19548.0,72,63256629.943847656,60568179.1305542,226720846.17614743,63933193.20678711
7811,7811,7817,19303.0,73,71502573.96697998,59840005.87463379,235948459.6252441,62002229.69055176
7812,7812,7818,19527.0,73,63726084.70916748,58191626.54876709,207951766.96777344,61799771.308898926
7813,7813,7819,19557.0,67,70675495.14770508,58294956.20727539,259556316.3757324,62603908.53881836
7814,7814,7820,19517.0,67,68579154.96826172,61947586.05957031,230053081.5124512,65048439.025878906
7815,7815,7821,19513.0,67,58802059.173583984,61948493.95751953,241140117.64526367,63918037.41455078
7816,7816,7822,19380.0,66,56743240.35644531,59344768.52416992,235965682.98339844,60460029.60205078
7817,7817,7823,19340.0,70,73892791.74804688,60193415.64178467,220737358.0932617,63308706.283569336
7818,7818,7824,19557.0,75,74646692.27600098,61374241.82891846,222130301.4755249,63832525.2532959
7819,7819,7825,19545.0,72,77644965.17181396,65655770.30181885,252842697.1435547,68631011.96289062
7820,7820,7826,19527.0,67,73686229.70581055,67249809.26513672,214811153.41186523,68412837.98217773
7821,7821,7827,19534.0,67,77504135.13183594,65726497.65014648,223559993.74389648,68363361.35864258
7822,7822,7828,19529.0,67,76063106.53686523,64659259.79614258,229921939.84985352,65891368.8659668
7823,7823,7829,19329.0,78,71294874.19128418,62292098.04534912,225096872.3297119,64349781.03637695
7824,7824,7830,19580.0,71,75835425.37689209,64997462.27264404,204973596.572876,68412910.46142578
7825,7825,7831,19503.0,68,72855735.7788086,67706485.74829102,241036571.50268555,69814682.00683594
7826,7826,7832,19510.0,70,80972512.24517822,68316637.03918457,216374610.9008789,69649289.13116455
7827,7827,7833,19547.0,68,68248805.99975586,66622772.21679688,199407054.90112305,68784553.52783203
7828,7828,7834,19370.0,66,70257148.74267578,61631847.3815918,220929325.10375977,63090557.09838867
7829,7829,7835,19558.0,67,65410369.87304688,61058288.57421875,184742687.2253418,63431247.71118164
7830,7830,7836,19584.0,67,79365684.50927734,61356353.759765625,215725162.50610352,62811798.095703125
7831,7831,7837,19461.0,71,81120059.96704102,61739276.88598633,244698258.39996335,63606062.88909912
7832,7832,7838,19392.0,66,72666042.32788086,61553386.68823242,205064228.05786133,64011081.69555664
7833,7833,7839,19544.0,67,85122611.99951172,63290485.38208008,248690536.49902344,65626125.33569336
7834,7834,7840,19377.0,70,76502717.01812744,65628811.83624268,202504158.97369385,67474483.48999023
7835,7835,7841,19079.0,65,76066013.33618164,64528778.07617188,235164138.7939453,66774967.19360352
7836,7836,7842,19258.0,66,74692092.89550781,61316978.45458984,209195816.04003903,63042522.43041992
7837,7837,7843,19140.0,65,74700588.22631836,61567394.2565918,216268970.48950195,62441814.42260742
7838,7838,7844,19229.0,65,67167072.29614258,61959716.796875,247711772.9187012,64903507.232666016
7839,7839,7845,19447.0,73,78614608.76464844,64708553.31420898,259821541.78619385,66657773.97155762
7840,7840,7846,19563.0,67,76006961.82250977,66681823.73046875,248151714.3249512,67801017.76123047
7841,7841,7847,19529.0,67,74105827.33154297,64391273.49853516,225148277.28271484,68192474.36523438
7842,7842,7848,19213.0,66,62898670.1965332,64064338.68408203,256461879.7302246,65852500.915527344
7843,7843,7849,19310.0,79,75332867.62237549,64253982.54394531,265093531.60858157,66609554.290771484
7844,7844,7850,19265.0,77,79097055.43518066,64423864.36462402,250616439.81933597,67970927.23846436
7845,7845,7851,19651.0,80,80356768.60809326,65572068.2144165,238364817.61932373,67439347.26715088
7846,7846,7852,19174.0,69,72850097.65625,61387869.8348999,235563121.7956543,65309628.4866333
7847,7847,7853,19678.0,68,77743128.7765503,65173165.3213501,230271224.0219116,67513342.85736084
7848,7848,7854,19562.0,67,80008613.58642578,66170341.49169922,235238105.77392575,67806270.59936523
7849,7849,7855,19470.0,67,80079326.62963867,65839900.97045898,229018249.51171875,67766056.06079102
7850,7850,7856,19105.0,68,77081159.5916748,63831961.6317749,195805907.24945068,67788366.31774902
7851,7851,7857,19258.0,66,81558837.890625,65867214.20288086,225809825.8972168,67765796.66137695
7852,7852,7858,19227.0,66,74471010.20812988,64234992.02728272,222557853.69873047,66631463.050842285
7853,7853,7859,19032.0,76,75812138.55743408,62913206.10046387,242178260.80322263,65819261.55090332
7854,7854,7860,19530.0,67,77794250.48828125,65655109.40551758,240263668.06030276,67282112.12158203
7855,7855,7861,19546.0,67,79315464.01977539,65143688.2019043,244212333.6791992,66950080.87158203
7856,7856,7862,19298.0,74,72493865.96679688,61981932.64007568,229025732.04040527,64106986.0458374
7857,7857,7863,19195.0,84,67285193.44329834,60899349.21264648,223045011.5203857,63287944.79370117
7858,7858,7864,19433.0,93,79245709.41925049,63730460.16693115,274114720.34454346,65969654.08325195
7859,7859,7865,19520.0,104,80068459.51080322,66435980.796813965,214339758.87298584,68896697.99804688
7860,7860,7866,19270.0,76,79207009.31549072,65941662.78839111,218219058.9904785,68183190.34576416
7861,7861,7867,19071.0,66,73929286.0031128,62674224.853515625,201994153.0227661,66319816.58935547
7862,7862,7868,19581.0,79,85821852.684021,64083121.29974365,243119758.60595703,67515001.29699707
7863,7863,7869,19530.0,67,74553497.31445312,66003890.99121094,234640739.440918,69130596.16088867
7864,7864,7870,19404.0,67,86235933.30383301,66873636.24572754,244676177.9785156,69381084.44213867
7865,7865,7871,19511.0,71,80600748.06213379,66604079.246521,242102380.75256348,68681302.07061768
7866,7866,7872,19559.0,67,81582248.68774414,63923515.31982422,241548507.6904297,68445991.51611328
7867,7867,7873,19562.0,67,86319999.69482422,65645572.66235352,286118144.9890137,66772518.15795898
7868,7868,7874,19325.0,66,75550937.65258789,62624597.54943848,205117778.77807617,66400049.20959473
7869,7869,7875,19663.0,72,80835868.83544922,64240763.664245605,229685753.82232663,65962561.60736084
7870,7870,7876,19532.0,67,84526695.25146484,65693908.69140625,231939319.6105957,66829414.36767578
7871,7871,7877,19390.0,66,80483985.9008789,66611415.86303711,244577304.8400879,67904907.2265625
7872,7872,7878,19340.0,70,81750684.73815918,63444181.44226074,222116149.90234372,68224609.375
7873,7873,7879,19266.0,68,77926652.9083252,63979911.80419922,248328964.23339844,65430242.53845215
7874,7874,7880,19229.0,66,81378501.89208984,64875942.23022461,236015441.89453125,66673938.7512207
7875,7875,7881,19063.0,65,80263614.65454102,62113094.329833984,230191078.1860352,64489688.873291016
7876,7876,7882,19219.0,66,76638847.35107422,65633968.353271484,242843433.38012692,66843322.75390625
7877,7877,7883,19245.0,70,68084365.84472656,63563240.05126953,206754413.60473636,67669798.85101318
7878,7878,7884,19213.0,66,79076202.39257812,63655475.61645508,260890361.78588867,66779163.3605957
7879,7879,7885,19642.0,68,81414241.79077148,66693454.74243164,261781677.24609372,69260753.6315918
7880,7880,7886,19378.0,66,82253208.16040039,67433609.00878906,232000556.9458008,69238395.69091797
7881,7881,7887,19551.0,72,77182167.05322266,68364593.50585938,213179657.9360962,69283679.9621582
7882,7882,7888,19544.0,67,78786270.14160156,63412162.78076172,198841060.63842773,69236206.0546875
7883,7883,7889,19300.0,67,77141407.01293945,64735553.74145508,226339843.75,67818729.40063477
7884,7884,7890,19711.0,78,84449048.04229736,68516923.90441895,252639917.37365723,70359860.42022705
7885,7885,7891,19380.0,71,81796092.98706055,65517396.92687988,243548065.18554688,68804998.39782715
7886,7886,7892,19559.0,67,80298522.94921875,65495635.986328125,231849567.41333008,68632125.85449219
7887,7887,7893,19406.0,82,82871598.24371338,64699131.01196289,245278179.1687012,66732074.73754883
7888,7888,7894,19535.0,91,72121649.74212646,62305688.85803223,241724219.3222046,64410154.34265137
7889,7889,7895,18754.0,69,84053239.8223877,61242744.44580078,253277282.71484372,63040380.47790527
7890,7890,7896,19081.0,69,82245304.10766602,62498357.77282715,246904369.35424805,65389650.34484863
7891,7891,7897,19005.0,68,86896276.47399902,65478473.66333008,263391033.17260745,66921154.0222168
7892,7892,7898,18912.0,110,88005922.31750488,66797775.26855469,262150268.5546875,69075705.52825928
7893,7893,7899,18715.0,89,82151698.1124878,63841756.82067871,248022906.30340576,68489141.4642334
7894,7894,7900,19185.0,132,82802238.46435547,65014836.31134033,255480510.71166992,67631621.36077881
7895,7895,7901,18982.0,112,82280934.33380127,66880694.38934326,241917503.3569336,69459892.27294922
7896,7896,7902,18715.0,94,79472422.59979248,66569326.40075684,248741943.359375,68740457.53479004
7897,7897,7903,18755.0,94,72634285.92681885,63331040.38238525,298322567.9397583,66468169.21234131
7898,7898,7904,19734.0,103,77126156.8069458,60304606.43768311,316783274.65057373,62438595.77178955
7899,7899,7905,19278.0,67,84513378.14331055,60825469.970703125,228264183.0444336,63269966.12548828
7900,7900,7906,19069.0,76,79725511.55090332,63349714.279174805,224639190.67382807,66197821.61712647
7901,7901,7907,18914.0,65,85934608.45947266,63671277.04620361,263318115.234375,65154877.66265869
7902,7902,7908,18433.0,74,84660326.95770264,63627159.11865234,245841446.87652588,66847839.35546875
7903,7903,7909,18815.0,106,85489268.30291748,61788995.74279785,238769529.34265137,65344642.63916016
7904,7904,7910,18471.0,101,82734145.16448975,63065972.32818604,256426085.47210693,64969001.77001953
7905,7905,7911,18175.0,89,81078829.76531982,63600814.81933594,238676552.772522,64842606.54449463
7906,7906,7912,17994.0,94,79871222.49603271,60127969.74182129,220539968.4906006,64275792.12188721
7907,7907,7913,19045.0,104,86072442.05474854,63531017.3034668,260695163.72680664,66111852.64587402
7908,7908,7914,18871.0,88,86317177.77252197,65410207.748413086,261568348.8845825,67348036.76605225
7909,7909,7915,18896.0,100,86602778.43475342,65596746.44470215,243417182.92236328,66874300.00305176
7910,7910,7916,18554.0,73,68923233.98590088,63080184.93652344,247941284.1796875,66354680.06134033
7911,7911,7917,18625.0,114,62887969.970703125,58579462.0513916,202116168.97583008,59598417.28210449
7912,7912,7918,18272.0,80,76493135.45227051,58953022.00317383,237638652.80151367,59580015.18249512
7913,7913,7919,19138.0,123,70767182.35015869,59083232.87963867,239785415.6494141,60884600.63934326
7914,7914,7920,19448.0,91,72631529.80804443,59841980.93414307,223199443.81713867,61696442.60406494
7915,7915,7921,19394.0,96,86770256.99615479,61651422.50061035,279454806.3278198,64230083.46557617
7916,7916,7922,19163.0,90,87328942.29888916,65478128.43322754,263668402.671814,68688488.96026611
7917,7917,7923,17986.0,70,81454449.65362549,65114055.63354492,232756328.58276367,67546923.63739014
7918,7918,7924,18063.0,62,68092872.6196289,65811401.3671875,225829601.2878418,67171367.64526367
7919,7919,7925,18065.0,66,76781817.43621826,63900999.06921387,230657499.3133545,67373301.50604248
7920,7920,7926,18648.0,85,74227293.96820068,61779180.5267334,227783940.31524655,64849487.3046875
7921,7921,7927,18631.0,100,68919685.36376953,63104501.72424317,233527428.62701416,65940133.0947876
7922,7922,7928,18197.0,62,76374553.68041992,63655174.25537109,219323429.107666,66885143.2800293
7923,7923,7929,18464.0,75,75902311.32507324,63659832.95440674,279618787.7655029,66066143.03588867
7924,7924,7930,18300.0,97,70013892.17376709,63597980.49926758,253546558.38012692,66321518.898010254
7925,7925,7931,14020.0,70,58378808.02154541,51199527.74047852,176499444.00787354,53096798.89678955
7926,7926,7932,18246.0,76,65057743.072509766,64848592.75817871,241076917.64831543,66591335.29663086
7927,7927,7933,18525.0,74,78717239.37988281,64159412.3840332,274146353.72161865,69292573.92883301
7928,7928,7934,18331.0,63,71629261.0168457,61835083.0078125,254629261.0168457,65343765.25878906
7929,7929,7935,18206.0,66,61118050.57525635,60194249.15313721,223617899.8947144,62306199.073791504
7930,7930,7936,18986.0,74,84053170.2041626,63625590.324401855,278915900.2304077,67773859.97772217
7931,7931,7937,19114.0,70,73974503.51715088,64857724.1897583,227701366.42456052,68984354.97283936
7932,7932,7938,19434.0,70,76541313.17138672,65124016.761779785,240494533.5388184,68999467.84973145
7933,7933,7939,19238.0,80,80856757.16400146,68038694.38171387,303528917.3126221,69954301.83410645
7934,7934,7940,19040.0,101,72787404.06036377,66504045.4864502,219042176.24664307,71163193.70269775
7935,7935,7941,19330.0,68,67439231.8725586,64161344.52819824,243728639.60266116,65364732.74230957
7936,7936,7942,19735.0,73,81466869.35424805,67294100.76141357,251841163.6352539,70807075.50048828
7937,7937,7943,19306.0,66,80144851.68457031,70095809.93652344,265702030.1818848,73307636.26098633
7938,7938,7944,19467.0,73,63131248.47412109,69541045.18890381,235600839.61486816,71174481.39190674
7939,7939,7945,18497.0,92,78223105.43060303,63973747.25341797,339902115.8218384,67676950.45471191
7940,7940,7946,19575.0,84,69619341.85028076,62886317.25311279,190065525.05493164,65678469.65789795
7941,7941,7947,19271.0,68,74804277.42004395,62979752.54058838,270634519.5770264,67608952.52227783
7942,7942,7948,18963.0,69,81567100.52490234,65651606.55975342,265319227.21862796,68274022.10235596
7943,7943,7949,18773.0,81,72098434.44824219,64410058.97521973,271718236.9232178,67201292.99163818
7944,7944,7950,19247.0,85,73861745.83435059,62794598.57940674,243302714.34783936,66524796.48590088
7945,7945,7951,19173.0,83,77428609.84802246,64391877.17437744,233771297.454834,67161057.472229
7946,7946,7952,18933.0,65,71138088.22631836,63429306.03027344,337694499.9694824,67892974.85351562
7947,7947,7953,19054.0,82,85666720.39031982,62853010.17761231,279245367.0501709,65151683.80737305
7948,7948,7954,19518.0,74,79210665.70281982,63803169.25048828,267771383.2855225,67492616.65344238
7949,7949,7955,18807.0,66,82952823.63891602,65412597.65625,270091598.5107422,69079950.3326416
7950,7950,7956,18734.0,68,84025142.66967773,67643826.48468018,270108230.5908203,69876754.76074219
7951,7951,7957,18510.0,66,62469673.15673828,65459276.19934082,235481746.673584,70311529.1595459
7952,7952,7958,18562.0,68,62237079.62036133,61329720.49713135,206812408.4472656,63236547.47009277
7953,7953,7959,19391.0,92,78840039.25323486,55244312.28637695,259905802.7267456,58691730.49926758
7954,7954,7960,19835.0,85,88572664.26086426,58934328.07922363,254056150.43640137,62263557.43408203
7955,7955,7961,19466.0,67,92626916.88537598,61756687.16430664,275476383.2092285,65681362.15209961
7956,7956,7962,19472.0,71,73072523.11706543,63136647.22442627,259173698.42529297,67077084.5413208
7957,7957,7963,19457.0,76,72222596.16851807,62884697.914123535,260634731.2927246,64855087.28027344
7958,7958,7964,19503.0,73,80031101.22680664,61832742.69104004,257162216.18652344,66545464.51568604
7959,7959,7965,19590.0,67,86677817.34466553,61514280.31921387,307839805.60302734,63910842.89550781
7960,7960,7966,19207.0,70,81823740.95916748,63072295.18890381,242513953.2089233,66937499.04632568
7961,7961,7967,19200.0,64,80019950.86669922,65760612.48779297,240424346.92382807,68885993.95751953
7962,7962,7968,18984.0,66,76911031.72302246,65265654.56390381,249022238.73138428,66715309.143066406
7963,7963,7969,18900.0,63,75748157.5012207,61485958.099365234,291998863.22021484,67639732.36083984
7964,7964,7970,19254.0,74,82522878.64685059,63310063.36212158,249974358.5586548,66176698.68469238
7965,7965,7971,19558.0,75,79893816.94793701,65294657.70721436,259463423.72894287,68160024.64294434
7966,7966,7972,19197.0,65,69574047.08862305,63167518.615722656,229271255.4931641,67804630.27954102
7967,7967,7973,19203.0,65,81874362.94555664,65283210.75439453,243040878.29589844,68577690.12451172
7968,7968,7974,19285.0,66,76729705.81054688,66620305.06134033,245555969.23828125,70494153.02276611
7969,7969,7975,19652.0,74,75312862.39624023,66892333.984375,246833675.38452148,71246845.24536133
7970,7970,7976,19374.0,66,79178695.67871094,63751674.65209961,268597171.78344727,68235538.48266602
7971,7971,7977,19370.0,75,75620421.40960693,65167268.75305176,264850028.9916992,69130551.3381958
7972,7972,7978,78.0,1,898590.087890625,285644.53125,1728149.4140625,286239.6240234375
7973,7973,7982,9149.0,183,42188011.1694336,20722564.697265625,232866594.3145752,28208533.28704834
7974,7974,7983,8977.0,87,65947734.83276367,30667058.94470215,222163422.5845337,39049348.83117676
7975,7975,7984,10795.0,69,92710049.62921144,39445753.09753418,307390881.5383911,45589236.25946045
7976,7976,7985,9071.0,115,89329025.26855469,42275348.66333008,303327573.7762451,50826874.73297119
7977,7977,7986,9827.0,43,39515159.6069336,44704528.80859375,407806140.8996582,51891529.08325195
7978,7978,7987,10943.0,42,61002459.52606201,48728320.12176514,262143035.88867188,53855732.917785645
7979,7979,7988,10825.0,38,55269493.103027344,51149894.71435547,237259460.44921875,58672565.46020508
7980,7980,7989,11470.0,47,49883185.38665772,53125470.16143799,239452880.859375,60047415.7333374
7981,7981,7990,12497.0,76,57768245.697021484,54870355.6060791,299729503.6315918,61303246.49810791
7982,7982,7991,13141.0,48,72080581.66503906,56827396.392822266,298141582.4890137,63570724.48730469
7983,7983,7992,14305.0,74,80123649.59716797,60344636.91711426,310867946.62475586,67378442.76428223
7984,7984,7993,15194.0,77,75337027.54974365,59879921.91314697,292936815.2618408,67612595.5581665
7985,7985,7994,15323.0,82,84860008.2397461,60839386.94000244,296849159.24072266,67027157.7835083
7986,7986,7995,15579.0,63,91792287.82653809,65007582.66448975,322268688.2019043,72588581.08520508
7987,7987,7996,15337.0,56,86814405.44128418,66813673.01940918,299778766.6320801,73509061.81335449
7988,7988,7997,15427.0,64,84878044.12841797,65575127.601623535,299609422.6837158,72651397.70507812
7989,7989,7998,15443.0,54,85480651.85546875,64969367.98095703,335643722.5341797,71250886.91711426
7990,7990,7999,7039.0,148,84316104.88891602,52454829.21600342,382948938.369751,70094344.13909912
7991,7991,8000,6331.0,24,107583885.1928711,77283899.30725098,247680034.6374512,87392263.41247559
7992,7992,8001,6349.0,25,77268954.27703857,81377748.48937988,234180541.9921875,87610172.27172852
7993,7993,8002,7088.0,43,42657115.9362793,40665942.19207764,218716857.91015625,46886596.6796875
7994,7994,8003,8088.0,32,52900654.792785645,34419170.37963867,154011150.36010742,39075892.44842529
7995,7995,8004,8089.0,34,56882320.404052734,36506173.1338501,224141633.03375244,42381332.39746094
7996,7996,8005,6126.0,51,32391617.77496338,35043498.99291992,171789783.4777832,39952573.77624512
7997,7997,8006,6601.0,28,17903554.916381836,36625186.920166016,95838533.40148926,43142582.89337158
7998,7998,8007,8811.0,40,63195678.7109375,55094132.42340088,282988739.0136719,64945737.83874512
7999,7999,8008,10751.0,56,78143691.06292725,62958896.63696289,309384803.77197266,77337874.41253662
8000,8000,8009,8948.0,60,60749104.499816895,51991151.80969238,215018910.40802,61278471.94671631
8001,8001,8010,9561.0,46,32347185.13488769,49556048.39324951,233230460.16693115,63324265.480041504
8002,8002,8011,10257.0,44,42458807.945251465,51206753.730773926,201200587.27264404,60263411.52191162
8003,8003,8012,10431.0,41,88951579.0939331,56334425.926208496,343663244.2474365,67392014.503479
8004,8004,8013,10561.0,43,106862827.3010254,54480566.02478027,397702098.8464356,62690294.26574707
8005,8005,8014,10413.0,37,118732433.3190918,54910469.05517578,347738464.35546875,58471157.07397461
8006,8006,8015,9013.0,45,89065196.9909668,39869645.11871338,234234998.70300293,42938232.421875
8007,8007,8016,10433.0,51,92274917.60253906,67508203.50646973,362103863.7161255,78268357.2769165
8008,8008,8017,9900.0,35,103748487.47253418,74699256.89697266,306940774.91760254,79420196.53320312
8009,8009,8018,11549.0,47,122354496.00219728,82757425.30822754,348621593.4753418,90836369.51446532
8010,8010,8019,11186.0,39,119390720.36743164,80691738.12866211,362955482.48291016,88000988.0065918
8011,8011,8020,10704.0,41,112286361.69433594,74854310.98937988,299353408.81347656,83578514.0991211
8012,8012,8021,9922.0,53,103537073.13537598,50688218.116760254,335532084.46502686,60529382.70568848
8013,8013,8022,10300.0,46,120743031.50177002,59525350.57067871,353126290.3213501,65139124.87030029
8014,8014,8023,9499.0,35,117137755.39398192,58416108.13140869,335209548.9501953,63590788.84124756
8015,8015,8024,9709.0,33,123451774.59716795,68818775.17700195,433138282.7758789,74885875.7019043
8016,8016,8025,8575.0,46,120320982.93304443,62466351.50909424,356278398.51379395,66939650.535583496
8017,8017,8026,7966.0,32,114074420.92895508,50841047.286987305,339027069.0917969,55638965.60668945
8018,8018,8027,7658.0,35,104850641.25061037,40677529.33502197,286327435.49346924,47121884.3460083
8019,8019,8028,7540.0,27,105014026.6418457,39974315.64331055,333945858.001709,48904319.7631836
8020,8020,8029,7750.0,33,106571746.82617188,39195822.71575928,265994745.2545166,45061270.71380615
8021,8021,8030,7500.0,25,109683036.80419922,42813205.71899414,284794235.2294922,45346355.43823242
8022,8022,8031,7596.0,31,105705324.17297363,38723608.01696777,286496601.1047363,45289220.80993652
8023,8023,8032,7845.0,32,108356515.8843994,42290224.07531738,321712703.704834,45960767.74597168
8024,8024,8033,7754.0,30,101965681.0760498,39913014.41192627,325576572.4182129,46096016.8838501
8025,8025,8034,7504.0,34,100245128.6315918,43701944.35119629,269759336.4715576,58645663.26141357
8026,8026,8035,8722.0,48,109973332.40509032,58011669.15893555,330117300.98724365,74892395.97320557
8027,8027,8036,8121.0,33,104942907.33337402,53343213.08135986,274284141.54052734,72583682.0602417
8028,8028,8037,8275.0,32,105852385.52093506,53632226.94396973,289503850.93688965,66268667.221069336
8029,8029,8038,8549.0,36,113761419.29626463,61863109.58862305,284757307.0526123,74560759.54437256
8030,8030,8039,8021.0,32,109844193.45855711,50660536.766052246,261605702.40020752,58832041.74041748
8031,8031,8040,9087.0,44,109364086.15112305,61594420.43304443,360699681.28204346,71068848.60992432
8032,8032,8041,9500.0,36,105894178.39050291,50435800.55236816,225226928.7109375,56913124.084472656
8033,8033,8042,9211.0,44,110332682.6095581,60373991.96624756,327652456.28356934,72110908.50830078
8034,8034,8043,8640.0,32,108988363.2659912,75206193.9239502,235191108.70361328,84535035.13336182
8035,8035,8044,8447.0,49,100351048.46954346,61035644.53125,258830932.6171875,65606503.4866333
8036,8036,8045,8887.0,34,106889823.91357422,51097145.080566406,234827850.34179688,67968627.9296875
8037,8037,8046,8992.0,34,105144066.81060793,50325489.99786377,318293769.8364258,57322023.39172363
8038,8038,8047,9009.0,37,98234437.94250488,59066446.30432129,185853311.5386963,69093439.10217285
8039,8039,8048,8279.0,43,97963196.75445557,62683825.49285889,244264250.7553101,73047558.78448486
8040,8040,8049,8371.0,29,110737903.5949707,56084506.98852539,233212196.3500977,75805427.55126953
8041,8041,8050,8096.0,31,108079656.60095216,51158150.6729126,298598239.89868164,53152202.60620117
8042,8042,8051,8170.0,41,103654180.5267334,45411133.76617432,272914477.34832764,55718093.87207031
8043,8043,8052,8100.0,28,109580683.70819092,55016864.77661133,310797142.0288086,58754451.75170898
8044,8044,8053,8029.0,27,107477416.9921875,56762329.1015625,244535957.33642575,59189456.93969727
8045,8045,8054,8171.0,28,110600645.06530762,56894729.61425781,290896240.234375,60467739.10522461
8046,8046,8055,8100.0,29,108591188.43078612,57360283.851623535,313856975.5554199,61234430.31311035
8047,8047,8056,7990.0,27,111704540.25268556,56925792.6940918,333963737.48779297,60427303.31420898
8048,8048,8057,7513.0,29,111000120.16296388,54012691.497802734,233984495.16296387,55964541.4352417
8049,8049,8058,7764.0,33,103055921.55456544,46199975.96740723,275929798.1262207,53481210.70861816
8050,8050,8059,7791.0,26,107393151.28326416,49367194.175720215,249377460.47973636,50963871.00219727
8051,8051,8060,7803.0,29,107690669.05975342,50328967.09442139,293882136.34490967,53574010.84899902
8052,8052,8061,7800.0,27,100543403.62548828,48804496.76513672,290492118.8354492,54548385.62011719
8053,8053,8062,8196.0,28,110022983.5510254,62970382.69042969,300972221.3745117,69405109.40551758
8054,8054,8063,8100.0,28,97435821.53320312,47494750.9765625,280967849.7314453,72326526.6418457
8055,8055,8064,8052.0,27,105023002.62451172,52748657.2265625,298016304.0161133,54155673.98071289
8056,8056,8065,8148.0,29,102937492.37060548,53689945.22094727,241938171.38671875,55271873.47412109
8057,8057,8066,8482.0,47,97310575.48522948,46323133.46862793,275926225.66223145,51784975.05187988
8058,8058,8067,8214.0,29,103776981.35375977,54676797.86682129,263434750.5569458,56135281.562805176
8059,8059,8068,8103.0,30,96181804.65698242,49100717.544555664,251531984.32922363,55402063.36975098
8060,8060,8069,8100.0,27,103971004.48608398,54641532.89794922,286481666.5649414,56793022.15576172
8061,8061,8070,8100.0,27,105501365.6616211,55346775.05493164,297165298.46191406,56948089.599609375
8062,8062,8071,7950.0,28,102092777.25219728,54537117.00439453,275608383.17871094,56810703.27758789
8063,8063,8072,7949.0,33,95093760.49041748,47630064.96429443,256194089.8895264,50198433.8760376
8064,8064,8073,8948.0,37,95512466.43066406,44571451.18713379,234615531.92138672,45771341.32385254
8065,8065,8074,8394.0,41,92957396.50726318,43772045.13549805,196212991.71447757,44920821.18988037
8066,8066,8075,8299.0,37,103280134.2010498,48898936.27166748,269926791.1911011,51169074.05853272
8067,8067,8076,8375.0,28,98596858.97827148,47294139.86206055,303985404.9682617,51005554.19921875
8068,8068,8077,8266.0,28,101353965.75927734,46784084.32006836,240999454.49829105,49696727.75268555
8069,8069,8078,8534.0,29,100288860.32104492,49348709.10644531,251396396.6369629,51766563.415527344
8070,8070,8079,8400.0,30,99996234.89379884,47712404.25109863,253449485.7788086,51199825.286865234
8071,8071,8080,8355.0,30,98453495.97930908,47671154.0222168,199341945.64819336,49065637.58850098
8072,8072,8081,8445.0,29,100761637.6876831,48732547.760009766,264691028.5949707,50631523.13232422
8073,8073,8082,8307.0,28,89804855.34667969,44639945.98388672,674468811.0351562,48719902.03857422
8074,8074,8083,8645.0,33,98080598.83117676,49290531.15844727,268230888.3666992,52388145.446777344
8075,8075,8084,9081.0,38,100452466.01104736,51373270.98846436,235105113.9831543,55130867.95806885
8076,8076,8085,8952.0,32,101226931.57196043,52548780.44128418,220219616.8899536,55577154.1595459
8077,8077,8086,8897.0,41,94595671.65374756,48433383.94165039,248826812.74414065,50405535.69793701
8078,8078,8087,8683.0,33,94662818.9086914,50607566.833496094,195141681.67114255,52182506.5612793
8079,8079,8088,8890.0,35,97047846.79412842,50424583.435058594,262549944.8776245,51706450.46234131
8080,8080,8089,9220.0,45,94860477.44750977,52693181.03790283,202089380.26428223,53886025.42877197
8081,8081,8090,9216.0,35,97280193.32885742,51764879.22668457,227863332.7484131,53311099.0524292
8082,8082,8091,8649.0,34,96516086.57836914,51132225.03662109,198655115.12756348,52299498.55804443
8083,8083,8092,8497.0,41,93754931.44989014,50957140.92254639,214993285.17913815,52481548.30932617
8084,8084,8093,8358.0,30,94226774.21569824,51000753.40270996,186996299.74365237,52896539.68811035
8085,8085,8094,8279.0,34,93061487.19787598,50534521.10290527,253527698.5168457,51893548.9654541
8086,8086,8095,8759.0,33,93771386.1465454,51047644.61517334,197229559.8983765,52579906.46362305
8087,8087,8096,8700.0,29,98897552.49023438,51519870.75805664,277953529.35791016,52518653.869628906
8088,8088,8097,8700.0,30,94053146.36230467,51294170.37963867,158234304.4281006,52197834.01489258
8089,8089,8098,8632.0,29,96841686.2487793,51001228.33251953,199889602.6611328,52152961.73095703
8090,8090,8099,8438.0,31,97074368.47686768,51444058.418273926,253967554.09240723,52435727.1194458
8091,8091,8100,8400.0,28,94819450.37841795,51258945.46508789,194139289.85595703,52209949.4934082
8092,8092,8101,8340.0,28,95237102.50854492,51008377.07519531,248256340.02685547,51948051.45263672
8093,8093,8102,8285.0,34,93583403.58734132,50446105.00335693,252589673.99597168,51805138.58795166
8094,8094,8103,8382.0,35,96286672.59216309,49603729.24804688,191520177.8411865,50768208.503723145
8095,8095,8104,8400.0,29,96098487.8540039,49026638.03100586,180176719.6655273,50924858.09326172
8096,8096,8105,7846.0,32,95103992.4621582,47719961.16638184,195666098.59466556,49363321.30432129
8097,8097,8106,8329.0,39,98686302.1850586,44104621.88720703,256724357.60498047,45544236.1831665
8098,8098,8107,8100.0,31,96415367.12646484,41355504.03594971,249036010.7421875,42169415.47393799
8099,8099,8108,8370.0,31,102274482.72705078,41420120.23925781,245499526.97753903,42530445.09887695
8100,8100,8109,8312.0,33,97652363.77716064,42576860.427856445,186672520.6375122,43863922.11914063
8101,8101,8110,8745.0,31,98820394.5159912,44297373.77166748,150051836.01379395,45741821.2890625
8102,8102,8111,8518.0,34,98049406.05163574,43635066.986083984,268697284.6984863,45571891.78466797
8103,8103,8112,8732.0,36,94714895.24841309,44284995.07904053,189608655.92956543,46195660.59112549
8104,8104,8113,8875.0,35,93562314.98718262,44524042.1295166,247247663.4979248,45627209.66339111
8105,8105,8114,9000.0,30,95343303.68041992,44209384.91821289,210429954.5288086,44964981.07910156
8106,8106,8115,9628.0,35,93950613.9755249,44905896.18682861,241184543.60961917,46157759.66644287
8107,8107,8116,9809.0,35,98306012.15362547,46218579.29229736,231355404.8538208,47495225.90637207
8108,8108,8117,9900.0,33,96616744.9951172,46523952.48413086,177658081.0546875,47812271.11816406
8109,8109,8118,9815.0,33,95994911.19384766,47016391.75415039,245190868.37768555,48278355.59844971
8110,8110,8119,9900.0,36,93257940.2923584,46555492.40112305,223822370.5291748,47841938.01879883
8111,8111,8120,9808.0,33,95170190.81115724,47330201.14898682,226210433.9599609,48612989.42565918
8112,8112,8121,9581.0,43,97729037.28485107,48122816.08581543,203343468.66607663,50394760.13183594
8113,8113,8122,9590.0,33,96197967.52929688,48650253.29589844,228530380.24902344,50543365.478515625
8114,8114,8123,9795.0,47,95855092.04864502,47691325.18768311,149748387.33673096,49230224.609375
8115,8115,8124,9671.0,39,95670922.27935793,48069960.594177246,226246783.2565308,49741379.737854
8116,8116,8125,9667.0,33,96989463.80615234,49042572.021484375,199907409.66796875,50629638.671875
8117,8117,8126,9505.0,32,96504583.35876463,48063354.4921875,250925064.0869141,49767284.39331055
8118,8118,8127,9672.0,40,94247842.78869627,48508008.95690918,186486963.27209476,49773392.67730713
8119,8119,8128,9940.0,34,99313455.58166504,49172887.80212402,255396255.4931641,51452512.74108887
8120,8120,8129,9784.0,41,97016694.06890868,48291339.87426758,135234451.2939453,49784668.92242432
8121,8121,8130,9608.0,34,93499172.21069336,47434375.76293945,232330606.4605713,48949407.57751465
8122,8122,8131,9769.0,33,98431488.03710938,47309617.99621582,189357398.9868164,48355431.55670166
8123,8123,8132,9411.0,43,94560907.3638916,46801172.25646973,289118381.50024414,47566597.9385376
8124,8124,8133,9823.0,46,100543084.14459229,46679787.63580322,165107513.42773438,47736559.86785889
8125,8125,8134,9615.0,58,95405659.67559814,46487693.78662109,218231492.99621585,47715990.06652832
8126,8126,8135,9513.0,37,97073534.96551514,47203215.59906006,152366512.29858398,48807235.71777344
8127,8127,8136,8945.0,56,88943251.60980225,39934003.829956055,134407914.16168213,41544492.72155762
8128,8128,8137,8598.0,54,77702756.88171387,36636372.566223145,229812367.43927,39901642.79937744
8129,8129,8138,10866.0,77,83502519.60754395,49115019.79827881,332563332.5576782,59616695.404052734
8130,8130,8139,15113.0,101,49910072.32666016,46288318.6340332,241272209.16748047,52372300.148010254
8131,8131,8140,13959.0,79,74935200.69122314,57711778.64074707,325335279.4647217,69907930.37414551
8132,8132,8141,12462.0,113,62172873.49700928,52096417.42706299,268649279.5944214,57860749.24468994
8133,8133,8142,12979.0,143,68872484.20715332,56913685.79864502,341882650.3753662,68598030.09033203
8134,8134,8143,12727.0,95,82142203.33099365,68920584.6786499,359450816.15448,80134807.58666992
8135,8135,8144,12183.0,50,98019754.40979004,74911815.64331055,274803933.1436157,80579362.8692627
8136,8136,8145,12603.0,52,87415108.6807251,68361275.6729126,304671089.1723633,86119692.8024292
8137,8137,8146,11835.0,54,77221437.45422363,60608180.04608154,261766876.22070312,71611568.45092773
8138,8138,8147,12630.0,89,91561283.11157228,60025300.97961426,320213630.67626953,73209565.16265869
8139,8139,8148,13677.0,59,110297091.48406982,73995684.62371826,347008007.04956055,89456948.28033447
8140,8140,8149,12687.0,81,107918115.61584473,64299416.54205322,360980479.2404175,69522142.41027832
8141,8141,8150,13365.0,74,106663363.45672607,75193827.62908936,372251849.1744995,93256446.8383789
8142,8142,8151,13028.0,57,91829314.23187256,76710812.56866455,288370108.60443115,88856438.63677979
8143,8143,8152,12738.0,100,85420497.89428711,74823724.7467041,308676417.35076904,85758549.69024658
8144,8144,8153,12209.0,79,78283706.66503906,59758198.73809815,275773983.9553833,69267110.82458496
8145,8145,8154,12836.0,53,64140430.45043945,55904529.5715332,198643562.31689453,61491609.57336426
8146,8146,8155,13275.0,73,69188381.19506836,60946252.82287598,226879807.472229,67489012.71820068
8147,8147,8156,13140.0,65,71281689.64385986,60782706.26068115,264165513.9923096,75947819.70977783
8148,8148,8157,13500.0,45,82663536.07177734,71423721.31347656,260284423.828125,80032539.36767578
8149,8149,8158,13224.0,48,61733068.46618652,70421285.62927246,230709770.20263672,77794578.5522461
8150,8150,8159,12076.0,100,46878110.88562012,64881650.92468262,224925978.6605835,70938732.1472168
8151,8151,8160,12488.0,57,59083168.98345947,55139884.94873047,248306075.0961304,73993248.93951416
8152,8152,8161,13261.0,46,61467498.77929688,59994619.36950684,254025432.58666992,69281748.77166748
8153,8153,8162,13136.0,49,60680061.34033203,62832352.63824463,255335175.5142212,75291089.05792236
8154,8154,8163,12791.0,59,75801938.0569458,68387095.45135498,285074798.5839844,76966764.45007324
8155,8155,8164,12600.0,42,57459068.29833984,68085479.73632812,244048118.5913086,78154850.00610352
8156,8156,8165,12600.0,42,58747959.13696289,66291332.24487305,243804359.4360352,79306983.9477539
8157,8157,8166,12600.0,42,63162517.54760742,66574859.61914063,267117977.142334,78765964.50805664
8158,8158,8167,12590.0,42,50048770.904541016,64078617.09594727,249632644.6533203,76001663.20800781
8159,8159,8168,12431.0,44,46877466.20178223,62373516.08276367,212599378.58581543,69194593.42956543
8160,8160,8169,12570.0,45,36193575.859069824,58491832.7331543,176747203.8269043,64634912.49084473
8161,8161,8170,13835.0,49,51459604.263305664,61741312.02697754,227626289.36767575,67886030.19714355
8162,8162,8171,14807.0,52,39633708.95385742,61463815.689086914,216603759.765625,71254480.36193848
8163,8163,8172,15636.0,57,55176484.10797119,62024083.13751221,227641467.0944214,72087315.5593872
8164,8164,8173,15437.0,54,46907235.14556885,62356353.759765625,244113422.39379883,71508089.06555176
8165,8165,8174,15814.0,55,51949078.55987549,67486171.72241211,245638913.15460205,81008728.02734375
8166,8166,8175,15792.0,53,64641059.87548828,71955070.49560547,274618675.2319336,82154983.52050781
8167,8167,8176,15900.0,53,55783939.361572266,73685932.15942383,253238296.50878903,79827117.91992188
8168,8168,8177,15900.0,53,53921699.52392578,68757820.12939453,229722976.6845703,82966518.40209961
8169,8169,8178,15900.0,53,59047794.342041016,70983982.08618164,266806983.9477539,81535720.82519531
8170,8170,8179,15900.0,53,59601116.18041992,78311634.0637207,243433284.75952148,85192680.35888672
8171,8171,8180,15900.0,54,81033411.02600098,79048700.3326416,305268276.2145996,87255725.8605957
8172,8172,8181,15871.0,53,83341865.53955078,77557922.36328125,321236465.4541016,84293403.62548828
8173,8173,8182,15470.0,55,83414558.41064453,77249083.51898193,273764503.4790039,84881026.26800537
8174,8174,8183,14464.0,90,56236882.20977783,70523443.2220459,230029783.24890137,77799576.75933838
8175,8175,8184,13591.0,49,90062534.33227539,73630354.88128662,275688434.6008301,78800612.449646
8176,8176,8185,13556.0,46,92187149.04785156,75982414.24560547,237394760.13183597,82364315.03295898
8177,8177,8186,13395.0,45,73581404.68597412,75280094.14672852,251736946.10595703,81397247.31445312
8178,8178,8187,13605.0,46,64582772.25494385,78107786.17858887,254203863.1439209,83455696.10595703
8179,8179,8188,13074.0,48,74811047.55401611,75446205.13916016,280853626.2512207,83379925.72784424
8180,8180,8189,12834.0,82,73459630.0125122,69213278.77044678,266561824.798584,75809637.06970215
8181,8181,8190,12300.0,41,78582859.03930664,66770267.486572266,255980873.10791016,73312854.7668457
8182,8182,8191,12300.0,41,88773536.6821289,72835922.24121094,296012306.2133789,78255271.9116211
8183,8183,8192,12300.0,41,90056991.57714844,75268077.8503418,288097000.1220703,82388305.6640625
8184,8184,8193,12150.0,45,87247930.5267334,72439264.29748535,220506015.7775879,78178798.67553711
8185,8185,8194,11896.0,40,74723346.71020508,70445220.94726562,243725345.61157227,77738155.36499023
8186,8186,8195,12104.0,41,87203063.96484375,70839431.76269531,271234016.41845703,76811729.43115234
8187,8187,8196,12313.0,46,75155920.98236084,70256967.54455566,250471908.56933597,77435342.78869629
8188,8188,8197,11906.0,43,75151420.59326172,69138476.37176514,240680335.9985352,75735868.45397949
8189,8189,8198,12429.0,48,83205507.27844238,70540849.68566895,283966850.2807617,76037611.00769043
8190,8190,8199,12586.0,53,65042306.900024414,70441394.8059082,209194706.91680908,75787868.49975586
8191,8191,8200,12744.0,51,80774003.02886963,71801084.51843262,244886649.1317749,77709362.0300293
8192,8192,8201,13158.0,57,70550711.6317749,66025729.17938232,235445335.3881836,73168265.3427124
8193,8193,8202,13195.0,54,50677171.70715332,65431565.28472901,220802136.4212036,73536852.83660889
8194,8194,8203,13405.0,46,76199722.29003906,70127410.88867188,252441120.14770508,75509352.684021
8195,8195,8204,13445.0,46,65188592.9107666,70779617.30957031,232663831.71081543,78377918.2434082
8196,8196,8205,13062.0,52,79326613.4262085,73408343.31512451,252640045.1660156,77219134.33074951
8197,8197,8206,12609.0,65,77943099.97558594,70376177.78778076,283310685.1577759,78917094.23065186
8198,8198,8207,12526.0,57,75997638.70239258,67810143.47076416,243637133.59832764,74784936.90490723
8199,8199,8208,12733.0,59,69171549.7970581,63075768.47076416,221055922.50823972,70885119.43817139
8200,8200,8209,12346.0,43,46789994.23980713,60753288.26904297,197314354.8965454,67250017.1661377
8201,8201,8210,13135.0,57,73575033.18786621,68018000.60272217,264116342.5445557,75531159.40093994
8202,8202,8211,13260.0,46,80751533.50830078,71636313.43841553,254479751.5869141,79469254.49371338
8203,8203,8212,13652.0,48,73213428.49731445,71907148.36120605,260854663.84887692,80358825.68359375
8204,8204,8213,13447.0,46,87165248.87084961,72808240.89050293,257801272.39227292,77854691.50543213
8205,8205,8214,13208.0,47,74804588.3178711,68474960.32714844,299860893.2495117,75081066.1315918
8206,8206,8215,12671.0,49,64925079.345703125,65290048.59924317,253433050.15563965,71301948.54736328
8207,8207,8216,13030.0,49,59534818.64929199,67785262.10784912,237807754.5166016,75327025.41351318
8208,8208,8217,13358.0,48,78460063.93432617,72794198.03619385,249868350.982666,80167023.65875244
8209,8209,8218,13475.0,48,82834723.47259521,70908035.27832031,264445751.19018555,77157825.4699707
8210,8210,8219,14071.0,56,62656089.78271485,68626187.32452393,229261294.3649292,73724762.91656494
8211,8211,8220,14214.0,50,73387417.79327393,69415679.93164062,266419118.8812256,74197014.80865479
8212,8212,8221,13584.0,62,67229517.93670654,68904826.1642456,262897581.10046387,79341629.02832031
8213,8213,8222,12415.0,59,77829205.51300049,64685372.3526001,234348772.0489502,69685005.18798828
8214,8214,8223,12753.0,47,67953880.3100586,63924390.79284668,231361564.63623047,71822742.4621582
8215,8215,8224,12990.0,48,70141254.42504883,67168477.05841064,207604143.1427002,73058587.07427979
8216,8216,8225,13350.0,45,71463203.43017578,72149276.73339844,262185573.5778809,78110790.25268555
8217,8217,8226,13555.0,46,75433874.13024902,73986415.86303711,287232131.9580078,83927106.8572998
8218,8218,8227,13931.0,47,80352314.94903564,74461780.5480957,239297298.43139648,80143009.18579102
8219,8219,8228,13768.0,46,64751937.86621094,71227512.35961914,252541252.13623047,77755802.15454102
8220,8220,8229,13463.0,48,81264268.87512207,72289859.77172852,270024024.9633789,80612356.18591309
8221,8221,8230,13095.0,84,66581131.93511963,67093333.24432373,235482624.05395508,73298148.1552124
8222,8222,8231,12800.0,55,88507492.06542969,77020077.7053833,330974906.9213867,87362980.84259033
8223,8223,8232,13224.0,74,58216701.50756836,68131103.515625,222376528.7399292,76002620.69702148
8224,8224,8233,13494.0,53,75270276.06964111,69560205.45959473,281835774.4216919,76508820.53375244
8225,8225,8234,13489.0,51,79938752.17437744,74810575.48522949,277327507.9727173,86535064.69726562
8226,8226,8235,13371.0,51,81654170.03631592,76442733.76464844,274863912.58239746,87643738.74664307
8227,8227,8236,14277.0,65,100254024.50561523,81276701.92718506,348835954.6661377,94526023.8647461
8228,8228,8237,14244.0,49,95577541.35131836,80196853.63769531,328886100.76904297,94405918.12133788
8229,8229,8238,13800.0,48,85419578.5522461,76486999.51171875,268920230.8654785,89681591.03393555
8230,8230,8239,14291.0,51,102948139.19067384,87094398.49853516,334141845.703125,99018203.73535156
8231,8231,8240,13973.0,49,80988693.23730469,76758224.48730469,287607875.8239746,90917694.09179688
8232,8232,8241,13946.0,59,97254978.17993164,81621708.86993408,320621734.6191406,92139177.3223877
8233,8233,8242,12966.0,65,59151124.00054932,66467761.9934082,236179014.20593265,78074406.62384033
8234,8234,8243,14602.0,67,83702448.84490967,76442170.14312744,294343729.01916504,89529522.89581299
8235,8235,8244,13276.0,56,85411414.14642334,72338549.61395264,280737712.8601074,80257911.6821289
8236,8236,8245,13335.0,48,89170434.95178223,74578357.6965332,293319583.89282227,81349876.4038086
8237,8237,8246,13130.0,45,92190029.14428712,74972808.83789062,265608486.1755371,82152832.03125
8238,8238,8247,13038.0,48,84229198.45581055,76913705.82580566,261031543.73168945,84504291.53442383
8239,8239,8248,12900.0,44,87368225.09765625,76996761.32202148,262071365.3564453,84328575.13427734
8240,8240,8249,12900.0,44,70400688.17138672,74848960.87646484,238041217.80395508,82456043.2434082
8241,8241,8250,12866.0,43,74744228.36303711,70463745.1171875,265558181.7626953,78644607.54394531
8242,8242,8251,12896.0,45,76129682.54089355,68181663.5131836,245337398.52905276,79304100.0366211
8243,8243,8252,13126.0,45,79047607.421875,72227008.81958008,258788595.19958496,80754312.51525879
8244,8244,8253,13475.0,51,86600953.10211182,73698335.64758301,264381444.93103027,83326593.39904785
8245,8245,8254,13233.0,47,93381552.69622804,74107402.80151367,279350288.3911133,80001340.86608887
8246,8246,8255,13483.0,74,70146388.05389404,68136545.18127441,201160871.5057373,74892744.06433105
8247,8247,8256,13482.0,53,58250141.14379883,67789538.38348389,233833660.1257324,74886427.8793335
8248,8248,8257,13500.0,45,73326301.57470703,72443103.7902832,265237140.6555176,76861095.4284668
8249,8249,8258,15055.0,76,86473690.03295898,79453560.8291626,252432465.5532837,85730336.18927002
8250,8250,8259,14618.0,51,65199491.50085449,77581748.96240234,251518192.29125977,87983581.54296875
8251,8251,8260,14459.0,61,57107414.24560547,69263680.45806885,199992114.06707764,78959485.05401611
8252,8252,8261,14058.0,52,71834493.63708496,70405897.14050293,239831066.1315918,83282119.75097656
8253,8253,8262,16155.0,76,99146963.11950684,83057495.1171875,359555800.43792725,100735871.31500244
8254,8254,8263,15188.0,69,103206137.65716553,78583381.65283203,340522430.4199219,87580833.4350586
8255,8255,8264,14130.0,56,76970168.1137085,70058875.08392334,252500842.0944214,83727599.14398193
8256,8256,8265,14187.0,54,92363502.5024414,77392948.15063477,267743684.7686768,86063514.70947266
8257,8257,8266,13153.0,48,100095655.44128418,76154857.63549805,257237667.08374023,82645204.54406738
8258,8258,8267,12295.0,79,86258576.39312744,70937645.91217041,240724802.0172119,76583991.05072021
8259,8259,8268,11700.0,40,84316062.9272461,71386096.9543457,241286092.7581787,76283485.41259766
8260,8260,8269,11847.0,41,69230564.11743164,71055203.43780518,218515010.83374023,78255154.60968018
8261,8261,8270,11929.0,47,74618121.14715576,68389661.78894043,247506563.1866455,75853473.66333008
8262,8262,8271,11984.0,46,77885212.8982544,68219148.63586426,231973064.42260745,76886070.25146484
8263,8263,8272,12339.0,49,47647204.39910889,67152542.11425781,201072796.82159424,76643172.26409912
8264,8264,8273,12436.0,58,78384883.88061523,71762961.38763428,230427264.213562,76502795.21942139
8265,8265,8274,12627.0,60,87991796.49353027,70070987.70141602,346189861.2976074,80085983.27636719
8266,8266,8275,13706.0,54,80357368.46923828,70914312.3626709,274724502.56347656,81755903.24401855
8267,8267,8276,13094.0,50,83430526.73339844,74132353.78265381,246185191.15448,82028666.49627686
8268,8268,8277,12274.0,59,79712899.20806885,70764208.79364014,235835949.8977661,76931364.05944824
8269,8269,8278,12547.0,61,66517136.573791504,69532404.89959717,227877548.21777344,78094253.54003906
8270,8270,8279,13323.0,66,77950390.81573486,79036625.86212158,304345458.984375,90402227.4017334
8271,8271,8280,12188.0,58,72078838.34838867,71264802.93273926,217782265.66314697,77467907.90557861
8272,8272,8281,12303.0,57,71240194.32067871,67377139.0914917,240611216.54510495,78490834.23614502
8273,8273,8282,12291.0,43,86629199.98168945,73009893.4173584,241877738.95263672,79243465.42358398
8274,8274,8283,12071.0,55,70828616.14227295,70579561.23352051,246013864.5172119,76819220.54290771
8275,8275,8284,12742.0,50,77076154.7088623,68531497.00164795,270442298.88916016,75586562.15667725
8276,8276,8285,12142.0,45,67775918.96057129,65481492.042541504,250209182.7392578,76029642.10510254
8277,8277,8286,12307.0,49,86029165.26794434,67348439.21661377,239044371.60491943,72205513.9541626
8278,8278,8287,11676.0,48,80404241.56188965,64370626.44958496,249228219.9859619,70646476.74560547
8279,8279,8288,11931.0,42,52173931.12182617,60986461.6394043,207659129.14276123,69400218.96362305
8280,8280,8289,12004.0,56,92381205.55877686,63422971.72546387,290078520.7748413,69191080.09338379
8281,8281,8290,12775.0,70,85507702.82745361,66655190.46783447,349228973.3886719,76216573.71520996
8282,8282,8291,13548.0,63,96004877.0904541,76607122.42126465,327466920.85266113,87467590.33203125
8283,8283,8292,13361.0,50,95922676.08642578,79629619.59838867,296846496.58203125,87902511.59667969
8284,8284,8293,11696.0,54,56544230.461120605,60794870.376586914,204231219.291687,68599277.49633789
8285,8285,8294,12542.0,53,81470703.125,62323199.27215576,245111463.54675293,71652232.17010498
8286,8286,8295,12465.0,60,72308345.79467773,58424714.08843994,258259049.4155884,67162051.2008667
8287,8287,8296,12346.0,52,72677430.15289307,56411928.17687988,267588894.8440552,66683060.64605713
8288,8288,8297,12524.0,47,64228785.51483154,55707466.12548828,201279415.13061523,61528778.07617188
8289,8289,8298,13010.0,61,84820086.47918701,58936789.51263428,260355510.71166992,67592335.70098877
8290,8290,8299,12609.0,58,82161342.62084961,56967613.22021485,249398930.5496216,63212289.81018066
8291,8291,8300,12214.0,55,64637451.171875,57826393.127441406,245933211.32659912,66943466.18652344
8292,8292,8301,12000.0,40,47436618.80493164,62804317.474365234,197077274.32250977,68424510.95581055
8293,8293,8302,12144.0,42,37646415.71044922,60892032.623291016,149636047.36328125,65535530.09033203
8294,8294,8303,12373.0,60,24340632.438659668,55042250.63323975,145212773.32305908,62239370.346069336
8295,8295,8304,14286.0,75,37757214.54620361,54356396.67510986,169160667.4194336,61165343.28460693
8296,8296,8305,14129.0,55,64185202.59857178,50122255.32531738,214329688.0722046,56754111.28997803
8297,8297,8306,14667.0,73,45926999.09210205,51431152.34375,204481323.2421875,55294341.08734131
8298,8298,8307,14978.0,67,49909443.855285645,52310287.47558594,220657750.1296997,59768638.61083984
8299,8299,8308,15259.0,60,68661662.1017456,56318254.4708252,277906089.78271484,62182429.31365967
8300,8300,8309,16116.0,81,66102319.71740723,60866908.07342529,299099098.2055664,66796671.867370605
8301,8301,8310,16012.0,63,42484584.80834961,64852112.77008057,250628944.39697263,74117362.0223999
8302,8302,8311,16805.0,74,78869432.44934082,75658647.53723145,279007606.50634766,88088925.3616333
8303,8303,8312,15683.0,86,81833403.58734131,75874719.61975098,294235488.8916016,91812681.19812012
8304,8304,8313,12214.0,90,94026626.58691406,74069218.63555908,420961108.2077026,86085384.36889648
8305,8305,8314,13201.0,87,115531301.49841309,72023159.98077393,633813238.1439209,87272260.66589355
8306,8306,8315,13095.0,69,90700728.41644289,74348642.34924316,345520323.75335693,92106907.84454346
8307,8307,8316,15099.0,67,119238553.04718018,95609868.04962158,450577937.12615967,106837102.89001463
8308,8308,8317,16091.0,61,129866804.1229248,99784064.29290771,373902336.1206055,111473577.49938963
8309,8309,8318,15603.0,70,86902373.31390381,73280925.75073242,323623693.4661865,96601678.8482666
8310,8310,8319,15118.0,64,99058710.0982666,81351551.0559082,322261699.6765137,92508278.84674072
8311,8311,8320,14272.0,68,58724914.55078125,62429976.46331787,205566974.63989255,68663450.24108887
8312,8312,8321,14900.0,67,54820631.980896,55934478.759765625,203955181.12182617,65495579.71954346
8313,8313,8322,15368.0,107,53933294.29626465,60920142.17376709,215769030.5709839,73601573.9440918
8314,8314,8323,13817.0,73,47687958.71734619,58276114.46380615,224389144.8974609,66297216.41540527
8315,8315,8324,16726.0,107,67326447.48687744,65741953.84979248,283122043.60961914,80675052.64282227
8316,8316,8325,15933.0,72,88187841.41540527,69345819.4732666,253918685.91308597,78429062.84332275
8317,8317,8326,14844.0,66,36738677.02484131,47917864.79949951,171640841.48406982,54016917.22869873
8318,8318,8327,15531.0,71,37507738.11340332,52025380.13458252,153254639.62554932,57955299.377441406
8319,8319,8328,15758.0,55,63197401.04675293,58689762.11547852,179301892.2805786,61796231.269836426
8320,8320,8329,16218.0,68,68142301.55944824,59290582.65686035,200665089.6072388,67458833.69445801
8321,8321,8330,13250.0,106,82193763.73291016,72616284.37042236,252477120.3994751,81215820.3125
8322,8322,8331,13818.0,48,94890172.95837402,73257205.96313477,278100210.18981934,82245117.1875
8323,8323,8332,15553.0,63,110975585.9375,82215394.97375488,324059600.8300781,90155929.56542967
8324,8324,8333,14301.0,59,82080867.76733398,65936925.88806152,206576556.2057495,74546245.57495117
8325,8325,8334,15752.0,73,56139798.16436768,56602125.16784668,260298254.01306152,71293110.84747314
8326,8326,8335,15882.0,62,85529569.62585449,74772798.53820801,257080473.8998413,82573190.68908691
8327,8327,8336,15434.0,68,77182124.13787842,77044376.37329102,318439864.1586304,86009323.12011719
8328,8328,8337,15239.0,51,90644596.09985352,84112499.23706055,283480113.9831543,86601158.14208984
8329,8329,8338,15019.0,57,83629909.51538086,72463598.25134277,301662855.1483154,85643582.34405518
8330,8330,8339,15327.0,61,83783480.64422607,74063050.27008057,288267767.90618896,83556058.88366699
8331,8331,8340,14854.0,58,73350310.32562256,72881654.73937988,336204584.1217041,82965584.75494385
8332,8332,8341,15377.0,54,101325410.84289552,80223131.17980957,392159191.1315918,95170043.9453125
8333,8333,8342,15403.0,53,116747188.56811523,88472286.22436523,428648719.78759766,99206905.36499023
8334,8334,8343,15178.0,57,74242120.74279785,63470697.4029541,306453992.8436279,87603748.3215332
8335,8335,8344,15281.0,54,39313188.552856445,47240707.39746094,171581798.5534668,58975788.11645508
8336,8336,8345,15451.0,62,59695324.89776611,57230798.72131348,249044009.2086792,69221145.62988281
8337,8337,8346,16132.0,63,105604717.25463869,78778214.45465088,325392283.43963623,94428464.88952637
8338,8338,8347,15182.0,57,79933515.54870605,69085153.57971191,306831338.8824463,83108712.1963501
8339,8339,8348,15273.0,57,76727199.55444336,63043952.94189453,240346035.0036621,77827720.64208984
8340,8340,8349,14857.0,53,95569578.17077637,69910131.45446777,315926330.56640625,80094589.23339844
8341,8341,8350,15569.0,57,88121294.02160645,77050880.4321289,359939529.4189453,90493852.61535645
8342,8342,8351,15590.0,55,93616807.93762209,79580142.97485352,333840915.67993164,95072566.98608398
8343,8343,8352,15378.0,55,102434836.38763428,86193782.80639648,335672499.65667725,95478122.71118164
8344,8344,8353,15524.0,62,77536412.2390747,78573587.41760254,285913781.16607666,89095163.34533691
8345,8345,8354,15424.0,53,69701812.74414062,72231275.55847168,259061874.38964844,87818769.45495605
8346,8346,8355,16127.0,62,71408530.23529053,73228824.61547852,310294085.5026245,84507115.3640747
8347,8347,8356,16200.0,57,76965560.91308594,71713653.56445312,335291851.0437012,83847213.74511719
8348,8348,8357,16200.0,54,100999259.94873048,80659961.70043945,319886112.2131348,87599658.96606445
8349,8349,8358,15910.0,65,87141302.10876465,74476411.81945801,342633819.5800781,88227190.0177002
8350,8350,8359,16899.0,66,118955999.37438963,91597101.21154784,440667181.01501465,104138164.52026369
8351,8351,8360,16226.0,60,85708468.43719482,72906400.68054199,291315218.9254761,85159550.66680908
8352,8352,8361,16221.0,62,71604452.13317871,68963289.26086426,295971488.9526367,82674729.347229
8353,8353,8362,16048.0,59,78415437.69836426,78833702.08740234,287747574.8062134,86694271.08764648
8354,8354,8363,15799.0,59,74769311.90490723,74794714.92767334,282155714.9887085,85198633.19396973
8355,8355,8364,15818.0,65,88560480.11779785,75397817.61169434,280724904.06036377,80683094.97833252
8356,8356,8365,16753.0,73,76010301.58996582,75153260.23101807,257368227.9586792,84007822.03674316
8357,8357,8366,17354.0,77,90389874.458313,86882371.90246582,333796762.46643066,96632385.25390624
8358,8358,8367,16663.0,70,84300502.77709961,83465060.23406982,253162424.0875244,93120996.47521973
8359,8359,8368,17089.0,62,106344379.42504884,95690814.97192384,394137702.9418945,105293766.02172852
8360,8360,8369,17204.0,60,90028312.68310547,84086301.80358887,352606117.2485352,107497273.4451294
8361,8361,8370,16679.0,70,83030168.5333252,83921142.578125,382365737.9150391,102285324.09667967
8362,8362,8371,15900.0,69,85630754.4708252,80066562.65258789,474444183.3496094,96789915.08483888
8363,8363,8372,16803.0,71,102308313.36975098,96642636.2991333,400424156.1889648,110234095.5734253
8364,8364,8373,16593.0,63,112945372.58148192,97584585.18981934,393513034.82055664,107253015.51818848
8365,8365,8374,16475.0,66,112001415.25268556,99024521.82769775,353507286.07177734,110215432.16705322
8366,8366,8375,16453.0,56,104966878.8909912,91711177.82592772,336494743.347168,110831961.6317749
8367,8367,8376,16394.0,64,111624998.09265137,96457512.8555298,378273417.47283936,112063266.7541504
8368,8368,8377,15418.0,101,113472848.89221191,92743363.38043211,346812565.80352783,101754045.4864502
8369,8369,8378,15147.0,61,100913192.74902344,93276672.36328124,314936654.09088135,110138313.29345705
8370,8370,8379,14233.0,71,69544006.34765625,68569222.45025635,245457432.7468872,76728320.12176514
8371,8371,8380,14428.0,67,79621376.03759766,68570080.75714111,297163462.638855,76824814.79644775
8372,8372,8381,15163.0,66,93534342.7658081,76079421.99707031,359757532.119751,98636212.348938
8373,8373,8382,14991.0,61,100904495.2392578,95149234.77172852,404955738.06762695,112465722.0840454
8374,8374,8383,15000.0,52,125018470.76416016,108895172.11914062,385747093.2006836,116955562.59155272
8375,8375,8384,15000.0,54,125930373.1918335,107089303.97033691,654634445.1904297,117802936.55395508
8376,8376,8385,14921.0,52,129054836.27319336,110534809.11254884,462236206.0546875,122178722.3815918
8377,8377,8386,14980.0,55,125605937.95776369,104535531.99768066,405467674.2553711,121665054.32128906
8378,8378,8387,15044.0,56,124135729.78973389,100878383.6364746,415935478.2104492,120711387.63427734
8379,8379,8388,14810.0,60,105210427.28424072,82163970.94726562,358239542.9611206,104946606.63604736
8380,8380,8389,15105.0,57,118863777.16064452,91797773.36120604,421107128.14331055,119599710.46447754
8381,8381,8390,14992.0,62,128602859.49707033,107837964.05792236,454244089.1265869,122053826.33209229
8382,8382,8391,14729.0,54,137676330.56640625,107782871.24633788,533672065.7348633,121775231.36138916
8383,8383,8392,14548.0,52,118183343.8873291,96203214.64538574,447201194.7631836,114704675.67443848
8384,8384,8393,14689.0,57,95201189.0411377,93040615.08178712,371377026.5579224,114735643.38684082
8385,8385,8394,15085.0,69,118561111.45019533,100094086.64703368,435682296.7529297,113512574.19586182
8386,8386,8395,14782.0,85,105399537.08648682,85827525.13885498,424168252.9449463,117729954.71954346
8387,8387,8396,15532.0,66,131671079.63562012,116252964.0197754,535249349.5941162,128961631.77490234
8388,8388,8397,15814.0,62,118008736.6104126,105120368.0038452,494975719.4519043,132656567.57354736
8389,8389,8398,16109.0,72,117873817.44384766,98328375.8163452,466538546.5621948,118014485.3591919
8390,8390,8399,15442.0,76,85187631.60705566,70924348.83117676,323053833.0078125,93143020.6298828
8391,8391,8400,16035.0,63,112862225.53253174,93939533.23364258,426468051.9104004,118458829.87976074
8392,8392,8401,16262.0,62,105790496.82617188,97140417.09899902,461984195.7092285,117884538.6505127
8393,8393,8402,15569.0,59,103865036.0107422,91550311.088562,337106704.71191406,113311326.0269165
8394,8394,8403,16051.0,60,138490371.70410156,113984881.401062,524853251.4572144,128654735.56518556
8395,8395,8404,15537.0,57,129450635.91003418,104950179.10003662,499380646.7056274,123624762.5350952
8396,8396,8405,15443.0,71,135653443.33648682,114023699.760437,474231461.5249634,130242034.91210938
8397,8397,8406,15094.0,57,123281409.26361084,114781766.89147948,656177330.9707642,128575161.93389893
8398,8398,8407,15904.0,61,120070782.661438,104904839.51568604,405059818.2678223,120852990.15045166
8399,8399,8408,15405.0,68,102307320.5947876,100685528.755188,377002910.6140137,120928313.25531006
8400,8400,8409,16191.0,64,127778127.67028809,118578629.49371338,463265952.1102905,129033345.22247314
8401,8401,8410,15745.0,62,124841688.15612791,96635693.55010986,403191450.11901855,112457551.95617676
8402,8402,8411,16441.0,89,122830581.66503906,93751584.05303957,470283771.5148926,118283553.12347412
8403,8403,8412,17335.0,66,145581554.4128418,127768257.14111328,519788426.39923096,138296634.67407227
8404,8404,8413,15506.0,59,131064050.67443848,107448729.51507568,551198007.5836182,125983292.57965088
8405,8405,8414,15807.0,89,100734744.07196043,77452905.65490723,398732518.196106,95311083.79364014
8406,8406,8415,16131.0,93,94517429.35180664,81965490.34118652,343366269.1116333,103755470.2758789
8407,8407,8416,14411.0,72,111512512.20703124,93883307.4569702,386669350.6240845,115401219.36798096
8408,8408,8417,16150.0,69,140058691.9784546,127585383.41522215,483535571.0983277,140320560.45532227
8409,8409,8418,15600.0,52,127511215.20996094,127899456.02416992,388099193.5729981,138759613.03710938
8410,8410,8419,15495.0,56,130170922.27935793,100616146.08764648,440104121.2081909,127895019.53125
8411,8411,8420,15705.0,56,134710591.31622314,106933673.85864258,604330049.5147705,127035657.88269044
8412,8412,8421,15498.0,52,127890537.26196288,108114131.92749023,476466518.4020996,124957828.52172852
8413,8413,8422,15480.0,61,131232373.23760986,112603518.48602296,510280410.7666016,130702814.10217284
8414,8414,8423,15072.0,62,118189643.85986328,96342649.45983888,377425022.12524414,121937386.51275636
8415,8415,8424,15496.0,76,129808234.21478271,108898206.71081544,456115724.5635986,130656431.19812012
8416,8416,8425,15136.0,66,126422159.19494627,106868046.76055908,437953775.4058838,119698273.65875244
8417,8417,8426,14589.0,88,128083159.44671632,101957832.33642578,436516089.4393921,119114175.7965088
8418,8418,8427,14734.0,74,112142294.88372804,95594785.69030762,451064664.84069824,119894682.88421632
8419,8419,8428,15015.0,56,124607972.14508057,116486404.41894533,460312424.659729,125554316.52069092
8420,8420,8429,14502.0,55,130451426.50604248,115750130.65338136,625574393.2723999,132991086.95983888
8421,8421,8430,14751.0,65,119136359.21478271,100175362.5869751,505019000.05340576,131623183.25042725
8422,8422,8431,14858.0,63,129315267.5628662,119233530.99822998,553166279.7927856,138923192.02423096
8423,8423,8432,14521.0,52,133735104.56085204,129448127.74658205,450526977.5390625,138750701.90429688
8424,8424,8433,14875.0,55,116805622.10083008,102915127.75421144,442590472.2213745,135599980.35430908
8425,8425,8434,14818.0,72,119251666.06903076,108875694.27490234,501593173.0270386,124559490.20385742
8426,8426,8435,15224.0,67,115460795.40252686,94140814.78118896,482652019.5007324,124395995.14007568
8427,8427,8436,15050.0,67,93825954.43725586,74418359.75646973,344473611.83166504,93132555.00793456
8428,8428,8437,14595.0,74,107458647.72796632,81861477.85186768,462233792.3049927,112016113.28125
8429,8429,8438,14810.0,74,112168405.53283691,88745930.6716919,364083198.5473633,104989404.67834473
8430,8430,8439,14553.0,72,100786950.11138916,93359419.82269289,343298274.9938965,110382972.71728516
8431,8431,8440,14151.0,93,101259913.44451904,84664530.75408936,376074450.4928589,98317092.8955078
8432,8432,8441,14355.0,69,125189035.4156494,104008548.73657228,461237758.6364746,115219277.38189696
8433,8433,8442,13921.0,52,104848766.3269043,85734509.46807861,385288763.0462647,111809091.56799316
8434,8434,8443,13661.0,62,93646524.42932127,83609882.35473633,312315556.5261841,96156137.46643066
8435,8435,8444,12045.0,71,66305636.40594482,62640480.04150391,235821348.1903076,72493655.20477295
8436,8436,8445,12283.0,61,73323021.88873291,55877328.87268066,269377140.99884033,66059791.564941406
8437,8437,8446,12797.0,56,85515787.12463379,62236786.84234619,261815824.508667,71391001.70135498
8438,8438,8447,11799.0,43,75118012.42828369,60580670.35675049,245472075.4623413,69346261.0244751
8439,8439,8448,11836.0,43,64275979.99572754,57552703.85742188,257011859.89379883,65974225.997924805
8440,8440,8449,11700.0,39,75477218.62792969,58227825.16479492,274379825.592041,68326091.76635742
8441,8441,8450,11574.0,39,80744258.88061523,60537734.98535156,251899967.19360352,68031017.3034668
8442,8442,8451,11759.0,40,83976493.83544922,62542980.1940918,243703046.79870605,71551788.33007812
8443,8443,8452,11767.0,41,71004661.5600586,61496959.6862793,242085456.84814453,68685333.25195312
8444,8444,8453,11684.0,39,74036151.88598633,60363510.13183594,282820819.8547363,72402347.56469727
8445,8445,8454,11408.0,41,55619931.2210083,57897451.40075684,227357319.8318481,67003519.05822754
8446,8446,8455,11814.0,40,52217010.49804688,58634811.40136719,256700408.93554688,66734893.798828125
8447,8447,8456,11700.0,39,56849956.51245117,57991504.66918945,217109298.7060547,63839721.6796875
8448,8448,8457,11490.0,39,63827018.73779297,56724243.1640625,242979354.85839844,64460964.20288086
8449,8449,8458,12567.0,48,65080680.84716797,68898514.74761963,263466557.50274655,78480239.86816406
8450,8450,8459,12300.0,43,68707130.4321289,60673072.814941406,305513259.8876953,73347530.36499023
8451,8451,8460,12881.0,53,70534075.73699951,61946209.90753174,301711837.7685547,73728460.31188965
8452,8452,8461,13026.0,48,55735544.20471192,59885605.812072754,218708015.44189453,70553588.8671875
8453,8453,8462,12306.0,49,75185718.53637695,62699048.04229736,285730342.86499023,72035786.62872314
8454,8454,8463,12497.0,50,70066282.27233887,63634655.95245361,304440210.3424072,74970269.20318604
8455,8455,8464,12830.0,45,59638619.4229126,59579975.12817383,302747148.51379395,68122577.66723633
8456,8456,8465,12606.0,44,67559928.89404297,59492626.19018555,259492182.7316284,66392283.43963623
8457,8457,8466,12572.0,46,53514269.82879639,58726342.20123291,242308393.47839355,65544873.23760986
8458,8458,8467,13325.0,61,55056739.807128906,63997060.77575684,245524671.55456543,72754060.74523926
8459,8459,8468,13740.0,52,87612235.0692749,71567676.54418945,355974701.8814087,80857051.84936523
8460,8460,8469,14025.0,70,99739383.69750977,69598454.47540283,341846144.6762085,79515305.519104
8461,8461,8470,14053.0,54,110889791.48864746,76021979.33197021,530449846.2677002,85308902.74047852
8462,8462,8471,12895.0,58,88377065.65856934,67581937.78991699,327509485.244751,74680753.70788574
8463,8463,8472,13377.0,77,86322234.15374756,63260670.66192627,280506249.4277954,72710229.87365723
8464,8464,8473,12298.0,51,98727272.0336914,69217296.6003418,255776952.74353027,76920360.56518555
8465,8465,8474,12300.0,41,100110626.22070312,71363639.83154297,244732189.1784668,78637790.67993164
8466,8466,8475,12300.0,41,99070072.17407228,72763538.3605957,265996742.2485352,79961013.79394531
8467,8467,8476,12300.0,42,90547193.52722168,72460556.03027344,267706867.2180176,80100757.59887695
8468,8468,8477,12300.0,41,97141170.50170898,72096920.01342773,269958114.62402344,78498172.76000977
8469,8469,8478,12300.0,41,99086093.90258788,73835849.76196289,242610740.6616211,80549240.11230469
8470,8470,8479,12300.0,41,98547649.38354492,75133895.87402344,247200965.8813477,81816959.38110352
8471,8471,8480,12160.0,41,93215270.99609376,73438835.14404297,296897445.67871094,81612182.6171875
8472,8472,8481,12440.0,44,94234268.18847656,72557893.75305176,269169593.8110352,81329847.33581543
8473,8473,8482,11908.0,44,96711757.65991212,68898619.65179443,277113750.4577637,75394381.52313232
8474,8474,8483,12031.0,48,94531670.57037354,64695444.107055664,258967453.0029297,72172798.15673828
8475,8475,8484,11882.0,49,83754300.11749268,59371098.51837158,244239925.38452148,67385401.72576904
8476,8476,8485,12230.0,58,93057480.81207275,62304809.5703125,283149945.25909424,70705538.74969482
8477,8477,8486,12407.0,53,98664945.602417,63805337.90588379,267325271.6064453,71923227.31018066
8478,8478,8487,11883.0,46,94868392.94433594,61468976.974487305,251238231.65893555,69748865.12756348
8479,8479,8488,11957.0,52,93373443.60351562,62286224.365234375,242097410.2020264,71263153.07617188
8480,8480,8489,11900.0,47,91324550.62866212,60906784.05761719,241675857.5439453,69376242.63763428
8481,8481,8490,12078.0,53,82356098.17504883,58868846.89331055,241771993.63708496,66738999.366760254
8482,8482,8491,12519.0,58,85065667.15240479,61287142.753601074,253372742.65289307,73011108.3984375
8483,8483,8492,12300.0,41,97685050.96435548,65934848.78540039,272497558.59375,73238754.27246094
8484,8484,8493,12265.0,42,96849115.3717041,64519927.978515625,240823001.86157227,70435871.12426758
8485,8485,8494,11872.0,48,81346224.78485107,61170113.5635376,256056744.5755005,68169641.49475098
8486,8486,8495,11853.0,51,84349931.71691895,62104237.55645752,276205318.45092773,70243086.81488037
8487,8487,8496,11624.0,56,92322193.14575195,60898921.966552734,294066970.8251953,70679706.57348633
8488,8488,8497,11334.0,65,97394701.00402832,62962552.07061768,277832910.5377197,71242959.02252197
8489,8489,8498,11728.0,49,85937126.15966797,63638978.95812988,255183519.3634033,70215528.48815918
8490,8490,8499,11559.0,59,86957824.70703125,62230605.125427246,266748766.8991089,70137327.19421387
8491,8491,8500,11400.0,39,93191762.92419434,65157508.850097656,281158065.79589844,72037342.0715332
8492,8492,8501,11400.0,38,93339157.1044922,66266155.24291992,266474533.0810547,72453403.47290039
8493,8493,8502,11799.0,41,82306681.6329956,65944931.98394776,263629444.12231445,72677206.99310303
8494,8494,8503,11745.0,40,79005317.68798828,66936435.69946289,264345531.46362305,72551651.00097656
8495,8495,8504,11700.0,39,68635654.44946289,65838432.31201172,216088771.8200684,71264934.53979492
8496,8496,8505,11914.0,41,88551847.45788574,65585441.58935547,292808166.50390625,72463014.60266113
8497,8497,8506,12457.0,53,95798906.32629396,72391332.62634277,319136909.4848633,82294105.52978516
8498,8498,8507,12094.0,60,85131155.01403809,67332617.75970459,241793411.2548828,75901308.05969238
8499,8499,8508,11677.0,42,86185553.55072021,65186476.707458496,270543811.7980957,70643013.00048828
8500,8500,8509,12616.0,64,90957918.16711426,65967101.09710693,279541529.65545654,74416601.18103027
8501,8501,8510,11942.0,56,72683002.47192383,56810129.16564941,265474934.5779419,64422652.24456787
8502,8502,8511,12001.0,41,72253326.41601562,59196197.509765625,239783462.5244141,64516670.22705078
8503,8503,8512,12439.0,62,84988248.82507324,63005289.07775879,301214241.02783203,69574741.36352539
8504,8504,8513,13587.0,60,85485211.37237549,65686075.21057129,303642619.1329956,73085628.50952148
8505,8505,8514,13200.0,44,83732986.45019531,66058158.87451172,268107604.98046875,72519493.10302734
8506,8506,8515,13200.0,44,71175098.41918945,64835643.76831055,244822311.4013672,71877765.65551758
8507,8507,8516,13414.0,48,91897545.81451416,66829955.10101318,258908443.45092773,74459416.38946533
8508,8508,8517,13310.0,45,94916176.79595947,66463918.685913086,254266853.33251956,75316181.18286133
8509,8509,8518,13480.0,54,81726659.77478027,63631496.42944336,279388385.7727051,72381713.8671875
8510,8510,8519,12861.0,73,90085055.35125732,61744837.76092529,253846506.1187744,71324289.32189941
8511,8511,8520,12941.0,64,95399181.3659668,68396981.23931885,298472700.1190185,77776044.84558105
8512,8512,8521,12214.0,53,90210273.74267578,65999428.74908447,285412839.8895264,73332610.13031006
8513,8513,8522,13695.0,66,96431493.75915527,66307648.65875244,287421232.22351074,75816515.92254639
8514,8514,8523,13470.0,52,79627928.73382568,62925303.45916748,290719295.501709,71250159.26361084
8515,8515,8524,12806.0,48,86028028.48815918,61430717.46826172,266902476.31073,68071854.59136963
8516,8516,8525,13424.0,78,89688715.93475342,65371241.56951904,273655182.83843994,72969215.3930664
8517,8517,8526,12900.0,45,86730455.39855957,65669773.10180664,261210296.63085935,77040012.35961914
8518,8518,8527,13431.0,47,91283351.89819336,69094293.59436035,303640388.48876953,78531383.5144043
8519,8519,8528,14006.0,48,92054126.73950195,70414846.42028809,287562721.2524414,78316345.21484375
8520,8520,8529,13643.0,50,70999431.61010742,69685788.15460205,256155680.6564331,78555608.74938965
8521,8521,8530,13371.0,56,63837410.92681885,65262035.36987305,243850366.59240723,71207023.62060547
8522,8522,8531,14643.0,59,85349943.16101074,69838447.57080078,289083435.0585937,78102861.40441895
8523,8523,8532,14963.0,61,87122159.00421143,73395176.8875122,280084693.9086914,82470154.76226807
8524,8524,8533,14810.0,58,83622903.82385254,67027941.70379639,292987781.5246582,77274065.0177002
8525,8525,8534,13838.0,72,87406165.12298584,63934634.2086792,292527706.14624023,74501076.69830322
8526,8526,8535,13301.0,53,88924504.28009033,66812480.92651367,259897068.977356,74687673.56872559
8527,8527,8536,13105.0,44,95612014.7705078,68208133.69750977,279445014.9536133,74543296.81396484
8528,8528,8537,13198.0,46,82100189.20898438,68320487.97607422,263638553.6193848,75994186.40136719
8529,8529,8538,13297.0,46,87026119.23217773,67126190.18554688,275634057.0449829,75185901.6418457
8530,8530,8539,13200.0,46,90885225.29602052,68032976.1505127,250154945.3735352,72993480.68237305
8531,8531,8540,13200.0,44,80596160.88867188,68805885.3149414,270715999.6032715,75820827.48413086
8532,8532,8541,13200.0,44,88532352.44750977,69802951.81274414,244985389.70947263,75712394.71435547
8533,8533,8542,13200.0,45,99208236.69433594,69677368.1640625,254383619.30847168,76651954.6508789
8534,8534,8543,12768.0,48,79777973.17504883,61761075.019836426,232949787.13989255,67879445.07598877
8535,8535,8544,13943.0,86,54070418.35784912,57842513.08441162,358502329.826355,66356761.93237305
8536,8536,8545,13039.0,61,80366789.81781006,59923207.28302002,284610340.1184082,68448673.24829102
8537,8537,8546,13109.0,45,94648367.8817749,64823431.01501465,251754311.56158447,69708045.95947266
8538,8538,8547,13183.0,49,77998483.65783691,65174475.66986084,247610912.32299805,71677865.02838135
8539,8539,8548,13558.0,56,82886678.69567871,68187592.50640869,284601783.7524414,76462407.11212158
8540,8540,8549,13502.0,47,98326850.89111328,69934513.09204102,291214839.93530273,79671171.18835449
8541,8541,8550,13317.0,53,96726802.82592772,70347536.08703613,259262912.7502441,77794191.36047363
8542,8542,8551,13305.0,51,88142842.29278564,68759128.57055664,264458209.0377808,76613327.02636719
8543,8543,8552,13200.0,44,85183811.18774414,67407417.29736328,237286376.953125,75155925.75073242
8544,8544,8553,12920.0,44,88396949.7680664,67542076.11083984,236988849.63989255,72103118.89648438
8545,8545,8554,12862.0,53,78362771.98791504,61447408.67614746,252262110.71014404,66944630.62286377
8546,8546,8555,15593.0,86,67772336.00616455,66140491.4855957,273667842.86499023,74596285.82000732
8547,8547,8556,13265.0,85,75315994.26269531,62696169.85321045,264135677.33764648,69967904.09088135
8548,8548,8557,12655.0,44,84343010.90240479,66552879.333496094,272010877.6092529,73113235.47363281
8549,8549,8558,12964.0,50,94299868.5836792,68532738.68560791,275178518.2952881,77673900.60424805
8550,8550,8559,13297.0,45,87487012.86315918,70794098.85406494,288388256.07299805,81316057.2052002
8551,8551,8560,12885.0,46,98259162.90283205,72898934.36431885,246132219.3145752,79710688.59100342
8552,8552,8561,13044.0,45,94863796.23413086,73602783.203125,246577941.89453125,80261569.97680664
8553,8553,8562,12900.0,43,76350688.93432617,69260215.75927734,283180046.08154297,80245399.47509766
8554,8554,8563,12900.0,44,94111961.3647461,69877380.37109375,275327758.7890625,77768619.53735352
8555,8555,8564,12900.0,43,97380352.02026369,69121170.04394531,276811122.8942871,75932693.48144531
8556,8556,8565,12900.0,43,88988113.40332031,68231391.90673828,290461063.38500977,75060653.68652344
8557,8557,8566,12329.0,49,70958348.27423096,63553414.3447876,226809184.07440183,69619745.2545166
8558,8558,8567,12418.0,53,80021819.11468506,64283666.61071777,266409576.4160156,72316625.59509277
8559,8559,8568,13670.0,63,91874744.4152832,69187391.28112793,316906475.0671387,78743998.52752686
8560,8560,8569,12890.0,70,79841311.45477295,61378258.70513916,248520724.29656985,70270743.37005615
8561,8561,8570,13137.0,53,72096577.64434814,61136292.45758057,293806695.93811035,67789399.14703369
8562,8562,8571,12599.0,63,86335560.79864502,62967166.900634766,259655180.9310913,70573505.40161133
8563,8563,8572,12160.0,68,92948445.3201294,63747834.20562744,285041861.53411865,73269224.16687012
8564,8564,8573,11955.0,41,96977081.29882812,65400695.80078125,241926929.47387692,73450376.51062012
8565,8565,8574,12045.0,41,94659476.2802124,67684936.5234375,246758465.76690677,74285316.46728516
8566,8566,8575,12000.0,40,80709171.29516602,68389320.37353516,246195888.5192871,77118301.39160156
8567,8567,8576,12160.0,41,44304695.12939453,63879699.70703125,157075901.03149414,68821849.82299805
8568,8568,8577,12396.0,52,80237282.75299072,65978814.12506104,265136476.51672363,71571345.32928467
8569,8569,8578,12974.0,59,93561411.85760498,69319561.00463867,296739184.37957764,78444867.13409424
8570,8570,8579,12957.0,61,75768976.21154785,68467864.99023438,263314758.30078125,76537398.33831787
8571,8571,8580,13574.0,51,48297878.26538086,58551533.699035645,193947071.07543945,64687021.25549317
8572,8572,8581,13787.0,50,39259207.7255249,56886990.547180176,160485502.243042,63889279.36553955
8573,8573,8582,14372.0,66,54544370.65124512,59812830.92498779,198641912.46032715,65851604.46166992
8574,8574,8583,13966.0,94,71662380.21850586,57526686.668396,243336457.25250244,67375903.12957764
8575,8575,8584,14503.0,67,94100969.3145752,71106450.08087158,268116138.45825195,77095648.76556396
8576,8576,8585,14350.0,65,78129998.20709229,63489459.99145508,296416522.026062,75302889.82391357
8577,8577,8586,14295.0,52,102905981.06384276,78639140.12908936,289862029.07562256,87951650.61950684
8578,8578,8587,15223.0,53,123332599.63989258,85075244.90356445,282794731.1401367,96112819.67163086
8579,8579,8588,15606.0,60,111718719.48242188,74601980.20935059,370932407.3791504,91887035.36987305
8580,8580,8589,16749.0,69,138783221.244812,101423323.63128662,411928743.3624268,111745433.80737305
8581,8581,8590,16218.0,60,137811084.74731445,104282562.25585938,395476749.420166,110103622.43652344
8582,8582,8591,16609.0,62,137025732.04040527,102285681.72454834,403899406.4331055,115899130.82122804
8583,8583,8592,16092.0,63,122108781.8145752,89360581.39801025,379255370.1400757,107133682.25097656
8584,8584,8593,16338.0,67,118729697.22747804,90604204.17785645,402155646.3241577,105340610.5041504
8585,8585,8594,16901.0,72,135126281.73828125,98484980.58319092,428449574.47052,113211020.46966553
8586,8586,8595,16427.0,69,114243854.52270508,84363990.7836914,413678709.03015137,100884849.54833984
8587,8587,8596,16108.0,57,123262935.63842772,88740119.93408203,361710220.33691406,96774688.72070312
8588,8588,8597,16620.0,63,123371392.25006104,91487627.02941896,391649499.8931885,100468139.6484375
8589,8589,8598,16892.0,59,115797900.19989014,83253661.15570068,385645690.9179688,108413266.1819458
8590,8590,8599,17484.0,66,129401524.5437622,95148946.76208496,408384477.6153565,110887031.55517578
8591,8591,8600,17819.0,73,134805207.25250244,96428809.1659546,437946878.43322754,108904151.9165039
8592,8592,8601,17887.0,70,128462861.0610962,96044603.34777832,479397562.9806519,109532292.36602785
8593,8593,8602,17059.0,81,131811435.69946288,100185265.54107666,537076069.8318481,108695050.239563
8594,8594,8603,16518.0,70,128714872.36022948,90514834.4039917,473732131.9580078,102708981.51397704
8595,8595,8604,17019.0,69,139484379.76837158,87122592.92602539,537497003.5552979,106037209.51080322
8596,8596,8605,16905.0,62,122731478.69110107,82185345.64971924,401213993.07250977,93720643.04351808
8597,8597,8606,17089.0,70,139588562.01171875,90855599.40338136,469890634.5367432,103501074.7909546
8598,8598,8607,17883.0,74,131065358.16192628,87155830.38330078,393895841.59851074,107983795.16601562
8599,8599,8608,17862.0,68,130286432.26623537,91114281.65435793,420867794.9905396,108617819.78607178
8600,8600,8609,17548.0,60,137190139.7705078,93877834.32006836,407840244.2932129,111536716.46118164
8601,8601,8610,17346.0,74,136192247.39074707,96219212.53204346,458536660.194397,116000543.59436037
8602,8602,8611,17461.0,65,140468603.13415527,95307790.7562256,507082874.2980957,113326683.0444336
8603,8603,8612,17607.0,81,144577071.18988037,92971054.07714844,420696320.5337525,101286019.32525636
8604,8604,8613,17806.0,67,130874410.62927246,90349221.22955322,408717967.98706055,108990729.3319702
8605,8605,8614,17634.0,78,140603518.48602295,93650109.29107666,495547022.81951904,111496756.5536499
8606,8606,8615,17625.0,70,142011533.73718262,95994440.07873537,475890705.1086426,109504812.2406006
8607,8607,8616,17828.0,75,135371344.5663452,94634795.1889038,506269376.7547608,114241653.4423828
8608,8608,8617,17242.0,68,138187043.19000244,92844622.61199953,378338680.267334,104901768.6843872
8609,8609,8618,17270.0,61,132658914.56604004,88151306.15234375,380384407.043457,104319263.45825195
8610,8610,8619,17084.0,60,131876354.2175293,90883246.42181396,373390855.7891846,103743489.2654419
8611,8611,8620,17073.0,64,125971446.9909668,80946006.77490234,348786964.4165039,98785133.3618164
8612,8612,8621,16945.0,68,123901770.59173584,79476643.5623169,417958221.4355469,94550012.58850098
8613,8613,8622,17858.0,74,138359790.80200195,98483197.21221924,385950787.5442505,110550722.12219238
8614,8614,8623,18196.0,69,135066528.3203125,97984768.86749268,439090541.8395996,112320377.34985352
8615,8615,8624,17824.0,76,133103945.7321167,95067750.93078612,415380681.0379028,108269947.05200195
8616,8616,8625,18248.0,67,139216162.6815796,100382038.11645508,395852328.3004761,114286075.59204102
8617,8617,8626,18086.0,62,132941205.97839355,99968381.88171388,430336751.9378662,114172941.20788574
8618,8618,8627,17779.0,64,139222626.6860962,100765329.36096191,390180287.361145,113645736.69433594
8619,8619,8628,18055.0,64,132015703.20129396,95024145.12634276,511164146.42333984,114434623.71826172
8620,8620,8629,17756.0,63,140856926.9180298,106054950.71411131,410940696.7163086,117632110.59570312
8621,8621,8630,17380.0,70,138089936.2564087,99071139.33563232,458720167.1600342,109366642.95196532
8622,8622,8631,16951.0,64,124250616.0736084,88181767.46368408,393746440.8874512,102530344.0093994
8623,8623,8632,17154.0,67,116633845.32928468,92266865.73028564,344430736.54174805,109125810.62316896
8624,8624,8633,16672.0,60,124201251.02996826,95347198.48632812,382305335.9985352,109997379.30297852
8625,8625,8634,17076.0,74,130057719.23065186,95118746.75750732,406493432.9986572,114003891.94488524
8626,8626,8635,16855.0,61,130391530.03692628,98668344.49768066,474248087.8829956,114023239.1357422
8627,8627,8636,16992.0,62,87739225.38757324,98458881.37817384,362810548.78234863,115707962.0361328
8628,8628,8637,16573.0,57,81487045.28808594,90156108.85620116,342982734.6801758,108054615.02075195
8629,8629,8638,16387.0,92,78122755.05065918,84789926.52893066,372805319.7860718,102379450.79803468
8630,8630,8639,14058.0,98,100843988.4185791,77841675.75836182,415376317.9779053,97784093.85681152
8631,8631,8640,15842.0,78,144070550.9185791,97306305.88531494,527037695.8847046,114187173.8433838
8632,8632,8641,16014.0,63,117358932.4951172,92760096.5499878,431936305.9997559,111723973.27423096
8633,8633,8642,18138.0,77,155257305.14526367,118783563.6138916,688532976.1505127,144989392.2805786
8634,8634,8643,16654.0,68,157926177.97851562,118178994.17877196,530593030.9295654,130577836.99035645
8635,8635,8644,17350.0,76,120223853.11126707,95885679.24499512,650556697.845459,124462443.3517456
8636,8636,8645,17168.0,78,137715782.16552734,126479611.39678957,478266255.3787232,137534380.91278076
8637,8637,8646,15599.0,62,145495871.54388428,123130239.48669434,444987188.3392334,130240157.12738036
8638,8638,8647,15395.0,64,129008456.23016356,110157763.48114014,411999135.9710693,121564770.69854736
8639,8639,8648,15160.0,62,132420214.65301514,106369266.51000977,471500038.1469727,124477522.85003662
8640,8640,8649,15698.0,76,115202581.40563963,98913075.44708252,435414365.7684326,113286188.12561037
8641,8641,8650,15399.0,63,114142993.92700195,93010964.39361572,415640651.70288086,120324316.02478027
8642,8642,8651,16352.0,64,153421480.178833,112675771.71325684,490173355.1025391,127354946.1364746
8643,8643,8652,16142.0,58,143044581.41326904,101411781.31103516,416575519.5617676,118654624.93896484
8644,8644,8653,16395.0,63,144831480.02624512,106281795.50170898,472385892.868042,130207397.4609375
8645,8645,8654,15746.0,62,124230263.71002196,87016531.9442749,462797146.7971802,105828742.98095705
8646,8646,8655,14422.0,82,79020805.35888672,63842800.14038086,408294167.5186157,91738158.22601318
8647,8647,8656,14412.0,80,136875859.26055908,82511487.00714111,513796269.4168091,92641686.43951416
8648,8648,8657,14687.0,61,138268480.30090332,92786252.02178957,524939153.6712647,113209208.48846436
8649,8649,8658,16881.0,81,146285864.8300171,116872005.46264648,583070546.1502075,137430268.2876587
8650,8650,8659,15674.0,56,143668354.03442383,115894767.76123048,508930470.46661377,129880395.88928224
8651,8651,8660,14478.0,56,139147636.41357422,86554544.44885254,487474120.1400757,107193668.36547852
8652,8652,8661,14482.0,65,159176308.63189697,96647606.8496704,480193535.8047485,107452503.2043457
8653,8653,8662,11706.0,71,90776741.02783205,55846210.47973633,295655399.32250977,63634248.73352051
8654,8654,8663,12855.0,56,117792259.2163086,71141293.5256958,387583336.8301392,81986845.01647949
8655,8655,8664,15237.0,105,135590847.01538086,81432800.29296875,440820027.3513794,104101804.73327637
8656,8656,8665,15031.0,62,151150412.55950928,106248332.0236206,470654524.8031616,118093012.80975342
8657,8657,8666,15442.0,61,136072577.47650146,93486574.17297363,567542831.4208984,123108191.49017334
8658,8658,8667,15347.0,66,144839289.66522217,100221167.56439207,475800051.689148,118806990.62347412
8659,8659,8668,15121.0,58,137791196.82312012,94802278.51867676,453704204.5593262,109791139.60266112
8660,8660,8669,16891.0,89,128507712.36419678,94751996.99401855,453273591.04156494,132804309.8449707
8661,8661,8670,17811.0,82,124864005.08880617,107617415.42816162,982777429.5806884,122331842.42248537
8662,8662,8671,16737.0,61,120835554.1229248,98046887.39776611,506575004.5776367,123093000.4119873
8663,8663,8672,17703.0,65,141556037.90283203,106000892.63916016,461438705.444336,124315722.46551514
8664,8664,8673,17041.0,80,141235516.54815674,100981090.5456543,491494103.43170166,121508368.49212646
8665,8665,8674,17676.0,87,151163070.67871094,114935189.24713136,491155984.87854,132690336.227417
8666,8666,8675,14691.0,97,98051990.5090332,76249761.5814209,307066676.13983154,93121024.1317749
8667,8667,8676,14273.0,66,74646183.01391602,66640047.07336426,264105411.52954105,79252511.0244751
8668,8668,8677,15965.0,72,68073747.6348877,54837573.05145264,210574593.54400635,57435027.12249756
8669,8669,8678,16955.0,77,79220089.91241455,54776848.793029785,285507151.60369873,59970220.5657959
8670,8670,8679,17084.0,81,68173316.00189209,52803664.207458496,257646047.5921631,68668869.01855469
8671,8671,8680,17445.0,79,92999338.1500244,86764053.34472656,373616021.15631104,120979938.50708008
8672,8672,8681,16757.0,69,147819675.44555664,114803782.46307372,437865236.28234863,126517251.9683838
8673,8673,8682,15277.0,63,127608321.18988036,86838333.12988281,406401638.9846802,102270099.63989258
8674,8674,8683,15474.0,68,130462150.57373048,82504385.94818115,516331096.6491699,95432006.8359375
8675,8675,8684,14609.0,55,130278576.85089111,80696558.95233154,436605370.5215454,93082813.26293944
8676,8676,8685,14894.0,60,135609796.52404785,88609909.05761719,474146079.0634155,104948774.33776855
8677,8677,8686,14473.0,49,141537885.66589355,87733385.08605957,368635948.18115234,99761199.95117188
8678,8678,8687,14391.0,60,119050491.3330078,64874206.54296875,442513883.59069824,87103796.00524902
8679,8679,8688,15126.0,80,100848055.83953856,62085042.95349121,382769232.74993896,84502357.48291016
8680,8680,8689,15472.0,87,121716843.6050415,78835950.85144043,340904895.7824707,98852421.76055908
8681,8681,8690,15365.0,87,127930146.2173462,81810735.70251465,396638031.9595337,92947472.57232666
8682,8682,8691,14881.0,80,115692443.84765624,71665877.34222412,381441047.668457,90135135.65063477
8683,8683,8692,14105.0,63,113879878.04412842,78684334.75494385,325273858.07037354,89675746.91772461
8684,8684,8693,15637.0,96,109777994.1558838,91688337.3260498,434870533.94317627,105150438.30871582
8685,8685,8694,17074.0,87,122682677.26898192,101850818.6340332,410065541.267395,124039850.23498537
8686,8686,8695,17114.0,66,144561391.83044434,115728219.0322876,561103686.3327026,131778553.96270752
8687,8687,8696,16889.0,63,144409850.12054443,120488352.77557372,436664564.1326904,139425511.36016846
8688,8688,8697,16305.0,64,136091270.44677734,114403946.87652588,466522919.6548462,134908686.63787842
8689,8689,8698,16258.0,56,138197647.09472656,116208908.08105467,418581348.4191895,131041011.81030272
8690,8690,8699,16015.0,58,127826725.00610352,87170987.12921143,450987373.3520508,122187241.55426024
8691,8691,8700,16680.0,65,139294378.28063965,106952209.47265624,478245479.5837402,134365509.03320312
8692,8692,8701,17210.0,78,142891590.1184082,120921401.02386476,411196414.94750977,133960615.15808104
8693,8693,8702,12790.0,95,85948493.00384521,61094364.166259766,291660786.62872314,71738258.3618164
8694,8694,8703,12578.0,49,70934912.68157959,48455039.02435303,240605875.0152588,57559088.706970215
8695,8695,8704,12879.0,59,92007643.699646,56295509.338378906,238813645.362854,67949733.73413086
8696,8696,8705,15175.0,78,85286485.67199707,60200276.374816895,284020441.05529785,73537077.90374756
8697,8697,8706,15461.0,61,123114517.21191406,80614894.86694336,451403741.8365479,92676334.38110352
8698,8698,8707,15114.0,70,104555969.23828124,77050303.45916748,370275720.5963135,92301939.01062012
8699,8699,8708,16417.0,106,125492999.07684326,92668250.08392334,476097760.2005005,118709773.06365968
8700,8700,8709,16501.0,71,142024022.10235596,100484511.37542725,421916278.8391113,110637851.71508788
8701,8701,8710,16002.0,89,118352887.15362547,84033209.80072021,409281573.29559326,106641744.61364746
8702,8702,8711,16118.0,59,121005786.89575195,94029422.76000977,401563883.7814331,108775047.3022461
8703,8703,8712,15845.0,121,95058534.62219238,95687351.22680664,371598316.19262695,110204869.2703247
8704,8704,8713,13159.0,85,79942476.27258301,77993112.56408691,282811825.7522583,92852970.12329102
8705,8705,8714,13345.0,47,103370590.20996094,90863559.7229004,363002742.767334,100107082.36694336
8706,8706,8715,13322.0,63,81789765.35797119,88825520.5154419,1461918188.0950928,100848672.86682127
8707,8707,8716,13353.0,50,72686050.41503906,95092594.14672852,301896083.8317871,102353542.32788086
8708,8708,8717,14470.0,87,86592870.71228027,82929617.8817749,296355281.829834,94913994.78912354
8709,8709,8718,14177.0,55,99292284.01184082,82884416.5802002,292354389.1906738,95124036.78894044
8710,8710,8719,13645.0,68,74736063.00354004,76162337.30316162,271878290.1763916,84815288.54370117
8711,8711,8720,14435.0,61,99139509.2010498,86298065.18554688,354680155.75408936,95665767.66967772
8712,8712,8721,14003.0,57,85263163.56658936,78711894.98901367,293678432.4645996,88558063.50708008
8713,8713,8722,15446.0,89,98601789.4744873,85642075.53863525,327219079.0176392,103717752.45666504
8714,8714,8723,13421.0,60,92166569.70977785,75408617.01965332,260552610.39733887,83765476.22680664
8715,8715,8724,14316.0,57,93352445.602417,74438981.05621338,258431362.1520996,80850861.54937744
8716,8716,8725,14215.0,59,77849831.58111572,71978011.13128662,246248826.9805908,77021294.59381104
8717,8717,8726,16030.0,74,102503921.50878906,84086322.78442383,330037342.0715332,98379841.8045044
8718,8718,8727,15887.0,56,104802894.59228516,89393737.79296875,327160568.2373047,102181415.55786131
8719,8719,8728,15637.0,55,97658375.74005128,89781112.67089844,341730228.42407227,98709375.38146973
8720,8720,8729,16175.0,73,100503809.92889404,88267345.4284668,368413653.3737183,100752388.9541626
8721,8721,8730,14332.0,72,88352424.62158203,76200430.87005615,281539694.7860718,86580170.63140869
8722,8722,8731,13286.0,75,96616941.45202637,74531726.8371582,314340542.7932739,85512917.51861572
8723,8723,8732,14126.0,65,110945713.04321288,82166895.86639404,300404349.3270874,90274170.87554932
8724,8724,8733,14344.0,68,106978513.71765137,84670507.43103027,352535057.0678711,103415235.51940918
8725,8725,8734,15450.0,63,129725812.9119873,98849913.59710692,402211986.5417481,115836178.77960204
8726,8726,8735,13587.0,52,96819679.2602539,76473767.28057861,305143113.1362915,88886184.69238281
8727,8727,8736,16185.0,77,97782468.79577637,88998885.15472412,367253544.8074341,104181900.97808838
8728,8728,8737,14677.0,74,86513981.81915283,87150978.0883789,305020732.8796387,104757018.08929443
8729,8729,8738,14389.0,68,84189991.95098877,78514331.81762695,273831026.0772705,88965532.30285645
8730,8730,8739,14211.0,57,96076473.23608398,79550568.58062744,281898234.3673706,91085927.96325684
8731,8731,8740,14100.0,50,96568127.63214111,78767053.60412598,272471644.4015503,88213464.73693848
8732,8732,8741,14005.0,48,93052957.53479004,74721240.99731445,262787850.37994385,84944969.1772461
8733,8733,8742,13680.0,54,92780877.11334229,73686265.94543457,293052593.2312012,81626153.94592285
8734,8734,8743,13473.0,46,81886765.4800415,70699131.01196289,264958297.7294922,77454940.79589844
8735,8735,8744,13209.0,46,81365731.23931885,70265920.63903809,246408320.4269409,78679668.42651367
8736,8736,8745,12984.0,66,75657761.5737915,66984485.6262207,257317052.8411865,75881315.23132324
8737,8737,8746,13443.0,48,76827976.22680664,66952042.57965088,219336843.4906006,72744470.59631348
8738,8738,8747,13435.0,47,72437490.46325684,68280319.21386719,229045196.53320312,74965885.16235352
8739,8739,8748,14316.0,78,79741463.66119385,71125679.9697876,274563599.5864868,77480298.04229736
8740,8740,8749,13742.0,51,77774995.80383301,68491751.6708374,239598727.2262573,77296769.14215088
8741,8741,8750,14451.0,64,96925935.74523926,77645817.75665283,360353004.4555664,87981089.59197998
8742,8742,8751,14021.0,52,95596656.7993164,76941214.5614624,266974063.87329105,84854441.64276123
8743,8743,8752,14181.0,72,85312686.92016602,79819310.18829346,286698790.55023193,90059605.5984497
8744,8744,8753,14150.0,57,87223875.04577637,72930541.03851318,236449811.9354248,83782435.4171753
8745,8745,8754,14460.0,56,82962347.03063965,72227912.90283203,304811582.5653076,82634839.05792236
8746,8746,8755,14599.0,54,76541193.00842285,69639853.47747803,235905073.16589355,77759692.19207764
8747,8747,8756,14245.0,51,84053738.59405518,68655879.02069092,259645708.08410645,78238883.97216797
8748,8748,8757,14548.0,51,91292867.66052246,71626735.68725586,252671809.19647217,79083393.09692383
8749,8749,8758,14185.0,48,85585174.56054688,70592216.49169922,260850868.2250977,80541240.69213867
8750,8750,8759,13912.0,53,86373276.71051025,70016354.56085205,256292737.0071411,76799913.40637207
8751,8751,8760,14879.0,58,89746780.39550781,75050885.20050049,286884878.15856934,85407324.79095459
8752,8752,8761,14823.0,58,88955857.2769165,74111591.33911133,275433460.2355957,87274151.80206299
8753,8753,8762,15866.0,56,99906080.24597168,82860028.26690674,341939048.76708984,98746026.03912354
8754,8754,8763,15059.0,66,78910329.81872559,75295564.65148926,281415655.1361084,86831030.84564209
8755,8755,8764,15606.0,61,90728252.41088869,79289616.58477783,303298740.3869629,94525587.08190918
8756,8756,8765,15297.0,67,89665571.21276855,76899459.83886719,316102791.78619385,92520403.86199953
8757,8757,8766,14807.0,59,83138085.36529541,72502606.39190674,272714340.20996094,84766756.05773926
8758,8758,8767,15345.0,63,80915895.46203613,71455985.0692749,330999063.4918213,83849813.46130371
8759,8759,8768,16141.0,58,98537872.31445312,77493881.22558594,366230556.4880371,91333263.3972168
8760,8760,8769,16681.0,61,95118878.364563,80807644.84405518,378529341.6976929,97039336.2045288
8761,8761,8770,16514.0,64,107452364.92156982,85197784.42382812,386983127.5939941,103400388.71765137
8762,8762,8771,16621.0,62,93667733.19244383,80849537.84942627,394889363.2888794,101017768.85986328
8763,8763,8772,16446.0,61,109338886.26098631,83347142.21954346,421989091.87316895,96160281.18133543
8764,8764,8773,16402.0,60,99388919.83032228,79453896.52252197,376427254.6768189,96288405.418396
8765,8765,8774,15616.0,56,91049232.48291016,74774442.67272949,327658931.73217773,90706369.4000244
8766,8766,8775,14901.0,83,72673139.57214355,63007701.8737793,268697658.5388184,73374138.83209229
8767,8767,8776,14488.0,49,71948086.73858643,64784502.02941895,234479457.8552246,74324384.68933105
8768,8768,8777,14856.0,52,83870939.25476074,65255148.88763428,258463553.4286499,70813344.00177002
8769,8769,8778,15917.0,62,97501079.55932616,72181039.81018066,318429872.5128174,83091916.08428955
8770,8770,8779,15871.0,71,97246240.61584473,70838617.3248291,309238003.7307739,82950304.98504639
8771,8771,8780,16363.0,66,91967081.06994627,70021420.4788208,284020409.5840454,84168503.7612915
8772,8772,8781,15925.0,63,90865140.914917,78192501.06811523,367978922.8439331,90314820.28961182
8773,8773,8782,15668.0,60,84444720.26824951,76624180.7937622,278873150.8255005,85501929.28314209
8774,8774,8783,15447.0,68,74205007.55310059,64444267.27294922,280687608.7188721,73506374.35913086
8775,8775,8784,16193.0,61,86117481.23168945,70563618.65997314,272230748.1765747,79909277.91595459
8776,8776,8785,16301.0,59,94174860.00061037,73582582.47375488,311400142.66967773,83395503.99780273
8777,8777,8786,16108.0,62,93326525.6881714,70658398.62823486,293507774.35302734,82120416.64123535
8778,8778,8787,16312.0,56,105040611.26708984,76566795.3491211,324341983.795166,88235729.2175293
8779,8779,8788,15987.0,56,96811201.09558104,71085113.52539062,281608351.7074585,82369672.77526855
8780,8780,8789,16301.0,56,100344505.3100586,73894538.87939453,316143718.7194824,88288188.93432617
8781,8781,8790,15751.0,61,90290058.13598631,69695910.45379639,249013216.0186768,78285608.29162598
8782,8782,8791,16125.0,67,72420974.73144531,66233390.80810547,241770631.79016116,74253120.42236328
8783,8783,8792,15448.0,61,74415196.4187622,65566171.64611816,296185010.9100342,71896316.52832031
8784,8784,8793,15681.0,63,78620933.53271484,66368860.24475098,243963094.7113037,71757589.34020996
8785,8785,8794,15384.0,65,84218988.4185791,65822029.11376953,311420396.8048096,74578266.14379883
8786,8786,8795,15176.0,58,89173406.60095215,65821319.580078125,248367752.0751953,73512062.0727539
8787,8787,8796,15078.0,59,76811715.1260376,63500010.49041748,268437582.0159912,72213375.09155273
8788,8788,8797,14509.0,59,66585514.06860352,63199378.96728516,222330612.1826172,69162546.15783691
8789,8789,8798,14621.0,74,73797912.59765625,60933870.31555176,241232390.4037476,68140648.84185791
8790,8790,8799,14493.0,61,80754315.37628174,67346033.09631348,290739445.68634033,78973913.19274902
8791,8791,8800,15589.0,73,104196932.79266356,79434967.04101562,314314365.3869629,89732695.57952881
8792,8792,8801,14394.0,63,82394175.52947998,69119697.57080078,288153909.68322754,77831794.73876953
8793,8793,8802,14091.0,47,77436779.0222168,68193180.08422852,299145458.22143555,79195232.39135742
8794,8794,8803,14109.0,49,88118426.32293701,71233036.04125977,278418587.68463135,81174678.80249023
8795,8795,8804,14100.0,47,86841201.78222656,68241405.48706055,272432327.2705078,80922317.50488281
8796,8796,8805,13976.0,47,89715774.53613281,67249092.10205078,310067653.65600586,75123485.56518555
8797,8797,8806,14220.0,51,94912449.83673096,67534575.46234131,325845554.35180664,78793117.52319336
8798,8798,8807,14100.0,47,82845211.02905273,64619922.63793945,313406753.54003906,74367713.92822266
8799,8799,8808,14100.0,47,99218273.1628418,68496894.83642578,288823699.9511719,75840854.64477539
8800,8800,8809,14100.0,47,84841060.63842773,68058013.91601562,353342628.4790039,74696731.56738281
8801,8801,8810,14100.0,47,93237018.58520508,68238258.3618164,325697994.23217773,77958583.83178711
8802,8802,8811,13784.0,47,91717500.68664552,65944011.68823242,335813222.88513184,75231925.96435547
8803,8803,8812,14362.0,51,94147180.55725098,69497783.66088867,360952756.88171387,78773147.58300781
8804,8804,8813,14154.0,48,75810207.36694336,68435600.28076172,299082853.31726074,78665290.83251953
8805,8805,8814,14095.0,50,75777698.5168457,68055393.21899414,274583686.8286133,78068572.99804688
8806,8806,8815,14100.0,47,92044544.2199707,70966529.8461914,314003849.029541,79874324.79858398
8807,8807,8816,14100.0,47,87470912.93334961,71157932.28149414,257439994.8120117,79267501.83105469
8808,8808,8817,14100.0,47,67316436.76757812,66498470.30639648,280448341.3696289,73851013.18359375
8809,8809,8818,13943.0,47,63880318.6416626,60392536.16333008,252437477.1118164,67702089.30969238
8810,8810,8819,14998.0,55,70743429.18395996,61367823.60076904,246247717.85736084,65049566.2689209
8811,8811,8820,15293.0,69,72848889.35089111,60911183.35723877,279046786.3082886,65016659.7366333
8812,8812,8821,16140.0,71,86995226.86004639,64731164.93225098,290487663.26904297,71491549.49188232
8813,8813,8822,16042.0,59,98176670.07446288,64049042.70172119,275008735.6567383,69622425.0793457
8814,8814,8823,16239.0,70,86360212.3260498,67318645.47729492,271054396.6293335,73237874.0310669
8815,8815,8824,15714.0,66,71354934.69238281,61116791.72515869,271857866.28723145,66585012.435913086
8816,8816,8825,16769.0,62,78346159.93499756,68352375.03051758,289313494.682312,75157886.50512695
8817,8817,8826,18308.0,74,83613614.08233643,74207825.66070557,373677906.99005127,89899669.6472168
8818,8818,8827,18714.0,69,123021960.25848389,82164415.35949707,414790119.1711426,95700300.2166748
8819,8819,8828,18085.0,71,93309666.63360596,72786255.83648682,403109788.8946533,88867006.30187988
8820,8820,8829,16985.0,74,92889839.17236328,69631932.25860596,295409228.32489014,80883467.67425537
8821,8821,8830,17125.0,93,70197646.14105225,64994169.23522949,293536552.4291992,73230763.43536377
8822,8822,8831,17016.0,75,77589687.34741211,74321148.87237549,256627252.57873532,81702614.78424072
8823,8823,8832,18394.0,77,94778245.92590332,80768904.68597412,334064265.25115967,89795465.46936035
8824,8824,8833,17095.0,86,48619408.60748291,63360986.70959473,262383975.0289917,75304455.75714111
8825,8825,8834,18713.0,118,85061189.65148926,80923334.1217041,341291539.1921997,91393372.53570557
8826,8826,8835,15677.0,70,46897644.99664307,61714896.2020874,213582713.12713623,67066374.77874756
8827,8827,8836,15795.0,63,40122320.1751709,58435493.46923828,172144937.5152588,64150114.05944824
8828,8828,8837,17457.0,69,79067974.09057617,81780489.92156982,328412122.7264404,91781379.69970705
8829,8829,8838,18690.0,81,110342787.74261476,92926357.26928712,365236128.8070679,103467646.59881592
8830,8830,8839,18712.0,68,100221026.42059326,83961105.34667969,382663762.09259033,103314983.36791992
8831,8831,8840,18590.0,72,103759283.0657959,90506029.12902832,378213313.10272217,100010465.62194824
8832,8832,8841,19340.0,93,113056196.21276855,91946957.5881958,400828636.1694336,106915975.57067873
8833,8833,8842,19422.0,107,88810853.95812988,83093653.67889404,405420360.5651856,102408967.97180176
8834,8834,8843,19459.0,70,102694015.50292967,94792198.18115234,389921760.559082,111682445.52612305
8835,8835,8844,19624.0,80,101564167.02270508,97517200.4699707,341713836.6699219,111261971.47369383
8836,8836,8845,17542.0,85,63887614.25018311,77335593.22357178,293179639.8162842,90591390.6097412
8837,8837,8846,19429.0,87,80753849.98321533,81124265.67077637,416003663.0630493,102596036.91101074
8838,8838,8847,19311.0,86,94556887.62664796,89192310.33325195,427730684.2803955,106904999.7329712
8839,8839,8848,17229.0,91,87380734.44366455,79270660.40039062,343671724.319458,92543891.90673828
8840,8840,8849,17757.0,72,116156190.87219238,93497042.65594482,389920185.0891113,103788840.29388428
8841,8841,8850,15696.0,74,63159415.24505615,74654962.53967285,236115767.47894287,80672324.18060303
8842,8842,8851,15493.0,69,50456330.29937744,74298110.00823975,197802746.7727661,79085886.95526123
8843,8843,8852,16354.0,76,59287847.5189209,80589540.48156738,289797614.0975952,89698068.61877441
8844,8844,8853,15797.0,59,98140201.56860352,84097043.03741455,312050569.53430176,88175121.30737305
8845,8845,8854,15209.0,62,71001635.55145264,69985317.23022461,259449766.1590576,78863315.58227539
8846,8846,8855,16433.0,67,56900865.55480957,71573263.16833496,267034148.2162476,86829912.18566895
8847,8847,8856,17275.0,67,109347202.3010254,97370556.83135986,467321881.2942505,107302561.75994872
8848,8848,8857,17796.0,82,125563663.48266602,96615398.40698242,527330163.00201416,116058858.87145996
8849,8849,8858,17622.0,69,131829242.70629884,99250515.93780518,440875401.4968872,114834149.36065674
8850,8850,8859,18148.0,93,104456144.33288574,96456071.8536377,351619824.40948486,110391991.6152954
8851,8851,8860,17745.0,65,134128240.58532716,101552374.83978271,473898230.5526733,116048586.84539796
8852,8852,8861,17804.0,65,142310089.11132812,105991699.21875,856545709.6099854,123577224.73144533
8853,8853,8862,15942.0,66,132159636.49749756,99188483.2382202,505967896.4614868,108401595.11566162
8854,8854,8863,14717.0,101,103058485.98480225,80118318.55773926,440015607.8338623,94572478.29437256
8855,8855,8864,16015.0,63,107459845.54290771,89008996.96350098,392366858.4823608,113431591.98760986
8856,8856,8865,16531.0,62,121829933.1665039,107786691.6656494,455541526.7944336,129625356.67419434
8857,8857,8866,17595.0,72,143401110.6491089,111286881.44683838,501958193.7789917,140720330.2383423
8858,8858,8867,16895.0,73,133663434.02862547,105222059.24987791,587285169.6014404,128648740.76843262
8859,8859,8868,17235.0,72,149165425.30059814,108938294.41070557,644607318.8781738,127174376.48773192
8860,8860,8869,17203.0,75,137938172.34039307,109590694.42749023,458891572.9522705,138939417.8390503
8861,8861,8870,15874.0,67,150526408.1954956,114332770.3475952,491703103.0654907,130145196.91467284
8862,8862,8871,16858.0,87,155389214.51568604,120481848.71673584,548796730.0415039,134481872.55859375
8863,8863,8872,15911.0,61,126578990.9362793,100403588.29498293,426928908.3480835,117011399.269104
8864,8864,8873,17563.0,68,180176106.4529419,133770385.7421875,551075038.9099121,145976736.0687256
8865,8865,8874,16833.0,61,147035907.74536133,114353824.61547852,493986717.2241211,139046104.43115234
8866,8866,8875,16669.0,70,155679773.33068848,125173619.2703247,462208856.5826416,139482170.10498047
8867,8867,8876,15022.0,60,130688907.62329102,101384361.26708984,413103237.1520996,116583208.08410645
8868,8868,8877,13892.0,68,111370065.68908691,81119141.57867432,362601387.0239258,95151962.28027344
8869,8869,8878,15916.0,82,36857398.03314209,48032109.26055908,159085083.96148682,54302789.68811035
8870,8870,8879,16452.0,65,65723114.96734619,61495265.00701904,279894912.71972656,79529609.68017578
8871,8871,8880,17559.0,73,100244277.00042725,82412096.02355957,283432156.5628052,90599481.5826416
8872,8872,8881,17768.0,86,108531159.40093994,83971984.86328125,370865463.256836,100362863.5406494
8873,8873,8882,18866.0,80,130092568.39752196,102277630.80596924,403314607.62023926,116201698.30322266
8874,8874,8883,19359.0,97,133022911.07177734,102221305.84716795,415371307.3730469,118695372.58148192
8875,8875,8884,19505.0,68,145909340.85845947,106865025.5203247,509153926.8493652,122900483.13140868
8876,8876,8885,19701.0,79,116365663.52844238,93069664.00146484,390510915.7562256,120377540.5883789
8877,8877,8886,19549.0,74,135549691.20025635,110444669.72351074,409065433.50219727,123577895.16448976
8878,8878,8887,19137.0,70,125242546.08154295,100268166.54205322,372875291.8243408,120327175.14038086
8879,8879,8888,19615.0,79,127231844.90203856,107075943.94683838,461036606.78863525,131962086.67755128
8880,8880,8889,19438.0,79,143917024.61242676,114797981.26220705,455849973.67858887,127943122.86376952
8881,8881,8890,19735.0,88,127832280.15899658,96233999.25231934,726590363.5025024,131570873.26049805
8882,8882,8891,19025.0,73,139933819.770813,102042358.3984375,410707672.1191406,116979340.55328368
8883,8883,8892,18549.0,71,121583954.8110962,93808113.09814452,425606548.3093262,119032563.20953368
8884,8884,8893,18567.0,77,129931854.24804688,89064557.07550049,477759079.9331665,116374953.2699585
8885,8885,8894,18431.0,87,143471693.99261475,100163124.08447266,531635462.7609253,120208717.3461914
8886,8886,8895,18019.0,68,119208104.13360596,88456239.70031738,357084574.69940186,108098318.0999756
8887,8887,8896,18230.0,70,127723220.82519533,104715724.94506836,535736246.1090088,127617009.16290285
8888,8888,8897,17780.0,66,132554329.87213136,109391573.90594482,431078266.1437988,116920637.1307373
8889,8889,8898,18355.0,67,86216613.76953125,86329643.24951172,350254541.3970947,110794493.67523192
8890,8890,8899,19358.0,77,91657381.05773926,95867136.95526125,380621559.1430664,107785746.57440186
8891,8891,8900,18190.0,85,84572626.1138916,93680438.99536131,339618971.824646,109488691.32995604
8892,8892,8901,18414.0,79,115792365.07415771,106483364.1052246,456447340.965271,117549703.59802246
8893,8893,8902,18779.0,75,114970972.06115724,103584533.69140624,365257716.1788941,114856554.03137209
8894,8894,8903,18796.0,77,120970738.4109497,106898176.1932373,434166417.1218872,126229458.80889893
8895,8895,8904,19074.0,79,117305954.9331665,104413716.31622314,439485872.2686768,115226537.70446776
8896,8896,8905,18034.0,85,111700234.41314696,96661687.85095216,374189123.1536865,107195918.08319092
8897,8897,8906,15785.0,74,56008407.59277344,56860650.06256104,209753120.42236328,68865033.14971924
8898,8898,8907,15635.0,79,54996550.55999756,56704587.93640137,191706550.59814453,62741311.07330322
8899,8899,8908,17397.0,89,60994304.65698242,68375184.05914307,289134828.5675049,83017704.96368408
8900,8900,8909,17546.0,68,107198244.09484863,88042118.07250977,357711645.1263428,99055513.381958
8901,8901,8910,17598.0,61,105438930.5114746,87220127.10571289,318097042.08374023,97953403.4729004
8902,8902,8911,16561.0,69,78689343.45245361,69340805.05371094,294877846.7178345,77699195.8618164
8903,8903,8912,16271.0,82,78246397.97210693,64532427.78778076,239531144.14215088,71495477.6763916
8904,8904,8913,14505.0,98,67048555.37414551,60684746.742248535,250895177.8411865,68921448.70758057
8905,8905,8914,15079.0,61,117118378.6392212,84379511.83319092,360300790.7867432,96450536.72790527
8906,8906,8915,14649.0,66,108600344.65789796,77355678.55834961,373704936.02752686,95940334.32006836
8907,8907,8916,13318.0,55,102493847.84698486,76497125.62561035,311526014.3280029,88134064.67437744
8908,8908,8917,13894.0,67,103533806.80084229,72755700.11138916,358694534.3017578,85331813.81225586
8909,8909,8918,14265.0,65,95203553.19976808,73664299.01123047,346558135.0326538,85742248.53515625
8910,8910,8919,14171.0,62,76541076.66015625,67937351.22680664,312064214.7064209,85122767.4484253
8911,8911,8920,14711.0,88,114238086.70043944,78239841.46118164,432352550.5065918,91959618.5684204
8912,8912,8921,13966.0,59,126433297.1572876,86896794.31915283,398733451.8432617,100299613.95263672
8913,8913,8922,14362.0,60,135341627.12097168,105685949.32556152,468839838.0279541,118914215.08789062
8914,8914,8923,14147.0,49,131858282.0892334,104394792.5567627,333427733.4213257,116661861.41967772
8915,8915,8924,14328.0,57,132401215.55328368,107120238.30413818,440390027.9998779,114385258.67462158
8916,8916,8925,14394.0,70,120143246.6506958,89416338.92059326,402733697.89123535,105317959.78546144
8917,8917,8926,13359.0,66,102419015.8843994,86075942.99316406,365092642.78411865,93519839.2868042
8918,8918,8927,12318.0,60,87723272.3236084,77649632.45391846,282371554.3746948,85188480.37719727
8919,8919,8928,12475.0,67,54110814.09454346,55435800.55236816,178223150.2532959,60558050.15563965
8920,8920,8929,12792.0,63,70327001.57165527,60203885.078430176,216076883.31604004,69002295.49407959
