,Unnamed: 0,slot,intervall,counts,avgcpu,avgmem,maxcpu,maxmem
565,565,572,3946.0,14,89899387.35961914,26781875.61035156,244130933.76159668,32623617.17224121
566,566,573,4158.0,21,89287200.92773438,31101403.23638916,179254837.0361328,35778795.24230957
567,567,574,4402.0,22,108746754.64630128,37219615.9362793,182356248.8555908,40670391.08276367
568,568,575,3212.0,24,56995966.91131592,22090705.87158203,149901594.1619873,22976739.88342285
569,569,576,3780.0,23,27076534.271240234,28754056.930541992,86720639.2288208,31153955.459594727
570,570,577,3638.0,13,34205367.08831787,23155178.07006836,102359058.38012695,25825853.34777832
571,571,578,5758.0,32,33224902.153015137,47881889.34326172,240446918.48754883,71014507.29370117
572,572,579,8067.0,42,152846485.13793945,95097277.6412964,601915491.104126,115806408.88214111
573,573,580,8415.0,31,171266717.9107666,111489257.8125,612937934.8754883,120458045.95947266
574,574,581,9671.0,39,166512631.4163208,115221231.46057127,495346549.98779297,131573151.58843994
575,575,582,10217.0,56,147354375.8392334,99266612.05291748,506721064.5675659,129187681.19812012
576,576,583,10238.0,53,154941951.75170898,99408795.35675047,448392702.10266113,126177986.14501952
577,577,584,11007.0,58,159621507.64465332,102952344.89440918,572186087.6083374,120146005.63049316
578,578,585,11480.0,51,162083297.7294922,102419782.6385498,613420218.4677124,127345788.95568848
579,579,586,11764.0,69,168198026.6571045,113087280.2734375,598662324.9053955,150258114.8147583
580,580,587,11134.0,60,167299920.0820923,117784328.46069336,608567279.8156738,139715325.3555298
581,581,588,12327.0,61,186633936.88201904,165772652.6260376,642040608.4060669,177028573.98986816
582,582,589,11297.0,56,162471173.286438,128975438.11798096,632781084.060669,161798751.8310547
583,583,590,12223.0,73,178621759.41467285,143938008.30841064,557058274.269104,167287080.7647705
584,584,591,11662.0,48,184527986.5264893,146362442.01660156,617050710.6781006,166043867.11120605
585,585,592,12086.0,63,175126751.89971924,128310665.13061523,594032071.1135864,152140899.65820312
586,586,593,11709.0,47,180225827.21710205,139523447.99041748,594198299.407959,167291616.43981934
587,587,594,12050.0,57,161830189.70489502,128375638.00811768,687811154.3655396,162801651.95465088
588,588,595,11880.0,45,176399674.41558838,151694572.44873047,527129704.4754028,171504628.18145752
589,589,596,12073.0,46,177711032.86743164,149748906.13555908,890421401.9775391,170202565.19317627
590,590,597,11940.0,60,175986688.6138916,138648211.479187,615477892.8756714,162235454.55932617
591,591,598,11730.0,49,173887092.59033203,132704973.2208252,604998332.9772949,163181235.31341553
592,592,599,12744.0,69,179446729.66003418,146219503.40270996,672149801.2542725,170114413.26141357
593,593,600,12054.0,71,166557813.64440918,131108754.15802002,622940921.7834473,165101864.8147583
594,594,601,12839.0,74,170788678.1692505,130916013.71765137,753719570.1599121,168069540.0238037
595,595,602,12486.0,79,180334130.2871704,135955261.23046875,534185813.9038086,157841880.79833984
596,596,603,11943.0,66,180288507.46154785,133846323.96697998,596301655.7693481,163197806.3583374
597,597,604,11534.0,51,181164490.69976807,136801461.2197876,640266765.5944824,156662763.59558105
598,598,605,11563.0,42,175624523.1628418,146752416.61071777,638777801.5136719,166064326.28631592
599,599,606,12147.0,62,178184864.04418945,126306516.64733888,588314762.1154785,156466809.2727661
600,600,607,13632.0,56,176065145.4925537,128725097.65625,675802333.8317871,162759730.3390503
601,601,608,12811.0,50,169621189.11743164,122106635.09368896,695885990.1428223,161374659.53826904
602,602,609,12631.0,56,176383478.16467285,151569211.95983887,581762866.0202026,161155726.4328003
603,603,610,12516.0,54,175901220.32165527,147792022.70507812,683707641.6015625,163407495.49865723
604,604,611,12333.0,70,172830801.96380615,127783336.6394043,641970915.7943726,155787921.90551758
605,605,612,12947.0,57,168568507.19451904,136815872.1923828,689715349.1973877,170150876.99890137
606,606,613,12954.0,48,172099685.6689453,153719391.82281494,642960778.2363892,164671234.13085938
607,607,614,12289.0,49,171911428.4515381,144688184.73815918,593685627.9373169,166281092.6437378
608,608,615,11760.0,46,164774456.97784424,133622552.8717041,649850851.05896,161528333.66394043
609,609,616,13068.0,76,174362819.67163086,143625406.2652588,699806095.123291,174589580.53588867
610,610,617,12882.0,58,170464932.44171143,143009198.18878174,653977499.0081787,163348512.64953613
611,611,618,12979.0,46,179703010.55908203,150668739.31884766,617395675.6591797,172151313.78173828
612,612,619,13237.0,52,173994889.25933838,139217952.72827148,657949115.7531738,167449605.94177246
613,613,620,12732.0,78,169411416.05377197,114696896.55303957,729441124.9160767,142942885.39886475
614,614,621,13569.0,77,173367930.41229248,134877391.81518555,711879877.0904541,166972508.43048096
615,615,622,13061.0,70,167683912.27722168,127066677.09350586,685662627.2201538,162021188.7359619
616,616,623,13217.0,58,172550701.14135742,139445650.100708,610413886.0702515,166067912.1017456
617,617,624,13407.0,56,179614720.34454346,146037658.69140625,605320528.0303955,170369017.60101318
618,618,625,13281.0,46,175526762.008667,151000411.03363037,553159061.4318848,165969242.09594727
619,619,626,12095.0,51,159410894.3939209,134228894.2337036,524301691.05529785,150568642.61627197
620,620,627,12301.0,56,169524888.99230957,119940172.19543456,654811417.5796509,155128849.02954102
621,621,628,12310.0,47,168348232.2692871,126712526.32141112,746004989.6240234,158224563.5986328
622,622,629,12252.0,53,167927888.87023926,127886820.79315186,608443633.0795288,141665417.6712036
623,623,630,12274.0,60,155417956.3522339,109445859.90905762,611842910.7666016,133249600.41046144
624,624,631,12871.0,86,165512174.60632324,109667604.44641112,679528242.111206,144666058.54034424
625,625,632,12945.0,57,171841928.48205566,125836881.63757324,552829353.3325195,159718233.1085205
626,626,633,12441.0,54,169632372.85614014,131689848.89984132,548787918.0908203,154822216.98760986
627,627,634,12773.0,73,173242632.86590576,122339576.7211914,605057497.0245361,149880036.35406494
628,628,635,13199.0,49,180130887.9852295,148291931.15234375,467294364.9291992,159678459.16748047
629,629,636,12616.0,66,175149409.29412842,132407236.09924316,459301790.2374268,153509182.92999268
630,630,637,13172.0,65,178167669.29626465,133018222.80883788,567102719.3069458,166317209.2437744
631,631,638,12569.0,67,158949295.99761963,120073429.10766602,501437369.34661865,154168793.6782837
632,632,639,12760.0,67,170535067.55828857,140762218.4753418,542327194.2138672,159730165.48156738
633,633,640,12873.0,56,171672886.8484497,128300525.6652832,582115226.7456055,157211391.4489746
634,634,641,14163.0,61,172246789.93225098,142166661.2625122,569767385.4827881,170449213.98162842
635,635,642,12487.0,52,166412199.02038574,141471292.49572754,501188352.58483887,156718187.33215332
636,636,643,12600.0,60,161082419.39544678,128547994.61364746,525839586.2579346,152374005.317688
637,637,644,13295.0,73,151976508.14056396,124786905.28869627,557119047.164917,166483559.60845947
638,638,645,12387.0,52,172856650.35247803,143540513.03863525,504133796.6918945,162512559.89074707
639,639,646,12113.0,49,171918076.51519775,145560446.73919678,611088276.8630981,164157547.95074463
640,640,647,11606.0,59,168960770.60699463,120625240.32592772,561672512.0544434,150887524.60479736
641,641,648,11944.0,62,167949279.78515625,123440184.59320068,590302744.8654175,151268264.7705078
642,642,649,12323.0,53,159089024.5437622,117463171.00524902,636532892.2271729,160998517.9901123
643,643,650,12147.0,56,165222823.14300537,144512092.59033203,627265929.2221069,166182909.96551514
644,644,651,11982.0,49,156866287.2314453,137984706.8786621,620628591.5374756,159918987.27416992
645,645,652,12540.0,59,158471986.77062988,134683014.86968994,526858898.1628418,151795578.956604
646,646,653,12562.0,67,173181830.40618896,127923949.24163818,580820004.4631958,157553465.84320068
647,647,654,12983.0,66,178767096.5194702,145574540.13824463,599485429.763794,163394080.16204834
648,648,655,12438.0,49,182135054.58831787,152690236.09161377,1850248003.0059812,169364506.72149658
649,649,656,12778.0,66,166128819.4656372,126328888.89312744,543429539.680481,167604392.05169678
650,650,657,13272.0,48,176934954.6432495,152723329.54406738,556470769.8822021,176086368.56079102
651,651,658,12451.0,51,135153096.19903564,124854713.4399414,512662918.0908203,152068262.10021973
652,652,659,12836.0,80,167240622.52044678,138872002.60162354,587335281.3720703,154962220.19195557
653,653,660,12995.0,57,171112325.66833496,136923529.62493896,580435427.6657104,149850419.99816895
654,654,661,13305.0,58,156882430.07659912,119773736.95373537,588468420.9823608,139205633.16345215
655,655,662,12731.0,66,128737271.30889893,100305840.49224854,560504993.4387207,126288807.86895752
656,656,663,11289.0,82,113756460.18981934,92003222.46551514,491651132.58361816,108439789.77203368
657,657,664,13251.0,111,140959428.78723145,85822205.54351807,693241435.0509644,122518696.78497314
658,658,665,14135.0,81,148409576.41601562,100659025.19226074,558555718.421936,128304671.28753662
659,659,666,12859.0,86,140958827.0187378,92301323.89068604,678640902.5192261,111820945.7397461
660,660,667,13077.0,90,77037315.36865234,72440711.02142334,395265651.70288086,98556517.60101318
661,661,668,8833.0,91,49922516.82281494,55380000.11444092,253008059.50164795,64103983.87908936
662,662,669,10220.0,69,105081882.47680664,64337858.20007324,265705613.1362915,76087919.23522949
663,663,670,8984.0,46,68992141.72363281,60740326.88140869,254580001.8310547,64335706.71081543
664,664,671,10326.0,60,86232110.02349854,72693188.66729736,289729473.1140137,80649028.77807617
665,665,672,10530.0,45,83406282.42492676,77476363.18206787,274556674.0036011,81353496.55151367
666,666,673,11804.0,66,83639320.37353516,74593502.04467773,389035054.20684814,78699388.50402832
667,667,674,11546.0,56,74152978.89709473,66366112.70904541,283244129.1809082,70112896.91925049
668,668,675,11115.0,85,92802235.60333252,64971998.21472168,327933339.1189575,71819381.71386719
669,669,676,10772.0,58,80121596.33636475,65074734.687805176,296243630.4092407,70078827.85797119
670,670,677,11569.0,54,82857104.30145264,66624543.19000244,287221416.4733887,71000240.32592773
671,671,678,11606.0,54,82292125.7019043,62132786.75079346,247803099.6322632,66486042.9763794
672,672,679,12399.0,73,84397431.37359619,59366135.59722901,290682711.6012573,63605157.85217285
673,673,680,12349.0,49,84675620.07904053,62738740.92102051,263484225.27313232,68271622.65777588
674,674,681,12606.0,54,91296592.71240234,64705972.67150879,327334351.5396118,69029493.33190918
675,675,682,12849.0,75,86393526.07727051,65673026.0848999,311552810.6689453,74531839.37072754
676,676,683,12915.0,53,88406202.31628418,69238800.04882812,298632526.3977051,72826910.97259521
677,677,684,12876.0,56,83840603.82843018,67123270.98846436,315037250.5187988,70792336.46392822
678,678,685,12846.0,56,95318058.96759032,67682160.37750244,284096648.2162476,71477775.57373047
679,679,686,13454.0,48,89939020.15686035,69630500.79345703,276136405.9448242,73592916.48864746
680,680,687,13590.0,47,74916898.72741699,70389520.6451416,281760568.6187744,74070077.89611816
681,681,688,13384.0,45,77767650.60424805,69647907.25708008,290681701.66015625,76302619.93408203
682,682,689,13190.0,57,76477553.36761475,71546692.84820557,291851073.2650757,75063773.1552124
683,683,690,12977.0,55,63732472.41973877,70483812.33215332,278423006.05773926,73641992.56896973
684,684,691,12912.0,46,39672060.9664917,68932967.18597412,155911495.20874023,73146744.72808838
685,685,692,13314.0,51,46457750.32043457,69460480.69000244,172748640.0604248,72742875.09918213
686,686,693,13669.0,61,55376836.7767334,73848615.6463623,171578842.16308594,79061896.32415771
687,687,694,13540.0,71,50866909.02709961,71863835.33477783,199013493.53790283,79017305.37414551
688,688,695,13630.0,59,92223536.49139404,77670266.15142822,373930044.1741944,81355319.02313232
689,689,696,13847.0,67,55998076.43890381,70532184.60083008,321844386.10076904,77140195.84655762
690,690,697,14816.0,116,41085483.55102539,68316547.39379883,195644442.55828857,73133903.50341797
691,691,698,13571.0,78,32865482.330322266,64727006.912231445,188597226.1428833,69648051.26190186
692,692,699,14386.0,116,47035199.16534424,68153656.95953369,211077623.3673096,77279637.33673096
693,693,700,13530.0,59,69996532.44018555,75832848.54888916,338299386.0244751,87051870.34606934
694,694,701,14140.0,60,91733961.10534668,82749453.5446167,413711865.42510986,92573863.02947998
695,695,702,15327.0,73,115408309.93652344,88130104.0649414,466580881.1187744,106234301.56707764
696,696,703,15059.0,55,121521450.0427246,97564112.66326904,568324342.7276611,109230568.88580322
697,697,704,15697.0,55,109230335.2355957,100799718.85681152,560265636.4440918,120675237.65563963
698,698,705,15620.0,58,124505144.1192627,103088108.06274414,561227191.9250488,117821475.98266602
699,699,706,15898.0,71,125655149.45983888,96204072.95227052,432308799.74365234,112114938.73596191
700,700,707,16452.0,83,123261654.8538208,90674235.3439331,447641548.1567383,104138236.0458374
701,701,708,17281.0,95,114065214.15710448,84642494.20166016,496831410.40802,107840100.28839111
702,702,709,16117.0,71,125005335.8078003,93206419.94476318,455811321.2585449,109606304.16870116
703,703,710,16021.0,75,106829017.63916016,94535060.88256836,494720602.9891968,117645798.6831665
704,704,711,15176.0,67,122987446.78497314,93549301.14746094,395858721.73309326,105620122.9095459
705,705,712,15725.0,54,129176759.71984863,102147984.5046997,524003314.9719238,115807890.8920288
706,706,713,16068.0,59,109317620.2774048,87125254.63104248,415122562.40844727,102380439.75830078
707,707,714,15380.0,80,113318110.46600342,82837580.68084717,476773900.03204346,98957690.23895264
708,708,715,15587.0,87,111226958.27484132,91187280.65490724,384820784.5687866,108109796.52404784
709,709,716,15533.0,64,129526469.23065186,103866652.4887085,440953856.4682007,117730605.12542725
710,710,717,15669.0,77,115249111.17553712,97421895.98083496,374617688.1790161,106369250.2975464
711,711,718,16378.0,71,134593724.25079346,102207122.80273438,463305917.73986816,116842173.57635498
712,712,719,16794.0,64,118172675.13275146,90941260.3378296,636670429.2297363,121050574.30267334
713,713,720,17180.0,85,102313034.0576172,87942510.6048584,560589476.5853882,113718552.5894165
714,714,721,17702.0,77,160032238.0065918,118412216.18652344,595072777.7481079,137271786.6897583
715,715,722,17166.0,61,146202186.58447266,110161863.32702637,515095666.885376,130058773.9944458
716,716,723,16772.0,78,125132264.13726808,89348404.88433838,572162516.5939331,115403759.00268556
717,717,724,18083.0,72,153895565.03295898,114282187.46185304,795933397.2930908,141080602.64587402
718,718,725,17642.0,78,142316273.68927002,122305205.3451538,582766957.28302,147180453.30047607
719,719,726,16748.0,69,155909914.01672363,118635656.35681152,561277202.6062012,136902738.571167
720,720,727,16466.0,64,131691354.75158691,107882161.1404419,529436697.9598999,135095005.9890747
721,721,728,16524.0,64,162543587.68463135,123966800.68969728,561328788.7573242,143397465.70587158
722,722,729,15512.0,61,135805886.26861572,100782938.95721436,572440540.3137207,127334672.92785645
723,723,730,16373.0,83,135709251.4038086,106502990.72265624,407640329.3609619,124724582.67211914
724,724,731,14638.0,70,117201864.24255373,97807209.01489258,277585948.9440918,110657413.48266602
725,725,732,12846.0,66,111649858.47473145,86182800.29296875,329000741.00494385,93951273.91815186
726,726,733,11146.0,58,96759892.46368408,69451680.18341064,216326175.68969727,74022490.50140381
727,727,734,172.0,5,985839.84375,817487.7166748047,3629486.083984375,1332487.1063232422
728,728,735,10348.0,37,96145917.89245604,66625564.57519531,292527963.63830566,69297790.52734375
729,729,736,10389.0,42,90353888.51165771,65036674.49951172,248569776.53503415,68925096.51184082
730,730,737,10766.0,44,97791560.17303468,67392837.52441406,193100705.14678955,71135017.39501953
731,731,738,10438.0,35,93419330.59692384,69195850.37231445,237336879.7302246,70785125.73242188
732,732,739,10537.0,44,94774256.7062378,66476439.47601318,285766977.31018066,68721549.03411865
733,733,740,10512.0,48,92362714.76745604,69397014.61791992,358063328.74298096,73395059.58557129
734,734,741,11239.0,51,91889407.15789796,74027711.86828613,257840232.8491211,79032011.03210449
735,735,742,11263.0,55,93671109.19952393,75302882.19451904,254951257.70568848,78237723.3505249
736,736,743,11277.0,38,95647009.84954834,76091680.5267334,262055419.921875,79957420.3491211
737,737,744,11517.0,58,94014806.74743652,76693209.64813232,255447055.8166504,79390270.2331543
738,738,745,12059.0,51,92836565.0177002,79441918.37310791,245415281.2957764,81834478.3782959
739,739,746,12419.0,51,89616521.83532715,79184102.05841064,268986013.4124756,82245843.8873291
740,740,747,11505.0,58,91895689.96429443,76660017.96722412,245873042.1066284,82205997.46704102
741,741,748,11412.0,74,98426229.47692873,77963989.2578125,316730624.1989136,83268341.06445312
742,742,749,10138.0,47,91740704.536438,70281661.98730469,229920342.44537356,73973340.03448486
743,743,750,10633.0,45,105087343.21594238,73875058.1741333,220176647.1862793,80308436.3937378
744,744,751,10197.0,41,92061233.5205078,64723579.40673828,166744571.68579102,68756655.6930542
745,745,752,11906.0,52,110140180.58776855,79724234.58099365,267429347.99194336,85710753.44085693
746,746,753,10302.0,59,96922173.50006104,59740386.96289063,276049944.8776245,68039845.46661377
747,747,754,10391.0,62,87043224.3347168,54649199.48577881,217854459.76257324,59384239.196777344
748,748,755,10200.0,38,92984649.65820312,56698153.495788574,279076976.77612305,61813783.64562988
749,749,756,9630.0,65,96933076.85852052,49912256.24084473,274412041.66412354,54557785.987854
750,750,757,9632.0,37,103567988.39569092,53931466.1026001,156518286.7050171,56940513.61083984
751,751,758,9470.0,32,100557712.55493164,55612255.09643555,171257358.5510254,57731353.759765625
752,752,759,9392.0,45,97746192.9321289,53582612.99133301,196471469.8791504,56615957.26013184
753,753,760,9300.0,31,100778675.0793457,54714488.9831543,199283409.11865237,57055377.96020508
754,754,761,9194.0,31,102773216.2475586,53715965.270996094,215070434.5703125,56158668.518066406
755,755,762,9405.0,36,97131061.55395508,50979076.38549805,181717212.67700195,52761814.11743164
756,756,763,9300.0,31,102479553.22265624,49795246.12426758,225730419.15893555,51850891.11328125
757,757,764,9205.0,31,97992372.51281738,50134768.48602295,204029188.15612796,51836805.34362793
758,758,765,9803.0,58,100270001.411438,53481240.27252197,232405985.8322144,56675177.57415772
759,759,766,9860.0,69,103684713.36364746,53708760.261535645,185168234.82513428,56347926.13983154
760,760,767,9439.0,33,100758723.25897215,55533484.45892334,174524710.6552124,57924825.66833496
761,761,768,9300.0,31,99205684.66186523,55470371.24633789,184671878.81469727,58244705.20019531
762,762,769,9300.0,32,101891098.02246094,56704549.78942871,167411222.45788574,59035081.86340332
763,763,770,9733.0,35,99603803.63464355,57504286.766052246,185485490.7989502,59981352.80609131
764,764,771,9569.0,56,93720284.4619751,50782056.80847168,233933878.8986206,54950716.972351074
765,765,772,9275.0,38,95061248.77929688,50431738.85345459,218860322.9522705,56009284.019470215
766,766,773,9433.0,41,106433488.8458252,53078836.44104004,222915262.22229004,57796670.91369629
767,767,774,9715.0,33,103010406.49414062,54825124.740600586,143833026.88598633,57734069.82421875
768,768,775,9600.0,32,101989459.99145508,55829715.728759766,182211971.28295895,57589817.04711914
769,769,776,9600.0,32,100012493.13354492,56321525.57373047,164305114.74609375,58483028.411865234
770,770,777,9482.0,32,98552602.76794434,56890218.73474121,165109981.53686523,59290224.07531738
771,771,778,9718.0,35,100537610.05401611,57051882.74383545,225538263.32092285,59482075.691223145
772,772,779,9856.0,38,100190425.87280272,56992235.18371582,152429615.02075195,59335750.579833984
773,773,780,9969.0,34,102003192.90161131,57912059.78393555,172930881.50024414,59910392.76123047
774,774,781,9900.0,33,101419830.32226562,56869697.57080078,178943538.66577148,58717346.19140625
775,775,782,9900.0,33,96954345.703125,57199287.41455078,206110668.18237305,58975124.35913086
776,776,783,9756.0,36,95961811.06567384,54785905.838012695,185294925.68969727,56597881.31713867
777,777,784,10238.0,41,102488176.3458252,56173208.236694336,226842510.22338867,59875451.08795166
778,778,785,10964.0,46,96136881.8283081,53511133.19396973,152040197.37243652,56653871.53625488
779,779,786,10905.0,43,100509958.26721191,54155542.37365723,180903402.3284912,56435550.68969727
780,780,787,11543.0,40,97416539.1921997,56850355.14831543,215003993.9880371,59177826.88140869
781,781,788,11464.0,39,94649440.76538086,56999366.76025391,157379066.46728516,60090087.890625
782,782,789,11350.0,38,98515235.9008789,57201828.00292969,238193222.04589844,60365196.228027344
783,783,790,11602.0,51,103512282.371521,59211701.39312744,255226919.17419437,62937643.05114746
784,784,791,11442.0,48,103031814.57519533,58820870.3994751,175725852.9663086,62251602.17285156
785,785,792,11407.0,40,103975055.69458008,60374813.079833984,226544471.74072263,64895132.064819336
786,786,793,11184.0,42,104376318.9315796,62627795.21942139,150016828.5369873,66178857.80334473
787,787,794,11449.0,47,100475722.31292725,58955386.1618042,151440200.80566406,61903747.55859375
788,788,795,11400.0,38,97305965.42358398,59490394.59228516,212960529.32739255,61622142.79174805
789,789,796,11400.0,38,101352024.07836914,59072971.34399414,182135009.765625,61650753.02124024
790,790,797,11400.0,38,100247383.11767578,58941936.49291992,202366161.34643555,61159515.380859375
791,791,798,11400.0,38,101117134.09423828,59421443.93920898,159999847.41210938,61671638.48876953
792,792,799,11588.0,39,100853744.50683594,59020233.15429688,183081527.7099609,61478942.87109375
793,793,800,11566.0,39,92456378.93676758,58647008.89587402,199586971.28295895,61109254.83703613
794,794,801,11834.0,40,96209093.09387209,58197040.55786133,212446907.04345703,60291990.28015137
795,795,802,11700.0,39,96718597.41210938,58012104.03442383,243594360.3515625,60655975.34179688
796,796,803,12099.0,45,90528427.12402344,57988333.7020874,280642475.1281738,60595997.81036377
797,797,804,12000.0,40,80712032.31811523,57743167.87719727,261510944.36645508,59872913.3605957
798,798,805,12000.0,40,76888561.2487793,58217811.584472656,263313388.8244629,61264228.82080078
799,799,806,13197.0,57,85685305.59539795,64783957.48138428,332629261.0168457,72224379.53948975
800,800,807,13464.0,57,97033473.96850586,71841805.45806885,269801158.9050293,78531578.06396484
801,801,808,13064.0,51,105849578.85742188,71594388.96179199,303109523.77319336,76825082.77893066
802,802,809,13609.0,78,76029615.40222168,66039428.7109375,288077177.0477295,80949330.32989502
803,803,810,13001.0,56,111112917.90008543,77774885.1776123,317350345.61157227,83490025.5203247
804,804,811,12399.0,78,75966689.10980225,57238270.75958252,297673491.4779663,66473474.50256348
805,805,812,12728.0,44,92620563.50708008,70713274.0020752,239273262.02392575,74096529.00695801
806,806,813,13421.0,63,78776552.20031738,74330044.74639893,274625231.7428589,78554014.20593262
807,807,814,13220.0,56,96311780.92956544,81667614.93682861,308627079.01000977,86439505.5770874
808,808,815,13981.0,55,97287679.6722412,85715710.63995361,310025688.1713867,93213356.0180664
809,809,816,13800.0,47,90281345.36743164,86082607.26928711,340843193.0541992,92743499.75585938
810,810,817,13554.0,49,89128863.33465576,87478572.84545898,271892906.18896484,91508988.38043211
811,811,818,13268.0,45,96253665.92407228,82056404.11376953,375453529.35791016,88597465.51513672
812,812,819,12843.0,60,95514374.7329712,77863448.14300537,278915279.38842773,81361711.5020752
813,813,820,12332.0,62,77941375.73242188,71141828.5369873,255838895.7977295,75142568.58825684
814,814,821,13670.0,64,97359499.93133543,81919918.06030273,325606334.6862793,86894680.02319336
815,815,822,12453.0,60,88044359.20715332,72007384.30023193,355067272.1862793,76507609.3673706
816,816,823,12873.0,73,82921732.90252686,70382530.21240234,299164768.21899414,77031004.90570068
817,817,824,13613.0,54,95118545.53222656,91717481.61315918,306892391.204834,98280054.09240724
818,818,825,13637.0,52,91853528.02276611,91521130.5618286,246768463.1347656,93699453.35388184
819,819,826,13159.0,63,93433904.64782716,84358307.83843994,328545674.32403564,93030609.13085938
820,820,827,13566.0,62,102313999.1760254,82653721.8093872,370147504.80651855,87496531.48651123
821,821,828,13524.0,58,108098822.59368896,88455912.59002686,380678545.95184326,94351713.180542
822,822,829,13515.0,52,97644593.23883057,83215603.82843018,342549320.22094727,95262656.21185304
823,823,830,13386.0,64,100163908.95843506,87527852.05841064,292310400.0091553,92390890.12145996
824,824,831,12284.0,51,82769694.3283081,77460378.64685059,280974693.29833984,80770171.16546631
825,825,832,13445.0,80,65362223.62518311,77248346.32873535,301179830.55114746,83125534.05761719
826,826,833,13083.0,52,61170169.830322266,77975253.10516357,243434552.192688,87456451.41601562
827,827,834,13645.0,50,59380560.874938965,88340102.19573975,208565565.10925293,96338678.35998537
828,828,835,14377.0,60,87540087.69989014,101677136.4212036,334957592.9641724,110583311.08093262
829,829,836,15284.0,59,96165728.56903076,100888397.21679688,330001289.3676758,112765907.28759766
830,830,837,15084.0,62,74584487.91503906,88859732.62786865,357222525.59661865,103785565.37628174
831,831,838,15470.0,56,87060122.4899292,90704593.65844728,346689956.66503906,102647312.16430664
832,832,839,14997.0,55,76263915.06195068,79247417.44995117,359690135.95581055,96940719.6044922
833,833,840,16415.0,70,116597679.1381836,104297504.42504884,391902974.1287232,118242124.55749512
834,834,841,15711.0,56,118061985.96954346,105898538.58947754,442145215.03448486,115587100.98266602
835,835,842,15391.0,54,94385700.22583008,95379352.56958008,378540302.2766113,115629058.83789062
836,836,843,15168.0,66,110465620.99456789,101038651.46636964,343124657.6309204,110837502.47955322
837,837,844,14668.0,51,88094783.78295898,85702308.65478516,336368694.3054199,95740566.25366212
838,838,845,15778.0,80,90801664.352417,83897003.17382812,374093897.81951904,97465384.4833374
839,839,846,16113.0,75,96932495.1171875,81649549.48425293,494500073.4329224,100429323.19641112
840,840,847,14250.0,80,123265584.94567873,89219141.00646973,516991815.5670166,99643989.56298828
841,841,848,13303.0,91,125026466.3696289,75175902.36663818,435205580.7113648,96867465.9729004
842,842,849,15209.0,67,132453998.56567384,82954485.89324951,440824685.0967407,105956322.66998293
843,843,850,16165.0,85,130998839.37835692,94580484.3902588,873463985.4431152,116992037.77313232
844,844,851,15695.0,62,120757262.22991943,88412392.61627197,545230218.8873291,106630065.91796876
845,845,852,15913.0,77,135116025.92468262,94572618.48449709,737177126.8844604,123286489.48669434
846,846,853,15799.0,84,141775901.7944336,110057584.76257324,630304955.4824829,127725933.07495116
847,847,854,14677.0,55,148848433.49456787,92835456.84814452,461730269.4320679,112644945.14465332
848,848,855,16405.0,77,140970200.53863525,94899333.95385742,532132555.9616089,109344693.18389893
849,849,856,15570.0,56,131849864.00604248,92775403.02276611,646139290.8096313,106799709.32006836
850,850,857,14993.0,76,128404575.3479004,69605912.20855713,502421092.98706055,89231014.25170898
851,851,858,15882.0,79,144559339.52331543,92431797.9812622,1289236668.586731,117845594.40612791
852,852,859,15662.0,67,144060610.7711792,108682233.8104248,507514087.677002,125043769.83642578
853,853,860,15631.0,66,136538448.33374023,99012320.51849364,593789922.7142334,108835361.48071288
854,854,861,15471.0,85,133280963.89770508,92399406.43310548,565356531.1431885,110745230.67474364
855,855,862,15870.0,61,142505859.375,101227043.15185548,553981015.2053833,114708504.67681883
856,856,863,14936.0,79,131384932.51800536,80093914.98565674,441739092.82684326,91733264.9230957
857,857,864,16509.0,105,139080557.82318115,89231437.68310547,479358733.17718506,105402011.87133788
858,858,865,15813.0,59,131085122.10845947,82975365.63873291,534576877.5939941,105960906.02874756
859,859,866,16019.0,104,135148588.180542,93633100.50964355,473010269.1650391,107737556.45751952
860,860,867,16324.0,89,139457085.60943604,98244214.05792236,565394548.4161377,124201843.26171876
861,861,868,15837.0,62,144192947.3876953,114526064.8727417,487418781.2805176,124729798.31695557
862,862,869,14743.0,71,123448040.96221924,75137870.78857422,351719969.7494507,101187820.43457033
863,863,870,14489.0,58,116006321.90704346,72596307.7545166,439348123.55041504,91162555.69458008
864,864,871,15292.0,77,128373005.8670044,88183785.4385376,471667057.0373535,107545369.1482544
865,865,872,15202.0,59,133921966.55273438,100498555.18341064,507023640.6326294,109552696.22802734
866,866,873,14861.0,56,132397130.96618652,92867860.79406738,478051639.5568848,102029757.49969482
867,867,874,15328.0,55,128692031.86035156,88285203.93371582,495958477.0202637,102822458.26721191
868,868,875,15327.0,70,117529770.85113524,78423216.81976318,477282764.43481445,98830897.3312378
869,869,876,15667.0,61,137960996.62780762,94088127.13623048,497008317.9473877,109254801.7501831
870,870,877,14871.0,59,108183679.58068848,65739987.37335205,419329468.7271118,90836375.23651125
871,871,878,14939.0,73,118459053.9932251,70469771.38519287,352150217.0562744,83474199.29504395
872,872,879,14786.0,61,117593217.84973145,72106566.42913818,370121021.270752,82390867.23327637
873,873,880,15242.0,82,112481681.82373048,66455438.6138916,392888902.6641846,89289609.90905762
874,874,881,14142.0,63,100226699.82910156,52893757.8201294,332697289.4668579,75767995.83435059
875,875,882,16612.0,75,135005721.09222412,113098793.02978516,566790877.3422241,135496093.75
876,876,883,15124.0,52,144796676.6357422,108464441.29943848,390394710.5407715,115006368.63708496
877,877,884,15157.0,60,145751120.56732178,100093428.61175536,414911417.0074463,108636835.0982666
878,878,885,14620.0,58,140258093.83392334,93878533.36334229,358013804.43573,107797706.6040039
879,879,886,14931.0,56,137694664.00146484,103387995.71990968,464125996.58966064,122374962.80670166
880,880,887,15051.0,58,147779169.0826416,107586078.64379884,388299037.9333496,118391305.92346191
881,881,888,15273.0,68,137067097.6638794,115990460.395813,501370503.4255981,124643983.84094238
882,882,889,14432.0,74,132107774.73449709,85747387.88604736,351293157.57751465,97824030.87615968
883,883,890,16176.0,66,122961964.60723875,95108426.09405518,417472860.3363037,109064419.74639893
884,884,891,15322.0,58,119829108.2382202,88882253.64685059,436644836.4257813,109389401.43585204
885,885,892,15436.0,58,143933789.25323486,95402515.41137695,416405145.6451416,107582979.20227052
886,886,893,15360.0,63,138040002.82287598,99415504.4555664,422169470.78704834,110703802.10876463
887,887,894,15964.0,60,136848939.89562988,100843176.84173584,490664948.46344,125898674.01123048
888,888,895,16309.0,55,145567031.86035156,124232433.3190918,505151054.3823242,138226211.54785156
889,889,896,15776.0,63,138896415.71044922,119346145.6298828,430277805.32836914,127408271.78955078
890,890,897,15868.0,65,132006649.01733398,100393674.85046388,481805739.402771,124990059.8526001
891,891,898,15500.0,98,128077211.38000488,85572317.12341309,503629061.6989136,106498579.97894289
892,892,899,15900.0,72,147426786.4227295,92384486.1984253,439201376.914978,102452974.319458
893,893,900,15456.0,97,97036415.10009766,69625638.96179199,436234448.4329224,97753564.83459473
894,894,901,17265.0,94,114077805.519104,88092231.75048828,437235342.0257568,108158786.77368164
895,895,902,16306.0,94,121909829.13970947,97298178.67279053,461054718.9712525,113452975.27313232
896,896,903,16419.0,70,135456681.25152588,96998800.27770996,452512164.11590576,112212635.0402832
897,897,904,15654.0,73,123025075.9124756,85488695.14465332,365458072.6623535,91314908.98132324
898,898,905,16085.0,82,116802260.39886476,69161669.73114014,387737919.8074341,82371804.23736572
899,899,906,15634.0,79,92565192.2225952,51567080.4977417,271808080.6732178,66610072.13592529
900,900,907,16212.0,81,107501420.02105711,55910913.46740723,336409186.3632202,67882487.2970581
901,901,908,14264.0,82,104250424.3850708,50637094.49768066,292278104.7821045,58401568.41278076
902,902,909,15711.0,72,115347186.088562,70296712.87536621,407661481.8572998,94705960.27374268
903,903,910,14954.0,63,107744223.59466553,65788071.63238525,349167029.38079834,85184326.171875
904,904,911,15676.0,70,111656500.8163452,75836848.25897217,367337129.5928955,90515589.7140503
905,905,912,16211.0,80,93464254.37927246,71183100.70037842,305619613.64746094,82207976.34124756
906,906,913,14469.0,78,124029170.03631592,79400504.11224365,360077544.2123413,84005632.4005127
907,907,914,17087.0,79,127235664.36767578,92732216.83502196,447113804.8171997,111706553.45916748
908,908,915,17605.0,78,129225399.01733398,81109139.44244385,429917972.56469727,96413296.69952393
909,909,916,17451.0,102,129776013.3743286,76881546.97418213,428052882.19451904,94928362.84637453
910,910,917,16985.0,87,119612420.08209229,75404338.83666992,421004953.3843994,95573934.55505373
911,911,918,16013.0,75,127436088.56201172,68530760.76507568,370332670.211792,87378668.78509521
912,912,919,16944.0,86,123048316.9555664,78035285.94970703,370895721.4355469,92923102.3788452
913,913,920,16554.0,73,92668141.36505128,66161803.24554443,345044780.7312012,94923708.91571043
914,914,921,14571.0,81,79608282.0892334,80964569.09179688,258647813.79699707,89148571.96807861
915,915,922,13875.0,67,70327414.51263428,67311818.12286377,236833673.47717285,79727304.45861816
916,916,923,15171.0,61,89774282.45544434,78369731.90307617,386800426.4831543,94015155.79223631
917,917,924,16970.0,87,127402419.090271,97957161.90338136,408025376.31988525,110423420.9060669
918,918,925,16914.0,85,128327108.38317873,98007718.08624268,384393638.61083984,105852560.99700928
919,919,926,16386.0,63,111480840.6829834,82812471.38977051,309876878.7384033,93499853.13415527
920,920,927,16434.0,97,101866249.08447266,72186641.69311523,308348189.3539429,79722798.34747314
921,921,928,17021.0,89,88839010.23864746,57931744.57550049,293733227.72979736,71031825.0656128
922,922,929,16536.0,68,110352453.23181152,71860825.53863525,317010780.33447266,79877012.25280762
923,923,930,15977.0,72,97487812.04223631,72596988.67797852,329638856.8878174,85946536.06414795
924,924,931,17098.0,79,126693349.83825684,104570989.60876463,380049169.5404053,115630283.35571288
925,925,932,16313.0,56,129378131.86645508,101169521.33178712,354745281.2194824,107423841.47644044
926,926,933,15314.0,74,120750912.6663208,91850879.66918944,381383462.9058838,100721474.64752196
927,927,934,16462.0,82,107374520.30181883,82212350.84533691,329809409.1415405,89489789.96276855
928,928,935,15517.0,71,108456945.41931152,84130779.26635742,346887260.4370117,91897188.18664552
929,929,936,16312.0,67,108343814.84985352,88208238.60168457,332535780.90667725,97673924.44610596
930,930,937,16091.0,64,107867147.44567873,69308508.87298584,327735955.2383423,83947887.4206543
931,931,938,17371.0,83,102418319.70214844,76563918.1137085,420916819.57244873,99754327.77404784
932,932,939,15628.0,90,121927844.0475464,80979937.55340576,373121994.0185547,90293214.79797363
933,933,940,15229.0,71,92380927.08587646,82251386.64245605,357470494.2703247,92012774.46746826
934,934,941,14295.0,63,84109584.80834961,66716163.63525391,290906810.76049805,83215057.37304688
935,935,942,14688.0,58,105600422.8591919,81355105.40008545,311065913.2003784,90347993.850708
936,936,943,15924.0,89,111185666.08428957,73771759.03320312,1012847706.7947388,78837417.60253906
937,937,944,16096.0,86,101039285.65979004,70657679.5578003,388865263.9389038,85880434.03625488
938,938,945,15793.0,78,117186437.60681152,71953933.71582031,334103314.39971924,82639570.23620605
939,939,946,16907.0,124,112386964.79797363,71916394.23370361,370987356.1859131,87079410.55297852
940,940,947,15003.0,66,114131825.44708252,64952508.9263916,255761063.57574463,70061479.56848145
941,941,948,14747.0,69,106806370.73516846,62635993.95751953,309348307.6095581,72030652.99987793
942,942,949,16873.0,75,122042512.89367676,74596691.1315918,305819744.1101074,80307561.87438965
943,943,950,15786.0,79,121201307.29675291,81203652.38189697,382873496.055603,93340010.64300536
944,944,951,16964.0,74,122400739.6697998,89922646.52252197,331306026.45874023,101776359.55810548
945,945,952,16658.0,68,110540507.31658936,87333196.64001465,319784171.10443115,91311893.46313477
946,946,953,15620.0,79,111634880.06591795,75050403.5949707,326567099.571228,83227787.01782227
947,947,954,15314.0,90,90967027.66418456,61580481.52923584,306509177.2079468,69711327.55279541
948,948,955,16288.0,86,111146213.53149414,77875653.26690674,321817510.6048584,83837525.36773682
949,949,956,13374.0,82,99376217.84210204,61409759.521484375,324278030.3955078,67182099.34234619
950,950,957,14754.0,80,81944871.90246582,70979063.98773193,245226353.6453247,77047728.53851318
951,951,958,14342.0,67,89692512.51220703,73506534.57641602,282335044.86083984,77888515.47241211
952,952,959,15775.0,76,71283888.8168335,74150572.77679443,235902566.90979004,76470959.66339111
953,953,960,15534.0,68,93761633.87298584,73842977.52380371,284033740.04364014,78554231.64367676
954,954,961,14926.0,86,82360399.24621582,75256069.18334961,267753181.45751956,80484083.17565918
955,955,962,14691.0,55,79355266.57104492,78271691.32232666,236891056.06079105,82112386.70349121
956,956,963,14270.0,61,84745151.51977539,72746015.54870605,248029451.3702393,75831436.15722656
957,957,964,14385.0,92,84834446.90704346,70847181.32019043,307419570.9228516,76050391.19720459
958,958,965,13972.0,82,88296901.70288086,71730234.14611816,261473270.41625977,77354130.74493408
959,959,966,14251.0,68,85668764.11437988,69313740.73028564,258910057.0678711,75005898.47564697
960,960,967,13535.0,65,87902920.72296143,68508668.89953613,366050022.12524414,73801589.96582031
961,961,968,13612.0,49,78849068.6416626,73713756.5612793,196887344.3603516,77888713.83666992
962,962,969,14100.0,59,93670253.75366212,76281991.00494385,281272599.2202759,83800574.30267334
963,963,970,13611.0,54,82497975.34942627,75853443.14575195,273959020.614624,81475226.40228271
964,964,971,13800.0,75,88652306.55670166,72864954.9484253,285270466.8045044,77247747.42126465
965,965,972,13119.0,58,85538028.71704102,71070539.4744873,279549422.2640991,75048340.79742432
966,966,973,13239.0,57,76391539.57366943,72720087.0513916,219248106.95648196,75832675.93383789
967,967,974,13679.0,57,82660785.67504883,75709251.4038086,292757737.159729,80489769.93560791
968,968,975,14140.0,49,84109859.46655273,77296602.24914551,272846244.8120117,81054783.82110596
969,969,976,13749.0,71,89400083.54187012,71678960.8001709,298396542.5491333,77214801.78833008
970,970,977,13308.0,76,86847957.61108398,69949241.6381836,270631143.5699463,78194723.12927246
971,971,978,12988.0,59,71073551.17797852,73397004.12750244,239213408.4701538,79631284.71374512
972,972,979,13529.0,64,87677634.23919678,70239186.28692627,226944419.86083984,76399993.89648438
973,973,980,14151.0,59,81938047.40905762,69170980.45349121,198237120.62835693,72296081.54296875
974,974,981,14486.0,59,88429232.59735107,68352519.98901367,213038438.79699707,72228281.02111816
975,975,982,14919.0,54,95935333.25195312,69187279.70123291,203252610.206604,73308206.55822754
976,976,983,15506.0,58,101512466.43066406,70936875.34332275,289546210.28900146,76955435.75286865
977,977,984,16127.0,82,98314704.89501952,73792290.68756104,270906139.3737793,83387902.25982666
978,978,985,15537.0,69,103408440.5899048,82652429.58068848,215989097.59521484,87273247.71881104
979,979,986,14881.0,53,102984066.00952148,86598977.08892822,186255699.15771484,91162632.9421997
980,980,987,13627.0,57,98014260.29205322,84742933.27331543,148024096.48895264,88307806.01501465
981,981,988,13460.0,45,96881942.74902344,84841976.16577148,208917579.6508789,88830051.42211914
982,982,989,13396.0,49,92870819.09179688,83553932.1899414,202709926.6052246,87486824.03564453
983,983,990,13500.0,45,88197612.76245117,85192966.46118164,215215301.51367188,89117145.53833008
984,984,991,13195.0,50,91205410.95733644,80470770.83587646,275337818.14575195,84591378.2119751
985,985,992,13007.0,75,94205888.74816896,71305219.65026855,235291584.9685669,75539213.18054199
986,986,993,13198.0,58,92922299.3850708,70630463.60015869,220968878.7460327,76898320.19805908
987,987,994,13058.0,67,96633340.83557127,72101537.70446777,224038364.4104004,78290412.90283203
988,988,995,12750.0,75,96748353.95812988,70648862.83874512,203657110.2142334,76356846.8093872
989,989,996,12470.0,55,93033691.40625,69944943.42803955,192488960.26611328,76214002.60925293
990,990,997,12786.0,50,100592269.89746094,72977745.05615234,251391029.35791016,80144578.93371582
991,991,998,12588.0,52,95130302.42919922,74038283.3480835,209058322.9064941,79075461.38763428
992,992,999,12808.0,51,96425868.0343628,74266036.03363037,240560268.4020996,78894449.23400879
993,993,1000,12754.0,51,86466759.68170166,72824016.57104492,204132957.4584961,77309204.1015625
994,994,1001,13617.0,69,90396496.77276611,71912734.03167725,262982971.19140625,76518260.00213623
995,995,1002,13121.0,59,84367774.00970459,67952010.15472412,266931632.99560547,73195461.27319336
996,996,1003,13162.0,56,98318949.69940186,70351350.78430176,224899126.05285645,76031556.12945557
997,997,1004,12976.0,52,86322364.8071289,71615245.8190918,197993545.53222656,75972333.90808105
998,998,1005,13246.0,52,99034906.3873291,72313928.60412598,216542465.2099609,76584312.43896484
999,999,1006,13137.0,52,92548591.61376952,69633534.43145752,209749118.80493164,76497484.20715332
1000,1000,1007,13408.0,54,99838577.2705078,71747611.0458374,215019783.02001956,78220549.58343506
1001,1001,1008,12908.0,53,94214033.12683104,71670307.15942383,225822597.5036621,77943741.79840088
1002,1002,1009,12540.0,57,84952684.40246582,70515035.62927246,192788484.57336423,75980599.40338135
1003,1003,1010,12644.0,45,86860317.23022461,71906417.84667969,243208721.16088867,75181018.8293457
1004,1004,1011,13193.0,55,99893452.64434814,74217539.78729248,233217639.9230957,80739514.35089111
1005,1005,1012,12808.0,49,95419612.88452148,74075959.20562744,231774864.1967773,78915380.47790527
1006,1006,1013,12773.0,50,93849128.72314452,73681001.66320801,226868515.01464844,79308411.59820557
1007,1007,1014,12855.0,57,93203756.33239746,73781641.00646973,258336700.43945312,79259273.52905273
1008,1008,1015,12997.0,45,83051494.59838867,75530296.3256836,207204521.1791992,80538070.67871094
1009,1009,1016,13202.0,46,97952857.9711914,78950199.12719727,255220539.0930176,83541858.6730957
1010,1010,1017,13200.0,44,94445800.78125,78976821.89941406,228629207.611084,82914447.78442383
1011,1011,1018,13365.0,52,94638242.72155762,80480537.41455078,273051578.5217285,85008768.08166504
1012,1012,1019,13386.0,50,91340230.94177246,80604866.02783203,240789852.142334,83137202.26287842
1013,1013,1020,13172.0,47,94610597.61047363,80004314.42260742,246729797.36328125,82378822.32666016
1014,1014,1021,13260.0,48,90894866.94335938,81736454.01000977,246629074.0966797,84812911.98730469
1015,1015,1022,12895.0,47,90195125.57983398,77311271.66748047,264083446.50268555,80177951.81274414
1016,1016,1023,12823.0,53,88938795.08972168,72489729.88128662,246889457.70263672,77172058.10546875
1017,1017,1024,12695.0,58,91624279.0222168,69978280.06744385,284632992.7444458,75731130.59997559
1018,1018,1025,13235.0,73,92099195.48034668,72910838.12713623,240748240.47088623,78942852.97393799
1019,1019,1026,13060.0,53,90978947.63946532,70953142.1661377,298749290.4663086,76586508.75091553
1020,1020,1027,13943.0,63,93768827.43835448,69158739.08996582,308449741.3635254,74753795.6237793
1021,1021,1028,13831.0,64,84843091.96472168,69353876.1138916,249029836.6546631,75776023.8647461
1022,1022,1029,13520.0,65,85696134.56726074,67514028.54919434,269763507.8430176,74157947.5402832
1023,1023,1030,13036.0,66,82432210.92224121,68304927.82592773,288346283.9126587,72055078.50646973
1024,1024,1031,13210.0,65,90818312.6449585,69004388.8092041,297276448.2498169,75304378.50952148
1025,1025,1032,12763.0,55,76390295.02868652,68842492.10357666,217324723.24371335,72136400.22277832
1026,1026,1033,12867.0,59,82615370.75042725,68605798.72131348,242436695.09887692,74933643.34106445
1027,1027,1034,13347.0,62,81945116.04309082,69864811.89727783,245168666.8395996,76450893.40209961
1028,1028,1035,13042.0,55,93397811.88964844,71510619.16351318,280641890.5258179,76842937.46948242
1029,1029,1036,13340.0,66,79439332.96203613,65778287.88757324,254740257.2631836,72197961.80725098
1030,1030,1037,13239.0,57,88996100.42572021,64945597.648620605,252133686.06567383,69970386.50512695
1031,1031,1038,13292.0,56,94923730.85021973,62697667.12188721,240291276.9317627,65896354.67529297
1032,1032,1039,13394.0,61,95967002.86865234,64539494.51446533,270087640.7623291,68506976.12762451
1033,1033,1040,13200.0,45,96337126.73187256,66960525.51269531,184746741.29486084,69885635.37597656
1034,1034,1041,13049.0,44,78421073.91357422,67358886.71875,240311321.2585449,70610843.65844727
1035,1035,1042,13670.0,60,98229560.85205078,72356258.39233398,298786778.4500122,78451971.05407715
1036,1036,1043,13667.0,48,79887620.92590332,76841974.25842285,274670433.0444336,81474712.37182617
1037,1037,1044,13592.0,52,87587056.15997314,76405997.27630615,267640182.4951172,80709991.45507812
1038,1038,1045,13610.0,51,90066609.3826294,77243650.43640137,246534166.3360596,82250779.1519165
1039,1039,1046,13233.0,45,83899883.27026367,77650691.98608398,289463790.8935547,81308551.78833008
1040,1040,1047,13169.0,66,87253047.94311523,71465202.33154297,276448384.28497314,76678389.54925537
1041,1041,1048,13181.0,61,97005175.59051514,71219825.7446289,262543190.0024414,75497620.58258057
1042,1042,1049,12712.0,69,80867051.12457275,65716722.48840332,248081590.65246585,72111909.86633301
1043,1043,1050,12983.0,56,91442070.96099854,68940765.38085938,253224887.8479004,74227479.93469238
1044,1044,1051,13157.0,73,46443164.82543945,61543855.66711426,150474068.6416626,65744442.9397583
1045,1045,1052,13731.0,52,35681400.299072266,58697178.84063721,143009078.9794922,62997890.47241211
1046,1046,1053,14743.0,59,64292190.55175781,65200787.54425049,260945157.05108643,77350486.7553711
1047,1047,1054,13904.0,63,100127040.86303712,70613644.59991455,354592991.82891846,76258301.73492432
1048,1048,1055,14249.0,68,102432559.0133667,75781991.00494385,281705725.66986084,81695663.45214844
1049,1049,1056,13316.0,62,100476140.97595216,71672337.53204346,223509273.52905276,77328568.45855713
1050,1050,1057,12990.0,47,103704659.4619751,76200519.56176758,207488240.2420044,80604662.89520264
1051,1051,1058,12847.0,43,92864856.7199707,79291847.2290039,312434638.9770508,81888687.13378906
1052,1052,1059,12966.0,55,83999794.00634766,78308653.83148193,294153739.9291992,85490421.29516602
1053,1053,1060,13306.0,58,111919869.4229126,88546126.36566162,334955573.0819702,93892387.39013672
1054,1054,1061,12871.0,65,94332510.94818117,70930787.08648682,304216792.1066284,78341919.89898682
1055,1055,1062,12912.0,48,96820913.31481934,77425598.14453125,273863590.2404785,80602961.54022217
1056,1056,1063,13218.0,75,101931864.73846436,72014232.63549805,290219379.4250488,82189955.71136475
1057,1057,1064,13234.0,66,117693099.02191162,84093456.26831055,437851355.5526733,92713015.55633543
1058,1058,1065,13821.0,80,131555822.37243652,97670536.04125977,430708116.5313721,106336761.47460938
1059,1059,1066,14532.0,67,130855571.74682616,103390197.75390624,508099102.0202637,114484382.62939452
1060,1060,1067,14764.0,61,123066237.449646,92608358.38317873,499516912.4603272,118274269.1040039
1061,1061,1068,15703.0,89,128932729.72106934,91160993.5760498,482002829.5516968,117603986.7401123
1062,1062,1069,15895.0,57,147649242.40112305,125664355.27801514,483551263.8092041,139598216.05682373
1063,1063,1070,13257.0,80,109235155.10559082,75145984.6496582,377129725.4562378,91747440.33813477
1064,1064,1071,12184.0,65,108139348.98376463,67808684.34906006,303061721.8017578,75517993.92700195
1065,1065,1072,14554.0,64,95431735.03875732,70146694.18334961,261064058.303833,76964618.68286133
1066,1066,1073,14660.0,71,109551575.66070557,84575876.23596191,298825564.38446045,93506212.23449709
1067,1067,1074,14109.0,51,107655750.2746582,88500392.91381836,321480060.5773926,92299430.84716795
1068,1068,1075,13440.0,61,92914522.17102052,71543374.06158447,299752178.1921387,78848199.84436035
1069,1069,1076,13525.0,47,98267936.70654295,73137545.58563232,279070749.2828369,76485953.33099365
1070,1070,1077,13598.0,51,84499248.50463867,72908136.36779785,198350526.8096924,75719041.82434082
1071,1071,1078,12998.0,48,87345097.54180908,70065729.14123535,260638270.3781128,72747233.3908081
1072,1072,1079,14312.0,78,84376726.1505127,75365887.64190674,264268873.21472168,80113987.92266846
1073,1073,1080,14441.0,53,106485336.30371094,84894853.59191895,330683918.9529419,91966315.2694702
1074,1074,1081,14100.0,49,102272869.11010742,78797354.69818115,318332363.1286621,84913226.12762451
1075,1075,1082,14147.0,62,95390635.49041748,77873361.58752441,276741689.68200684,86137932.77740479
1076,1076,1083,13861.0,54,97079294.20471191,88864548.6831665,328235340.1184082,93415536.88049316
1077,1077,1084,15110.0,83,113846210.47973631,87726061.82098389,387832565.3076172,96397278.78570557
1078,1078,1085,14225.0,76,95904876.70898438,74817289.35241699,299113280.2963257,79841280.93719482
1079,1079,1086,15151.0,79,85561020.85113525,77908970.8328247,270724257.46917725,89429065.7043457
1080,1080,1087,15156.0,73,98060647.96447754,78048554.42047119,351170162.20092773,94425533.29467772
1081,1081,1088,15729.0,80,101123925.2090454,78194467.54455566,369859133.720398,98003876.6860962
1082,1082,1089,16886.0,86,116545173.64501952,88320544.24285889,362356346.1303711,102003836.6317749
1083,1083,1090,15855.0,63,60094235.42022705,63302026.74865723,298169069.29016113,81978672.9812622
1084,1084,1091,18812.0,118,90498109.81750488,75077390.67077637,383088785.1715088,95636850.35705566
1085,1085,1092,15092.0,101,51173991.203308105,53486325.26397705,183237588.8824463,60410565.37628174
1086,1086,1093,14647.0,67,80859066.9631958,67746452.33154297,312619769.0963745,80987627.98309326
1087,1087,1094,15000.0,51,134841130.25665283,84335998.53515625,431303787.2314453,90508165.35949709
1088,1088,1095,15325.0,114,99170734.40551758,70892309.18884277,314259541.51153564,75757526.39770508
1089,1089,1096,16048.0,91,80192431.44989014,65394116.40167236,327675151.8249512,77616305.35125732
1090,1090,1097,16822.0,85,104320512.77160645,71772342.68188477,370776838.3026123,88019138.33618164
1091,1091,1098,17220.0,101,104639292.71697998,91069884.30023192,467757577.89611816,107983552.93273926
1092,1092,1099,16800.0,57,124051151.27563477,99594318.38989258,399373672.4853516,104975044.25048828
1093,1093,1100,16851.0,65,131695117.95043944,88478884.69696045,498176189.4226074,97666068.0770874
1094,1094,1101,17835.0,77,116136589.05029295,84379167.5567627,340114799.4995117,99686182.02209473
1095,1095,1102,17509.0,77,110718291.2826538,76427853.58428955,464964682.5790405,98704176.902771
1096,1096,1103,16683.0,115,120336137.77160645,68167852.4017334,414452170.3720093,82120651.24511719
1097,1097,1104,15883.0,72,122295488.35754396,77179870.60546875,506608384.13238525,95943607.33032228
1098,1098,1105,17286.0,67,121193203.92608644,87355818.74847412,564970748.9013672,100377391.81518556
1099,1099,1106,16501.0,75,123610520.362854,73311584.47265625,484234622.9553223,94476922.03521729
1100,1100,1107,14551.0,74,108361559.86785889,58434637.06970215,393905452.7282715,71202469.82574463
1101,1101,1108,15726.0,79,84984083.17565918,57714796.06628418,385797169.68536377,73930140.4953003
1102,1102,1109,14475.0,77,81342904.09088135,50490106.5826416,279808293.34259033,62396853.44696045
1103,1103,1110,17038.0,94,100460815.4296875,63985661.50665283,388370431.9000244,77621231.07910156
1104,1104,1111,19541.0,76,107684808.7310791,67013117.79022217,440845533.3709717,83454285.62164307
1105,1105,1112,18581.0,96,118390677.4520874,63179496.76513672,393636276.2451172,77569936.75231934
1106,1106,1113,15379.0,80,84477026.93939209,44235844.61212158,243373656.27288815,51816630.36346436
1107,1107,1114,15179.0,62,108539713.8595581,56459264.75524902,304852342.6055908,64551022.52960205
1108,1108,1115,14942.0,56,75443365.0970459,45179738.998413086,271692015.6478882,59689123.15368652
1109,1109,1116,14800.0,64,67198292.73223877,43368094.4442749,235396978.3782959,52799266.81518555
1110,1110,1117,14536.0,60,74397148.13232422,52364793.77746582,231003486.6333008,56600011.82556152
1111,1111,1118,16504.0,65,94789907.45544434,63632628.44085693,282815360.0692749,71739683.15124512
1112,1112,1119,15441.0,61,85217412.9486084,54408940.31524658,271235445.022583,65423559.18884277
1113,1113,1120,14568.0,68,56640798.56872559,42920534.13391113,218327233.31451416,50504357.33795166
1114,1114,1121,14070.0,72,75033628.46374512,49788042.068481445,226937543.86901852,55316144.943237305
1115,1115,1122,14378.0,65,55742191.31469727,44965350.15106201,255544879.91333008,56230477.33306885
1116,1116,1123,14165.0,58,60379644.3939209,45379428.86352539,241753792.76275635,51462409.019470215
1117,1117,1124,14221.0,54,57962112.42675781,44959164.6194458,219632690.4296875,51009499.54986572
1118,1118,1125,13919.0,57,74187934.87548828,48833691.59698486,238021114.34936523,55679669.38018799
1119,1119,1126,14234.0,51,54824460.98327637,45154873.84796143,219182121.27685547,48319977.76031494
1120,1120,1127,14130.0,59,52995718.002319336,43658884.04846192,164112832.06939697,47079421.043396
1121,1121,1128,14391.0,67,55404440.87982178,46404510.49804688,184890623.09265137,50094631.19506836
1122,1122,1129,14789.0,64,67975147.24731445,51191111.56463623,226783575.0579834,58046907.42492676
1123,1123,1130,16119.0,64,93144018.17321776,64531983.37554932,280139760.97106934,69926903.72467041
1124,1124,1131,14766.0,59,79809809.68475342,60853626.2512207,224739631.65283203,63750144.958496094
1125,1125,1132,14845.0,61,70461509.70458984,57567379.95147705,205418878.55529785,65030785.56060791
1126,1126,1133,14060.0,53,41802464.48516846,47101468.08624268,193419548.034668,54591160.77423096
1127,1127,1134,13849.0,65,28970010.75744629,43631036.75842285,113404734.61151125,46048914.90936279
1128,1128,1135,16320.0,71,71529125.21362305,56820356.36901856,339731466.29333496,72196441.65039062
1129,1129,1136,15993.0,57,110450469.97070312,59241001.12915039,332460662.8417969,66199584.9609375
1130,1130,1137,14270.0,71,72526231.76574707,44062661.17095947,208717233.6578369,50099177.36053467
1131,1131,1138,15346.0,70,55540852.546691895,43056869.50683594,182541526.7944336,50288136.48223877
1132,1132,1139,14202.0,74,59819997.78747559,41202073.09722901,217441574.0966797,49254453.65905762
1133,1133,1140,14772.0,62,83516223.9074707,57488284.11102295,274355313.3010864,67949928.2836914
1134,1134,1141,14496.0,59,101894103.05023192,59981683.7310791,315235011.10076904,69364877.70080566
1135,1135,1142,14429.0,60,69625971.79412842,60080366.13464356,272058227.5390625,68231194.49615479
1136,1136,1143,14321.0,58,108677525.5203247,70902085.30426025,287346001.62506104,74529856.68182373
1137,1137,1144,14504.0,52,100309306.14471436,67988672.25646973,348362202.64434814,78989575.38604736
1138,1138,1145,14634.0,59,87606681.82373047,65903768.53942871,288528982.1624756,73032438.27819824
1139,1139,1146,15653.0,69,100649358.74938963,71773798.94256592,343876486.7782593,85124695.77789307
1140,1140,1147,13937.0,67,72849477.76794434,52413922.30987549,253787802.69622803,56346034.04998779
1141,1141,1148,16327.0,85,63305500.03051758,55972254.75311279,343873670.5780029,75474012.37487793
1142,1142,1149,14655.0,69,51744272.232055664,45905514.71710205,223495018.0053711,53115039.82543945
1143,1143,1150,16059.0,80,73519552.23083496,59098244.66705322,329739614.48669434,68870779.9911499
1144,1144,1151,15377.0,82,78874311.44714355,55781085.01434326,314960780.1437378,67786903.38134766
1145,1145,1152,15631.0,65,91273880.95855711,61368162.15515137,391914646.1486816,75390280.72357178
1146,1146,1153,15351.0,74,81823349.95269775,58126893.99719238,395663584.7091675,77080141.06750488
1147,1147,1154,15268.0,65,98552511.21520996,65546454.42962647,381542650.2227783,80261522.29309082
1148,1148,1155,15419.0,61,99712926.86462402,65723492.62237549,316434122.0855713,80663390.15960693
1149,1149,1156,13726.0,78,26336292.266845703,38391098.97613525,125173612.59460448,44226652.14538574
1150,1150,1157,14262.0,70,60201807.02209473,45641800.88043213,263676115.03601077,54517338.75274658
1151,1151,1158,14157.0,56,72922030.44891357,50536342.62084961,273435199.7375488,62031538.00964356
1152,1152,1159,15050.0,57,78076399.80316162,65049844.74182129,276082227.7069092,71789991.37878418
1153,1153,1160,13690.0,68,56812831.87866211,57447728.15704346,268252576.82800293,64531363.48724365
1154,1154,1161,14470.0,65,51164607.04803467,54544019.69909668,194216005.32531735,60051568.98498535
1155,1155,1162,13895.0,58,45245381.355285645,54854192.73376465,176230447.76916504,57588169.09790039
1156,1156,1163,14126.0,61,35864167.21343994,54263191.22314453,147543687.82043457,56325865.74554443
1157,1157,1164,15387.0,71,54112273.21624756,60345764.16015625,263793345.45135495,68229295.73059082
1158,1158,1165,14358.0,57,57866372.10845947,59192322.73101807,251052100.1815796,65431416.511535645
1159,1159,1166,15077.0,63,73417808.53271484,60606384.27734375,304698719.9783325,70223195.07598877
1160,1160,1167,15486.0,61,70155183.79211426,68909579.27703857,331953072.5479126,75847166.06140137
1161,1161,1168,14869.0,67,80298596.38214111,66220982.55157471,264806574.82147217,69816087.72277832
1162,1162,1169,15186.0,60,86096563.3392334,66732510.56671143,301161172.8668213,74052143.09692383
1163,1163,1170,15170.0,56,65824810.02807617,65830335.61706543,256835572.2427368,73980393.409729
1164,1164,1171,16404.0,69,72915927.88696289,74593588.82904053,341827150.34484863,88529210.0906372
1165,1165,1172,15968.0,69,102167458.53424072,81126350.40283203,382087345.123291,92524004.93621826
1166,1166,1173,16105.0,86,89215108.87145996,87051243.78204346,371935720.4437256,98607313.15612791
1167,1167,1174,15860.0,74,122623680.1147461,94872585.29663086,420214965.8203125,102721024.51324464
1168,1168,1175,16752.0,75,111976277.3513794,93718210.22033691,452664486.8850708,106566968.91784668
1169,1169,1176,16227.0,93,88052562.71362305,81430244.44580078,385196853.6376953,96958208.08410645
1170,1170,1177,16529.0,72,120568260.1928711,96688423.15673828,414243872.6425171,109586855.8883667
1171,1171,1178,16054.0,75,116755076.40838625,96720028.8772583,440405783.6532593,110474562.6449585
1172,1172,1179,15166.0,59,97041199.68414308,82386690.13977051,771416089.0579224,93006181.71691896
1173,1173,1180,17099.0,96,105865866.66107178,92532795.9060669,503685199.7375488,117331635.47515868
1174,1174,1181,16547.0,78,147926266.67022705,106673446.65527344,531125904.083252,118810770.98846436
1175,1175,1182,16557.0,86,139567347.5265503,102605732.91778564,489236234.664917,117900294.30389404
1176,1176,1183,18006.0,90,107119049.07226562,90065017.70019531,493573391.9143677,119858396.53015137
1177,1177,1184,16783.0,100,111620539.66522215,79119660.37750244,473219235.4202271,99246869.08721924
1178,1178,1185,17219.0,120,107777522.08709715,77974094.39086914,378327135.0860596,90983354.56848145
1179,1179,1186,16495.0,96,96308223.72436523,71390228.27148438,345024251.9378662,85720198.63128662
1180,1180,1187,14932.0,76,83265717.50640869,58494619.36950684,302163447.3800659,66702506.06536865
1181,1181,1188,13417.0,63,57832553.86352539,49359456.062316895,222695669.17419437,56732774.73449707
1182,1182,1189,13328.0,57,36611345.291137695,36726468.08624268,160341724.39575195,46539951.32446289
1183,1183,1190,13909.0,63,39235571.86126709,35573336.601257324,162765974.0447998,37757407.18841553
1184,1184,1191,14933.0,62,47137334.8236084,37792663.57421875,186681845.66497803,40269681.93054199
1185,1185,1192,14030.0,87,58447039.60418701,38071836.47155762,188646094.3222046,41594667.43469238
1186,1186,1193,14223.0,74,68695680.61828613,39034318.9239502,237779647.82714844,43187321.66290283
1187,1187,1194,13367.0,75,60009489.05944824,37096190.45257568,163265980.72052002,39503927.23083496
1188,1188,1195,13911.0,57,56534829.13970947,37767496.10900879,172971837.0437622,41913420.67718506
1189,1189,1196,13555.0,54,66197844.50531006,39462705.61218262,205173936.84387207,44702645.30181885
1190,1190,1197,14266.0,83,75737866.40167236,39404105.1864624,223043652.5344849,44091752.05230713
1191,1191,1198,14941.0,68,68750982.2845459,39371982.57446289,187873157.5012207,43173309.32617188
1192,1192,1199,13601.0,70,68445022.58300781,36520174.98016357,153332460.40344238,38371835.70861816
1193,1193,1200,13362.0,56,68256755.82885742,36609408.378601074,189965348.24371335,38704962.73040772
1194,1194,1201,13711.0,49,81444648.74267578,42008655.5480957,208893409.7290039,45865184.78393555
1195,1195,1202,13693.0,58,71988385.20050049,43888302.80303955,202540175.43792725,47954071.04492188
1196,1196,1203,13619.0,56,77423274.99389648,42088585.85357666,225649300.57525635,44866830.825805664
1197,1197,1204,13217.0,65,78420669.55566406,41511330.60455322,241548690.79589844,45397656.44073486
1198,1198,1205,13440.0,56,66631721.49658203,42251090.04974365,178864455.2230835,45151400.566101074
1199,1199,1206,14152.0,54,69183502.19726562,42165059.089660645,222438117.0272827,52320259.09423828
1200,1200,1207,14360.0,54,75224249.83978271,50195342.06390381,275633738.51776123,58371523.8571167
1201,1201,1208,14472.0,53,85138481.14013672,54846939.08691406,253785728.45458984,59156333.92333984
1202,1202,1209,14474.0,52,74651225.09002686,56289864.5401001,261319364.5477295,63621626.85394287
1203,1203,1210,15001.0,57,90394096.37451172,69472106.93359375,284618555.0689697,78475479.12597656
1204,1204,1211,13747.0,64,89034344.67315674,57105565.07110596,204681954.3838501,62153231.620788574
1205,1205,1212,14585.0,56,98046693.80187988,62865130.42449951,258164958.95385745,66545448.303222656
1206,1206,1213,14992.0,60,95200667.38128662,61695133.20922852,217731648.4451294,66432991.02783203
1207,1207,1214,14825.0,69,90953691.48254396,61450436.59210205,254517850.8758545,64417047.50061035
1208,1208,1215,13790.0,54,81227585.7925415,59619924.545288086,228683828.35388184,64300098.41918945
1209,1209,1216,14569.0,60,88243956.56585693,60329248.42834473,227247260.09368896,64185439.109802246
1210,1210,1217,14373.0,56,87580236.43493652,60064311.027526855,246801506.9961548,65790223.12164307
1211,1211,1218,15362.0,73,82724499.70245361,58897377.01416016,221373704.91027832,65119997.97821045
1212,1212,1219,15670.0,66,88270116.80603027,57266366.95861816,274735166.5496826,61151488.30413818
1213,1213,1220,15370.0,59,82687206.26831055,55691159.24835205,249407602.31018063,62506802.558898926
1214,1214,1221,15819.0,69,80477165.22216797,56614142.41790772,235379121.7803955,61386582.374572754
1215,1215,1222,15710.0,63,86739507.6751709,56630341.52984619,250542670.24993896,62907222.747802734
1216,1216,1223,17167.0,80,91538751.60217284,62639689.445495605,262935556.4117432,70417936.32507324
1217,1217,1224,16963.0,73,94462625.50354004,60773439.40734863,257070351.60064697,67867519.37866211
1218,1218,1225,17453.0,69,93624216.07971191,65377656.93664551,263264606.47583008,75140222.54943848
1219,1219,1226,17334.0,91,87523689.27001953,64229240.41748047,265656108.8562012,71774408.3404541
1220,1220,1227,15754.0,72,78874604.22515869,57663994.789123535,234716238.9755249,67325440.40679932
1221,1221,1228,16538.0,74,67879790.30609131,60250363.34991455,242498535.15625,67058962.82196045
1222,1222,1229,15918.0,73,72781948.08959961,58187424.65972901,233065147.39990237,65660503.38745117
1223,1223,1230,15273.0,64,71837392.80700684,59070474.62463379,240867075.92010495,65023561.47766113
1224,1224,1231,16377.0,62,70215264.32037354,58632946.0144043,721816856.3842773,64357135.77270508
1225,1225,1232,16678.0,84,78005172.72949219,58988293.64776611,265235886.5737915,64098142.62390137
1226,1226,1233,16398.0,71,86268983.84094238,58645508.76617432,248992797.8515625,65272772.789001465
1227,1227,1234,16076.0,56,93175910.94970705,59067270.27893066,282056058.883667,66035582.54241943
1228,1228,1235,17295.0,69,97990741.72973631,66260701.1795044,305202183.7234497,70827569.00787354
1229,1229,1236,18213.0,76,103422499.65667725,71150485.03875732,257100866.31774905,78694539.0701294
1230,1230,1237,17442.0,65,100262732.50579834,73907028.19824219,275876039.5050049,81618036.2701416
1231,1231,1238,18207.0,83,105824871.06323242,75665668.48754883,284054190.63568115,81852099.41864014
1232,1232,1239,18326.0,73,100020247.45941162,74299277.30560303,290138634.68170166,82774858.47473145
1233,1233,1240,17522.0,73,100878337.86010742,73190084.45739746,288895986.55700684,78436227.79846191
1234,1234,1241,18019.0,84,97926138.87786864,68677042.00744629,317260284.4238281,77173994.06433105
1235,1235,1242,18050.0,66,91668766.02172852,71403532.02819824,304792667.388916,79468595.50476074
1236,1236,1243,16871.0,91,93044720.64971924,68861932.7545166,280801418.30444336,76003849.02954102
1237,1237,1244,15426.0,86,88198265.0756836,66537177.08587647,402387442.58880615,77188507.08007812
1238,1238,1245,15751.0,59,75236271.85821533,76651562.69073486,272261781.6925049,83074216.84265137
1239,1239,1246,15256.0,67,86576107.02514648,71038414.00146484,326564908.0276489,76600392.34161377
1240,1240,1247,16000.0,68,89172255.51605225,72616238.59405518,284012842.1783447,80589068.41278076
1241,1241,1248,15973.0,55,85196462.63122559,76322795.86791992,286415958.404541,81592445.37353516
1242,1242,1249,16602.0,61,89567199.70703125,78009256.36291504,326746486.6638184,85478944.77844238
1243,1243,1250,16258.0,57,88500740.05126953,77467727.66113281,301149047.8515625,81870876.31225586
1244,1244,1251,16069.0,63,93802164.0777588,78390948.29559326,277386504.1732788,83448988.91448975
1245,1245,1252,14472.0,70,93123556.13708496,76545909.8815918,269296863.5559082,82481781.00585938
1246,1246,1253,14873.0,53,93726906.77642822,77524721.14562988,283697628.02124023,82783166.88537598
1247,1247,1254,15026.0,57,83786196.7086792,80002543.44940186,273483473.777771,86132347.1069336
1248,1248,1255,14812.0,55,90240201.95007324,79130866.05072021,272773225.78430176,82754094.12384033
1249,1249,1256,14631.0,49,87787754.05883789,77557708.74023438,295212604.5227051,82216049.19433594
1250,1250,1257,14694.0,58,82801218.03283691,75351761.81793213,288292928.6956787,81243969.91729736
1251,1251,1258,14424.0,53,89676766.39556885,70767849.92218018,277997203.8269043,75243041.9921875
1252,1252,1259,14506.0,59,91512723.92272948,73832988.73901367,274048046.11206055,78086327.55279541
1253,1253,1260,14015.0,55,68000108.71887207,72789828.30047607,277279256.8206787,76173090.93475342
1254,1254,1261,14004.0,55,83669880.8670044,76232383.72802734,289843817.71087646,81851034.16442871
1255,1255,1262,13800.0,48,91657457.35168456,76274436.9506836,280937406.539917,78817104.33959961
1256,1256,1263,14176.0,51,78387416.83959961,73833797.45483398,283208354.9499512,78578798.29406738
1257,1257,1264,14549.0,56,81823640.82336426,75583745.00274658,286347891.8075561,80871237.75482178
1258,1258,1265,14966.0,52,90373078.34625244,78064015.38848877,319904663.0859375,81568032.26470947
1259,1259,1266,14753.0,53,96483439.4454956,78543939.5904541,313363105.7739258,83188538.55133057
1260,1260,1267,14444.0,55,78359313.01116943,73053423.88153076,254535270.690918,78681698.7991333
1261,1261,1268,14358.0,67,90935844.42138672,72707071.30432129,279229964.2562866,76567844.39086914
1262,1262,1269,14572.0,68,97001519.20318604,71575613.02185059,274316190.7196045,77093833.92333984
1263,1263,1270,14482.0,75,79818754.19616699,71447574.61547852,290860155.1055908,78355143.5470581
1264,1264,1271,14664.0,59,93305831.90917967,74529974.93743896,282549308.77685547,80734093.66607666
1265,1265,1272,14661.0,62,94466687.2024536,71799892.42553711,268184191.7037964,77194812.7746582
1266,1266,1273,14518.0,72,81915609.35974121,68047838.21105957,280244224.54833984,74372148.51379395
1267,1267,1274,14807.0,85,90050004.95910645,68743870.73516846,334491863.2507324,75907306.67114258
1268,1268,1275,15162.0,61,67068119.049072266,75300119.40002441,263093179.7027588,80922908.78295898
1269,1269,1276,15000.0,51,85616760.25390625,77730226.51672363,294200668.33496094,82257308.95996094
1270,1270,1277,15000.0,50,81099414.82543945,78481578.8269043,312837696.07543945,82585716.2475586
1271,1271,1278,15348.0,52,96495563.50708008,79579502.10571289,262810455.3222656,83027629.85229492
1272,1272,1279,14450.0,68,93470312.11853027,75661978.72161865,176568262.10021973,81902306.55670166
1273,1273,1280,13881.0,52,94750171.66137695,74398710.25085449,199528755.18798828,79121419.90661621
1274,1274,1281,13805.0,82,89180258.75091553,72554995.5368042,211887838.36364743,77032713.89007568
1275,1275,1282,14574.0,56,94592058.1817627,75436073.30322266,233708871.84143063,80299169.54040527
1276,1276,1283,13952.0,97,86824722.29003906,72853463.1729126,208667905.80749512,79264635.08605957
1277,1277,1284,13321.0,62,97246515.27404784,69478421.21124268,292061520.57647705,76374350.54779053
1278,1278,1285,13713.0,81,89846350.66986084,67153144.83642578,224271211.6241455,74834362.98370361
1279,1279,1286,13195.0,67,90066357.61260986,67352708.81652832,252906293.86901852,72671584.1293335
1280,1280,1287,13797.0,60,94900903.70178224,71760321.61712646,225777625.0839233,77335001.9454956
1281,1281,1288,14199.0,57,92538821.22039796,70004729.27093506,231839094.1619873,75257063.86566162
1282,1282,1289,13495.0,69,85787172.31750488,70332234.3826294,239690002.44140625,76277958.86993408
1283,1283,1290,13711.0,57,98322156.90612791,73201073.64654541,194055119.51446533,77248420.71533203
1284,1284,1291,14154.0,58,85544439.3157959,74929428.10058594,216626564.0258789,78588369.36950684
1285,1285,1292,14195.0,56,87095472.33581543,76362065.31524658,225718798.6373901,80209420.2041626
1286,1286,1293,14173.0,54,93122276.30615234,77958919.52514648,222759439.4683838,81159633.63647461
1287,1287,1294,14763.0,61,95422877.31170654,79501791.95404053,257251490.5929565,82305910.11047363
1288,1288,1295,14721.0,54,96764795.30334473,79074667.93060303,194796246.5286255,82197056.7703247
1289,1289,1296,14615.0,49,97498617.1722412,80477924.34692383,205956592.55981445,84199924.46899414
1290,1290,1297,14785.0,50,91351280.21240234,83003425.59814453,187594470.9777832,85351505.27954102
1291,1291,1298,14700.0,49,93871021.27075195,82438945.77026367,183107471.46606445,84783554.07714844
1292,1292,1299,14035.0,52,92529903.41186523,78652868.27087402,254546260.83374023,81691537.85705566
1293,1293,1300,13859.0,72,85208608.62731934,74935708.04595947,262972197.5326538,79305562.97302246
1294,1294,1301,14038.0,54,99262195.5871582,76875810.62316895,228549730.3009033,80409643.17321777
1295,1295,1302,14235.0,50,90078281.40258788,75117835.04486084,204636943.81713867,78008274.07836914
1296,1296,1303,13659.0,67,83793657.30285645,68515705.10864258,236879884.71984863,75288827.89611816
1297,1297,1304,13646.0,63,94899262.42828368,70763818.74084473,241868515.96832275,77712821.96044922
1298,1298,1305,13873.0,58,92274089.81323242,69663887.9776001,210667346.9543457,76023886.68060303
1299,1299,1306,14150.0,74,94943800.9262085,71230901.71813965,239577310.5621338,77966094.97070312
1300,1300,1307,14513.0,65,91423960.68572998,73297471.04644775,219516613.0065918,79908981.32324219
1301,1301,1308,14411.0,67,86585541.72515869,70401891.70837402,294259012.22229004,76386140.82336426
1302,1302,1309,14276.0,60,78930671.69189453,74060918.8079834,284575298.3093262,79257498.7411499
1303,1303,1310,15630.0,63,98796295.16601562,77522323.60839844,202078220.36743164,80622324.94354248
1304,1304,1311,15269.0,65,90485409.7366333,79175633.43048096,201022386.5509033,82769959.44976807
1305,1305,1312,15186.0,69,94643383.97979736,77865730.28564453,228543945.3125,81471778.8696289
1306,1306,1313,14964.0,55,87132305.14526367,76352744.10247803,200567565.91796875,80775633.81195068
1307,1307,1314,14029.0,72,93622282.02819824,70918918.60961914,273140819.54956055,76420395.85113525
1308,1308,1315,14608.0,67,87893216.13311768,72255339.62249756,238987518.31054688,77276170.73059082
1309,1309,1316,14122.0,63,86178352.35595703,69255529.40368652,193697395.32470703,73934929.84771729
1310,1310,1317,14538.0,69,94244533.53881836,73425857.54394531,226944922.4472046,79421484.94720459
1311,1311,1318,14108.0,52,94192623.13842772,77412257.19451904,181112617.49267575,80892079.35333252
1312,1312,1319,15063.0,65,94416143.4173584,80012463.56964111,222687201.49993896,84268009.18579102
1313,1313,1320,15401.0,59,95520511.62719728,81697120.6665039,220312722.2061157,84896199.2263794
1314,1314,1321,15125.0,54,92920550.34637453,80434969.90203857,199742069.2443848,83904537.20092773
1315,1315,1322,15659.0,53,87401132.58361816,80289019.58465576,312551361.0839844,83509611.12976074
1316,1316,1323,15611.0,61,96135116.57714844,79154343.6050415,204211437.2253418,82851965.90423584
1317,1317,1324,15001.0,56,86908154.48760986,75118541.7175293,204801321.0296631,78089092.25463867
1318,1318,1325,15160.0,77,96009099.00665285,75850630.76019287,206108737.94555664,79831966.40014648
1319,1319,1326,14787.0,54,90726782.79876707,73721735.95428467,257486386.2991333,77446260.45227051
1320,1320,1327,15301.0,84,94359666.82434082,71763844.49005127,224050260.54382324,77393442.15393066
1321,1321,1328,15279.0,62,94446975.7080078,71362919.80743408,269967500.6866455,75317349.43389893
1322,1322,1329,14983.0,88,95052293.77746582,71504047.39379883,229422629.35638428,76825523.37646484
1323,1323,1330,14571.0,65,88797514.91546631,69981269.83642578,273327141.7617798,73502849.57885742
1324,1324,1331,15061.0,85,80425312.99591064,67014629.36401367,231881271.3623047,69909829.13970947
1325,1325,1332,15422.0,65,92094063.7588501,62725460.05249024,276398218.1549072,69797985.0769043
1326,1326,1333,16019.0,74,98100128.17382812,74152354.24041748,245430348.39630127,80100908.27941895
1327,1327,1334,15861.0,53,95567516.3269043,78819471.35925293,206224182.12890625,82197958.94622803
1328,1328,1335,15270.0,62,89779642.10510254,77455496.7880249,206086671.82922363,80009805.67932129
1329,1329,1336,15452.0,62,94396848.67858888,79337775.23040771,192306504.24957275,83222681.99920654
1330,1330,1337,15282.0,72,88873256.68334961,75410767.55523682,233806311.60736084,79964248.65722656
1331,1331,1338,14891.0,60,95344244.0032959,78926017.76123047,238269095.4208374,82140675.54473877
1332,1332,1339,15820.0,63,93879814.14794922,80240673.06518555,215446435.92834476,83336469.65026855
1333,1333,1340,15823.0,53,93842678.07006836,80326382.63702393,226385402.67944336,83171419.14367676
1334,1334,1341,16812.0,59,94356220.24536131,80211872.10083008,193839897.1557617,83849819.18334961
1335,1335,1342,17037.0,57,89511162.75787354,80953365.32592773,190462440.49072263,84519186.97357178
1336,1336,1343,17100.0,57,91636562.34741212,80503177.64282227,212209796.9055176,83231163.02490234
1337,1337,1344,16928.0,57,91805629.7302246,79547809.60083008,243474826.8127441,82784763.33618164
1338,1338,1345,16722.0,67,92185209.274292,80366731.64367676,227628236.77062988,82942029.95300293
1339,1339,1346,16005.0,62,90091678.61938477,80418497.08557129,233591802.5970459,83228496.55151367
1340,1340,1347,15893.0,54,78679698.9440918,78266654.96826172,263428409.576416,81693771.36230469
1341,1341,1348,17063.0,66,92848819.73266602,78834800.72021484,272533400.5355835,81474409.10339355
1342,1342,1349,16283.0,57,80154036.52191162,76947246.55151367,222926746.3684082,78298845.2911377
1343,1343,1350,15938.0,84,92757795.3338623,72494226.45568848,300801120.75805664,75833747.86376953
1344,1344,1351,15759.0,79,95451536.17858888,70144735.33630371,258400545.1202393,73537462.23449707
1345,1345,1352,15846.0,55,88735080.71899414,72925333.9767456,226800514.2211914,76080027.58026123
1346,1346,1353,15309.0,78,81602556.2286377,75099734.30633545,285850736.618042,78675725.93688965
1347,1347,1354,15589.0,53,96231014.25170898,80410839.08081055,276295749.66430664,85193931.57958984
1348,1348,1355,15167.0,51,87371997.83325195,78719596.86279297,265545040.13061523,81661193.84765625
1349,1349,1356,15433.0,52,97485080.71899414,84243930.81665039,303629180.9082031,87089557.64770508
1350,1350,1357,15300.0,51,85386943.81713867,83246326.4465332,228678989.4104004,86976242.06542969
1351,1351,1358,15300.0,51,92328643.79882812,83520412.44506836,296776485.44311523,86257839.20288086
1352,1352,1359,15239.0,53,90903808.59375,82321211.81488037,257192138.671875,85675585.74676514
1353,1353,1360,14824.0,80,82305480.95703125,70416775.70343018,262550411.22436523,73854062.0803833
1354,1354,1361,15450.0,70,70563464.16473389,73561001.77764893,261174818.03894043,78472609.5199585
1355,1355,1362,15813.0,61,81001146.31652832,75365153.3126831,328607917.78564453,80999807.35778809
1356,1356,1363,16079.0,86,93996386.52801514,77099936.48529053,254604302.40631104,80926413.53607178
1357,1357,1364,15918.0,57,90460342.40722656,84101202.0111084,298593997.00164795,92501299.85809326
1358,1358,1365,14302.0,71,90433555.60302734,85365849.49493408,256938098.9074707,87782146.45385742
1359,1359,1366,14100.0,47,80709171.29516602,86306762.6953125,260963630.67626956,90453243.25561523
1360,1360,1367,13904.0,56,83963672.63793945,84822125.43487549,299226669.31152344,88693444.25201416
1361,1361,1368,13800.0,46,87684917.44995117,85049629.21142578,274919128.41796875,89138889.31274414
1362,1362,1369,13685.0,46,83725866.31774902,87021419.52514648,313847602.8442383,90567798.61450195
1363,1363,1370,13376.0,64,92546084.4039917,87044533.72955322,288927145.00427246,89641201.01928711
1364,1364,1371,12545.0,53,76755259.51385498,81161777.49633789,225229023.93341064,85472466.46881104
1365,1365,1372,12770.0,69,85567646.02661133,80020837.78381348,233476081.84814453,84049046.51641846
1366,1366,1373,12556.0,53,60329765.31982422,77656764.98413086,198878025.05493164,81721869.46868896
1367,1367,1374,13375.0,64,59540718.07861328,78297304.15344238,218417580.6045532,84919191.36047363
1368,1368,1375,13070.0,66,75396785.73608398,75116907.11975098,256929768.5623169,80225595.47424316
1369,1369,1376,12846.0,55,77300601.95922852,77613867.75970459,235548099.51782227,79983206.7489624
1370,1370,1377,13021.0,62,62861189.84222412,77822136.87896729,230544609.06982425,80915788.6505127
1371,1371,1378,14200.0,65,63684936.5234375,80486370.08666992,268711182.5942993,83400943.75610352
1372,1372,1379,13611.0,54,83766216.27807617,80003642.08221436,253258535.38513184,84727613.44909668
1373,1373,1380,13838.0,55,67062574.38659668,81642127.99072266,252011157.98950195,85822188.37738037
1374,1374,1381,13800.0,46,43942451.47705078,81795501.70898438,174204540.25268555,85560035.7055664
1375,1375,1382,13637.0,54,36462862.01477051,81565923.6907959,180787053.10821533,87212811.47003174
1376,1376,1383,13370.0,60,29120251.655578613,77232551.57470703,166313189.50653076,80792196.27380371
1377,1377,1384,14525.0,72,32767804.14581299,77265350.34179688,193931111.3357544,81065081.59637451
1378,1378,1385,14375.0,57,29720868.11065674,76525228.50036621,142704451.56097412,78914864.5401001
1379,1379,1386,14433.0,68,43942434.310913086,80510313.03405762,230671529.76989743,86654598.23608398
1380,1380,1387,14373.0,63,40268100.73852539,78252532.00531006,170854705.81054688,80372179.98504639
1381,1381,1388,14078.0,78,29611423.49243164,75766434.66949463,134538930.89294434,78828541.75567627
1382,1382,1389,14402.0,62,48264542.57965088,82175148.0102539,250498232.8414917,89729267.12036133
1383,1383,1390,14054.0,61,39440488.81530762,73980811.11907959,215788566.58935547,79526721.9543457
1384,1384,1391,14819.0,72,71705564.49890137,83920584.6786499,291286804.19921875,93000306.12945557
1385,1385,1392,13984.0,65,52500059.12780762,75044773.10180664,191022151.94702148,82736404.41894531
1386,1386,1393,14636.0,69,45786317.82531738,80085652.3513794,226916263.58032227,92866654.39605711
1387,1387,1394,13690.0,65,54410001.75476074,79131950.37841797,207773061.7523193,84982003.2119751
1388,1388,1395,14319.0,74,52353841.78161621,76787405.01403809,216206201.55334476,80839949.60784912
1389,1389,1396,14145.0,59,48867195.12939453,68575109.48181152,178539337.15820312,72594796.1807251
1390,1390,1397,14658.0,62,46929597.85461426,68103814.12506104,169954730.98754883,71947085.3805542
1391,1391,1398,15873.0,61,77150239.94445801,85837840.08026123,313227016.4489746,92235718.72711182
1392,1392,1399,15429.0,56,63692493.4387207,77399565.69671631,243036287.3077393,83855977.05841064
1393,1393,1400,16006.0,63,80553613.66271973,76836475.37231445,280054438.5910034,84718362.80822754
1394,1394,1401,14827.0,77,76169726.37176514,71844879.15039062,278976366.99676514,77984496.11663818
1395,1395,1402,12499.0,74,76413437.84332275,65265007.972717285,244010765.0756836,72321920.39489746
1396,1396,1403,12663.0,50,65797973.6328125,63936455.726623535,275350095.74890137,75090548.51531982
1397,1397,1404,12839.0,55,100106266.97540285,71485811.23352051,265850560.18829343,75412228.58428955
1398,1398,1405,13155.0,56,80658615.11230469,67814997.67303467,282189071.65527344,75299168.58673096
1399,1399,1406,12805.0,68,88680994.03381348,68963028.90777588,259110735.8932495,74130504.6081543
1400,1400,1407,13321.0,77,63690437.31689453,60142502.78472901,271162936.2106323,68332346.91619873
1401,1401,1408,12812.0,68,66184388.16070557,58035355.56793213,235444865.2267456,66361743.92700195
1402,1402,1409,13457.0,99,47768255.23376465,53335004.80651856,224928282.73773196,60749140.73944092
1403,1403,1410,13528.0,71,83863210.67810059,56028043.74694824,247230331.42089844,59923179.62646485
1404,1404,1411,13061.0,99,70827072.14355469,61591398.23913574,269134479.5227051,71887704.84924316
1405,1405,1412,14358.0,70,105018260.00213625,72511704.44488525,362632948.8754273,81074243.54553223
1406,1406,1413,14233.0,63,78035502.43377686,70010942.45910645,314037554.74090576,84486566.5435791
1407,1407,1414,13044.0,67,58409661.293029785,58970438.00354004,176088958.74023438,62143990.5166626
1408,1408,1415,13343.0,60,49586434.36431885,54805254.93621826,255678464.8895264,68716804.50439453
1409,1409,1416,13555.0,65,68260808.94470215,60026889.80102539,205088907.2418213,65542015.0756836
1410,1410,1417,14686.0,75,115842613.22021484,84144118.309021,382130734.44366455,97753191.947937
1411,1411,1418,14182.0,63,105550038.33770752,77874223.70910645,361403965.9500122,88010613.44146729
1412,1412,1419,15659.0,73,120038843.15490724,89407320.97625732,430264138.2217407,99813116.0736084
1413,1413,1420,15363.0,70,131411911.9644165,91015720.36743164,442521339.4165039,99701510.42938232
1414,1414,1421,15620.0,66,115454857.82623293,85806914.32952881,432459383.01086426,99493169.7845459
1415,1415,1422,13971.0,79,57730944.63348389,58907645.2255249,164223115.9210205,66272271.15631104
1416,1416,1423,14116.0,73,53073143.95904541,64293835.63995361,205190886.4974976,69789110.18371582
1417,1417,1424,14590.0,79,75140000.34332275,76126177.78778076,299799808.50219727,87372848.51074219
1418,1418,1425,16285.0,70,120503907.20367432,92092638.9694214,324808521.27075195,100785761.83319092
1419,1419,1426,15979.0,79,129075702.66723631,91795950.8895874,355322580.3375244,101599213.60015868
1420,1420,1427,16403.0,80,89843424.7970581,84063008.30841064,342724201.2023926,97558012.96234132
1421,1421,1428,16139.0,60,90348258.01849364,80253561.01989746,395562182.42645264,88226905.8227539
1422,1422,1429,17093.0,67,130686631.20269775,82782333.37402344,410696376.8005371,99510667.80090332
1423,1423,1430,16182.0,72,115225368.49975586,76782211.30371094,381625541.6870117,88384297.37091064
1424,1424,1431,15248.0,71,68647682.1899414,63291803.35998535,253378688.81225583,79822868.34716797
1425,1425,1432,16517.0,111,62852749.824523926,69464875.22125244,308936254.5013428,81525108.33740234
1426,1426,1433,16016.0,90,76395660.40039062,69047757.14874268,334775218.96362305,85864894.86694336
1427,1427,1434,17555.0,91,116497744.5602417,76626792.90771484,508307896.6140747,90703651.42822266
1428,1428,1435,17327.0,82,115657025.33721924,75346944.80895996,460245624.5422363,90572278.02276611
1429,1429,1436,17352.0,91,94338995.93353271,74391845.703125,457993512.1536255,91466428.75671388
1430,1430,1437,18481.0,99,114886166.5725708,80275418.28155518,420587553.9779663,98697831.15386964
1431,1431,1438,17418.0,110,103497252.46429443,75538644.79064941,422543483.73413086,95113581.65740968
1432,1432,1439,17063.0,88,112873127.9373169,82161915.77911377,385911616.3253784,95145628.92913818
1433,1433,1440,15723.0,74,71487917.90008545,74006486.8927002,268034093.85681152,90610008.2397461
1434,1434,1441,16600.0,91,106054547.30987547,82977404.59442139,348421157.83691406,98759107.58972168
1435,1435,1442,16371.0,64,93825455.66558838,70447113.99078369,350421432.4951172,86036303.52020264
1436,1436,1443,15832.0,74,68955816.2689209,68204175.94909668,280632866.85943604,84165068.62640381
1437,1437,1444,16447.0,84,80703950.88195801,66590429.30603027,332868981.3613892,80757818.2220459
1438,1438,1445,14958.0,76,56780158.04290772,55285138.13018799,194278956.41326904,59502687.45422363
1439,1439,1446,16490.0,76,44314241.40930176,58335650.44403076,243094872.4746704,70365256.30950928
1440,1440,1447,16642.0,69,70853329.6585083,67489039.42108154,291528297.4243164,80576405.52520752
1441,1441,1448,18422.0,88,53376167.29736328,71042709.35058594,283456060.4095459,79968270.30181885
1442,1442,1449,17354.0,96,63298853.87420654,74047506.33239746,253888497.3526001,83250691.4138794
1443,1443,1450,17786.0,67,74907657.62329102,77547757.14874268,252711547.8515625,84125197.4105835
1444,1444,1451,16926.0,72,35063099.86114502,64336427.68859863,201394021.98791504,68437480.92651367
1445,1445,1452,17402.0,77,51265106.20117188,71300284.38568115,225903508.18634036,77349143.9819336
1446,1446,1453,17296.0,67,54507133.48388672,71796428.68041992,246876665.11535645,78437866.2109375
1447,1447,1454,17703.0,82,52433369.636535645,72028491.97387695,235609938.621521,82716738.7008667
1448,1448,1455,18258.0,76,91274015.42663574,78634326.93481445,325615328.7887573,88920319.55718994
1449,1449,1456,18013.0,86,75175260.54382324,69797780.99060059,260324723.24371335,76602095.60394287
1450,1450,1457,18332.0,84,84924818.03894043,74720179.5578003,269113430.9768677,80685482.9788208
1451,1451,1458,17938.0,73,47560093.87969971,72206534.38568115,225616742.13409424,83075578.6895752
1452,1452,1459,18900.0,85,79095567.70324707,89893546.10443115,300938711.16638184,99771549.22485352
1453,1453,1460,18397.0,77,70516266.82281494,83201998.71063232,274942011.8331909,92033211.70806883
1454,1454,1461,18144.0,120,72619833.94622803,78163999.55749512,272977007.86590576,85720511.4364624
1455,1455,1462,18088.0,91,90411203.3843994,83386600.49438477,260248972.89276123,87406333.92333984
1456,1456,1463,18222.0,73,97473011.97052002,86340894.69909668,343722393.0358887,91981911.65924072
1457,1457,1464,18400.0,67,65967720.03173828,78577938.07983398,328877983.0932617,95137271.88110352
1458,1458,1465,18291.0,100,88709938.0493164,83242979.04968262,307112975.12054443,90993961.33422852
1459,1459,1466,18941.0,88,67942580.2230835,79866888.99993896,301616116.5237427,91759691.23840332
1460,1460,1467,18300.0,85,80995460.5102539,87751368.52264404,308105121.6125488,97205590.24810793
1461,1461,1468,17941.0,85,58933593.75,73939328.19366455,282625735.28289795,82135604.85839844
1462,1462,1469,17915.0,96,94431794.16656494,81666375.16021729,426953619.0032959,93582248.68774414
1463,1463,1470,18473.0,82,103552673.33984376,83338780.4031372,325540061.9506836,90883019.44732666
1464,1464,1471,17717.0,76,92810239.79187012,86857536.31591797,443381865.5014038,96741118.43109132
1465,1465,1472,17357.0,60,54923366.54663086,77202722.54943848,319052289.9627685,93964344.0246582
1466,1466,1473,18478.0,84,66607657.43255615,77603992.4621582,254990429.8782349,82570303.91693115
1467,1467,1474,16433.0,93,52440814.01824951,69499915.12298584,255420032.5012207,75171679.49676514
1468,1468,1475,17464.0,90,73772944.45037842,77183943.74847412,255671005.24902344,83270485.87799072
1469,1469,1476,17621.0,71,57236845.01647949,71050698.28033447,287596924.7817993,90115472.7935791
1470,1470,1477,19171.0,103,80636330.60455322,79465430.25970459,274693068.5043335,87200999.25994873
1471,1471,1478,19031.0,95,61692892.07458496,71169706.34460449,286393213.2720947,83761340.14129639
1472,1472,1479,18925.0,77,66817576.40838623,69276663.7802124,284189294.8150635,81310367.58422852
1473,1473,1480,18279.0,98,59594141.00646973,67007126.8081665,247889612.197876,74288137.43591309
1474,1474,1481,19516.0,102,101774166.10717772,76856399.53613281,338081724.1668701,88558623.31390381
1475,1475,1482,17946.0,67,58756675.72021485,62654992.10357666,266905424.118042,72073615.07415771
1476,1476,1483,17154.0,93,31376987.45727539,52125343.32275391,139738637.92419434,54637293.81561279
1477,1477,1484,17864.0,86,48635373.11553955,58154013.63372803,193834264.75524905,63586853.02734375
1478,1478,1485,18077.0,74,48595411.30065918,55625458.71734619,226339147.56774905,63964203.83453369
1479,1479,1486,18696.0,89,61584381.103515625,55657877.922058105,197827918.0526733,62132670.402526855
1480,1480,1487,17951.0,74,79994056.70166016,61905912.39929199,267621540.06958008,65522259.71221924
1481,1481,1488,18517.0,84,67194867.13409424,59034091.94946289,230904094.6960449,66006037.71209717
1482,1482,1489,18511.0,77,74323643.6843872,61620100.97503662,244131874.08447263,67689884.18579102
1483,1483,1490,18434.0,87,95242431.640625,71889385.22338867,303322650.9094238,79199252.12860107
1484,1484,1491,17600.0,76,91482578.27758788,67865068.43566895,268935863.49487305,76514612.19787598
1485,1485,1492,18511.0,86,76382778.16772461,64263713.83666992,339840765.953064,77407766.34216309
1486,1486,1493,19003.0,84,80635279.65545654,71289744.37713623,314926943.7789917,78504799.84283447
1487,1487,1494,18071.0,79,88186808.5861206,71770990.3717041,318132612.22839355,80011157.98950195
1488,1488,1495,17895.0,85,73595251.08337402,66442054.74853516,288419140.81573486,78082631.11114502
1489,1489,1496,18183.0,92,94834104.53796388,72580689.43023682,394033746.7193604,85271409.98840332
1490,1490,1497,17947.0,85,95744066.23840332,77459958.07647705,376741050.7202149,91790297.50823976
1491,1491,1498,19019.0,90,82771209.71679688,73990176.2008667,342510375.0228882,88397466.6595459
1492,1492,1499,18201.0,89,89060870.17059326,72501919.74639893,394412351.6082764,83013945.57952881
1493,1493,1500,18055.0,86,89156382.56072998,71397885.3225708,362294933.3190918,82486909.86633301
1494,1494,1501,19217.0,107,91235636.7111206,71508274.07836914,372285519.59991455,86732319.83184814
1495,1495,1502,19146.0,96,115492425.9185791,75568352.69927979,328473990.44036865,83403294.56329346
1496,1496,1503,19072.0,87,77237599.37286377,65600308.418273926,340542053.22265625,80294418.33496094
1497,1497,1504,18970.0,85,84867414.4744873,67526430.13000488,273287327.76641846,79992330.55114746
1498,1498,1505,18582.0,82,82501957.89337158,67775428.77197266,275251259.803772,75291196.82312012
1499,1499,1506,19282.0,93,83716306.68640137,65148505.21087647,341223637.5808716,75021898.26965332
1500,1500,1507,19321.0,80,107599761.96289062,68389030.45654297,370425559.9975586,76299191.47491455
1501,1501,1508,18817.0,68,76156770.70617676,63548772.81188965,254777683.25805664,72377458.5723877
1502,1502,1509,19417.0,82,96965249.06158447,69391123.77166748,325187556.26678467,83676271.43859863
1503,1503,1510,18079.0,85,76013708.11462402,60519348.14453125,266020453.453064,68522955.89447021
1504,1504,1511,18615.0,97,68852272.98736572,62308628.08227539,250688695.9075928,70928437.23297119
1505,1505,1512,18675.0,75,84043076.51519775,65294466.01867676,242488363.2659912,71941187.85858154
1506,1506,1513,18252.0,82,74158364.29595947,63905550.95672608,280634283.0657959,76962723.73199463
1507,1507,1514,18905.0,77,102478375.43487547,73286633.49151611,303207020.7595825,85321042.06085205
1508,1508,1515,18171.0,81,64728059.76867676,61024998.66485596,234908342.3614502,69794554.71038818
1509,1509,1516,18194.0,84,68553226.47094727,64661067.00897217,251605795.86029053,74569326.40075684
1510,1510,1517,17879.0,109,67654463.76800537,75445593.83392334,237669002.53295895,82608589.17236328
1511,1511,1518,17163.0,96,50900394.43969727,58275452.61383057,216596573.82965088,72950308.79974365
1512,1512,1519,17263.0,70,71916966.43829346,66575470.92437744,727060292.2439575,76962302.20794678
1513,1513,1520,17169.0,84,56734162.33062744,66480027.198791504,316398811.34033203,82424944.87762451
1514,1514,1521,19705.0,91,111671892.1661377,84942440.03295898,474398322.1054077,102876909.25598145
1515,1515,1522,18657.0,74,96367128.37219238,82563238.1439209,399765906.33392334,99382318.4967041
1516,1516,1523,18325.0,83,100084403.99169922,81361995.69702148,363474038.1240845,97152954.1015625
1517,1517,1524,17448.0,83,103624517.4407959,81658782.95898438,342131200.7904053,94839502.33459473
1518,1518,1525,17610.0,94,83229852.6763916,68091787.33825684,309989070.892334,85444272.99499512
1519,1519,1526,17623.0,98,86230626.1062622,66658283.23364258,260981507.30133057,76587831.49719238
1520,1520,1527,17886.0,78,92544745.44525146,65195338.24920654,301807093.6203003,72010289.1921997
1521,1521,1528,17532.0,87,70395520.21026611,59995432.85369873,254406438.82751465,70042255.40161133
1522,1522,1529,18175.0,82,84725343.70422363,67197483.06274414,262068921.0891724,76573972.70202637
1523,1523,1530,17787.0,82,84250840.18707275,67155878.0670166,319793199.5391846,78234301.56707764
1524,1524,1531,16473.0,93,86135480.8807373,65999907.49359131,274918281.5551758,73459338.18817139
1525,1525,1532,15584.0,93,77751404.76226807,71278659.82055664,310182623.8632202,79370332.71789551
1526,1526,1533,15642.0,61,69213956.83288574,72606134.41467285,292279951.09558105,78683798.78997803
1527,1527,1534,15545.0,74,72926943.7789917,72762296.67663574,271675404.548645,77570809.36431885
1528,1528,1535,16056.0,92,78517290.11535645,74245069.50378418,290165647.50671387,78602066.99371338
1529,1529,1536,16642.0,84,85481162.07122803,72921975.13580322,287937828.06396484,79157998.08502197
1530,1530,1537,15617.0,73,83482840.5380249,71619910.24017334,265927599.9069214,77563685.4171753
1531,1531,1538,15620.0,72,84975144.3862915,71514885.90240479,231512307.1670532,76411515.23590088
1532,1532,1539,15566.0,78,89806167.60253906,71629713.05847168,348126864.4332886,79664310.45532227
1533,1533,1540,14607.0,80,65110961.9140625,73472633.3618164,238589614.8681641,82010799.40795898
1534,1534,1541,15783.0,62,77467464.44702148,77172654.1519165,313965117.4545288,82051516.53289795
1535,1535,1542,18588.0,91,83186045.64666748,77503993.0343628,294841222.7630615,82389820.09887695
1536,1536,1543,16341.0,90,83633066.17736816,77341723.44207764,285677413.9404297,82729255.67626953
1537,1537,1544,14709.0,77,94221023.55957033,75904310.22644043,246949357.9864502,80265796.66137695
1538,1538,1545,13933.0,57,93503705.97839355,69567182.54089355,274513165.473938,75580313.68255615
1539,1539,1546,15225.0,87,90354797.36328124,71894518.85223389,309488150.59661865,81140085.22033691
1540,1540,1547,14109.0,67,79898490.90576172,69494673.72894287,248365323.06671143,74927828.78875732
1541,1541,1548,14241.0,62,83448761.94000244,69904109.00115967,268805473.3276367,77908593.17779541
1542,1542,1549,14604.0,60,77212426.18560791,70072534.56115723,249953963.2797241,76450286.86523438
1543,1543,1550,15173.0,73,89208318.71032715,69053959.84649658,282162536.6210937,76607926.36871338
1544,1544,1551,15061.0,76,85432297.706604,65982036.59057617,280717950.82092285,74205582.61871338
1545,1545,1552,15823.0,85,72117920.87554932,68615633.01086426,243907999.9923706,74727905.2734375
1546,1546,1553,15766.0,75,85637224.1973877,71596126.55639648,301331442.8329468,77944760.3225708
1547,1547,1554,15156.0,98,90455364.22729492,71326200.48522949,323748018.2647705,78242229.46166992
1548,1548,1555,14976.0,71,89494027.13775635,72896788.59710693,274407585.14404297,78355944.63348389
1549,1549,1556,14560.0,67,75173274.99389648,71311785.69793701,281548538.2080078,77269530.29632568
1550,1550,1557,14989.0,72,90928902.6260376,69334046.36383057,309404945.3735352,77378237.7243042
1551,1551,1558,14838.0,65,93414884.56726074,68673597.33581543,305360174.17907715,75110181.80847168
1552,1552,1559,14702.0,65,86569397.92633057,69494102.47802734,226012454.98657227,77543287.27722168
1553,1553,1560,15065.0,65,90395375.25177002,73621524.81079102,259547900.1998901,80107561.1114502
1554,1554,1561,15181.0,73,89786131.85882568,77158946.9909668,221936570.1675415,82938373.56567383
1555,1555,1562,14722.0,54,87351278.30505371,78705487.25128174,293868347.16796875,83756518.36395264
1556,1556,1563,15009.0,60,76491418.83850098,74722212.79144287,281911808.013916,81154418.9453125
1557,1557,1564,14918.0,64,80814887.04681396,74415528.29742432,280648148.5366821,81203631.40106201
1558,1558,1565,14967.0,61,92693285.94207764,74227271.08001709,287624189.37683105,82294637.68005371
1559,1559,1566,14875.0,76,84576870.91827393,69627927.78015137,313231627.46429443,77545977.59246826
1560,1560,1567,14355.0,68,88135977.74505615,69608222.96142578,291064963.3407593,78222541.80908203
1561,1561,1568,15592.0,76,91267872.81036375,71181760.78796387,259974143.02825928,79988999.36676025
1562,1562,1569,15571.0,73,91794150.35247804,72629571.91467285,232016868.5913086,78220118.52264404
1563,1563,1570,15620.0,82,89413585.6628418,71479587.55493164,265144865.98968503,80896114.34936523
1564,1564,1571,15628.0,68,94214063.64440918,73815130.23376465,258129272.4609375,80273044.58618164
1565,1565,1572,14748.0,58,83490682.60192871,70968303.68041992,221475886.34490967,77763736.72485352
1566,1566,1573,15014.0,72,86291650.77209473,73463999.74822998,261083650.5889893,79071985.24475098
1567,1567,1574,14783.0,51,76116070.74737549,74730526.9241333,220268590.927124,79378449.44000244
1568,1568,1575,14743.0,73,68142683.0291748,71493950.84381104,248276148.79608157,75574643.1350708
1569,1569,1576,15148.0,54,94545404.4342041,77068933.48693848,296015685.08148193,82409546.85211182
1570,1570,1577,15185.0,72,82163738.25073242,71918029.78515625,277930389.4042969,77906997.68066406
1571,1571,1578,15182.0,61,89610001.56402588,75102286.33880615,313871614.4561768,81870265.96069336
1572,1572,1579,15171.0,67,79666240.69213867,73424548.14910889,269308525.0854492,79421003.3416748
1573,1573,1580,14928.0,61,88221761.70349121,70538621.90246582,299662822.7233887,76833175.65917969
1574,1574,1581,15230.0,68,89032782.55462646,68954786.30065918,312250034.3322754,76426943.7789917
1575,1575,1582,15167.0,62,81137513.16070557,68971113.20495605,279334707.26013184,75564041.13769531
1576,1576,1583,15379.0,70,94007265.09094238,73181405.06744385,1795715079.3075562,81406605.72052002
1577,1577,1584,14745.0,63,92198717.11730956,70317897.79663086,299183630.94329834,76917508.12530518
1578,1578,1585,14518.0,66,87013919.83032227,69399561.88201904,223912220.0012207,74807049.75128174
1579,1579,1586,15517.0,71,93588211.05957033,72710245.13244629,324021014.213562,80813554.76379395
1580,1580,1587,14591.0,57,93932304.38232422,71159923.5534668,250180507.6599121,77422844.88677979
1581,1581,1588,14936.0,70,86152782.44018555,69493577.003479,247930262.5656128,77903090.47698975
1582,1582,1589,14344.0,71,82165099.14398193,68904671.66900635,268833390.2359009,76829061.50817871
1583,1583,1590,14729.0,68,90885694.50378418,70536599.15924072,213315939.90325928,77529181.48040771
1584,1584,1591,14922.0,65,90264545.44067384,66911686.89727783,270001916.885376,74631719.5892334
1585,1585,1592,15191.0,68,82609962.4633789,67234313.01116943,283414509.7732544,76069884.30023193
1586,1586,1593,14618.0,72,75970064.16320801,66704971.31347656,237459593.77288815,73615870.47576904
1587,1587,1594,15373.0,65,86889739.99023438,70503068.9239502,264340990.06652832,78615432.73925781
1588,1588,1595,15199.0,74,89477865.21911621,69344601.63116455,257731722.83172607,74970469.47479248
1589,1589,1596,15042.0,81,81121451.37786865,64371527.671813965,227633069.0383911,72678480.14831543
1590,1590,1597,15182.0,68,94864953.99475098,65823328.97186279,311248961.44866943,74926695.82366943
1591,1591,1598,14543.0,65,80687368.39294434,62440775.871276855,243307336.80725095,69441706.65740967
1592,1592,1599,14795.0,77,86036567.68798828,67066100.12054443,289060467.72003174,74485836.98272705
1593,1593,1600,15226.0,75,97474173.5458374,70388948.44055176,308086857.79571533,76988918.30444336
1594,1594,1601,14617.0,60,88584363.93737793,68301273.34594727,287023136.138916,73629441.2612915
1595,1595,1602,14892.0,75,92054060.93597412,71340242.38586426,281703928.94744873,78160805.70220947
1596,1596,1603,14690.0,64,95548927.3071289,73365625.38146973,260046096.8017578,77743964.19525146
1597,1597,1604,14766.0,69,96269486.42730711,68982026.10015869,275105247.4975586,74751610.75592041
1598,1598,1605,14763.0,66,88765372.27630615,68846869.46868896,268469645.5001831,75148884.7732544
1599,1599,1606,14891.0,80,93490228.6529541,68412640.57159424,263567339.89715576,75304672.24121094
1600,1600,1607,15744.0,75,92937628.74603271,68942839.62249756,302183254.24194336,76814014.43481445
1601,1601,1608,15281.0,61,91989044.18945312,71886664.39056396,238791824.3408203,76870394.70672607
1602,1602,1609,15437.0,66,93310814.85748293,73432559.0133667,289198759.0789795,80086469.65026855
1603,1603,1610,14621.0,68,89629110.33630371,71473780.63201904,243046961.7843628,78824595.45135498
1604,1604,1611,14522.0,59,84829238.89160156,69796638.48876953,272332689.2852783,76609756.46972656
1605,1605,1612,14671.0,55,88167465.20996094,70756327.62908936,276133124.35150146,76128278.7322998
1606,1606,1613,15087.0,78,97032472.61047363,70792881.9656372,261778322.21984863,76263976.09710693
1607,1607,1614,14690.0,60,88669274.33013916,71970291.13769531,244675964.35546875,77819134.71221924
1608,1608,1615,15116.0,80,83404742.24090576,71162589.07318115,268389947.89123532,77329793.93005371
1609,1609,1616,14771.0,56,80787988.66271973,73587807.65533447,212050422.66845703,78863801.00250244
1610,1610,1617,15184.0,68,90895620.34606934,76088481.90307617,302666722.29766846,79681314.46838379
1611,1611,1618,16091.0,58,87544190.40679932,76005813.59863281,295556536.6744995,80968236.92321777
1612,1612,1619,15955.0,56,87024353.02734375,74587556.83898926,341459533.69140625,79104328.15551758
1613,1613,1620,16029.0,67,95665987.96844482,78303943.6340332,283396096.2295532,82842296.6003418
1614,1614,1621,15188.0,53,96919593.81103516,78840555.19104004,270078338.6230469,82014348.98376465
1615,1615,1622,15605.0,57,90840498.92425536,81387041.09191895,237898961.0671997,85283613.20495605
1616,1616,1623,15103.0,58,90966167.44995116,75484669.68536377,352966346.74072266,79447641.37268066
1617,1617,1624,15528.0,91,81921702.38494873,68624860.7635498,325329798.6984253,73790378.57055664
1618,1618,1625,15151.0,59,86963433.26568604,69137305.25970459,261787452.6977539,73962312.69836426
1619,1619,1626,14871.0,76,84053977.01263428,66060961.72332764,264308742.52319336,69304789.54315186
1620,1620,1627,14982.0,66,71344119.07196045,65212674.140930176,263363362.3123169,73151226.04370117
1621,1621,1628,15378.0,66,90948392.868042,65103266.71600342,275645565.032959,69923892.97485352
1622,1622,1629,15754.0,76,79993661.88049316,64386942.86346436,264142600.05950928,71349600.79193115
1623,1623,1630,16007.0,65,89904473.30474854,69133735.65673828,287706178.66516113,74915172.5769043
1624,1624,1631,17000.0,79,83327033.04290771,64978704.45251465,287898485.1837158,71165651.32141113
1625,1625,1632,17029.0,77,72054048.53820801,61567863.46435547,267569458.9614868,66019104.00390625
1626,1626,1633,17155.0,106,57185462.95166016,62302949.90539551,239025778.7704468,67663498.878479
1627,1627,1634,16790.0,76,47079469.68078613,62276075.36315918,234909090.04211423,67354768.75305176
1628,1628,1635,17366.0,64,86101293.56384277,71102854.72869873,297800498.96240234,81249588.96636963
1629,1629,1636,17466.0,73,92730493.54553224,77619539.26086426,237205840.1107788,83012464.52331543
1630,1630,1637,16863.0,77,90603852.27203368,73787725.4486084,243324015.6173706,77778776.16882324
1631,1631,1638,16626.0,64,83424424.17144775,70865854.26330566,207822213.1729126,75348255.1574707
1632,1632,1639,18383.0,83,77932473.18267822,71921509.74273682,273078867.9122925,76254535.67504883
1633,1633,1640,16757.0,79,83712378.50189209,69708910.94207764,204977477.07366943,73426930.42755127
1634,1634,1641,16051.0,83,84725524.90234375,73687077.52227783,190426280.9753418,78469578.74298096
1635,1635,1642,15888.0,68,85103684.425354,77721467.97180176,236508390.4266357,81342026.71051025
1636,1636,1643,15691.0,68,83787621.49810791,76926868.4387207,295439742.0883179,81850868.22509766
1637,1637,1644,15123.0,62,91825340.2709961,77433507.91931152,282798163.41400146,82381271.36230469
1638,1638,1645,15852.0,58,89532489.77661133,78564561.84387207,250175886.1541748,82859671.5927124
1639,1639,1646,16407.0,67,88658668.5180664,77865786.5524292,319937744.140625,82560241.69921875
1640,1640,1647,15998.0,72,73106437.68310547,75423267.36450195,228921959.87701416,79632810.59265137
1641,1641,1648,15750.0,55,91048596.38214111,73418004.98962402,298256822.5860596,77028423.30932617
1642,1642,1649,16307.0,61,92032006.26373293,76010187.14904785,276561941.1468506,80371067.04711914
1643,1643,1650,16113.0,72,92877290.725708,75654541.015625,256772987.36572263,80184160.23254395
1644,1644,1651,15369.0,65,73507293.70117188,69415857.31506348,366238373.7564087,73557272.91107178
1645,1645,1652,17297.0,98,81753899.57427979,69143409.7290039,324203069.68688965,75421946.52557373
1646,1646,1653,17437.0,89,53987297.05810547,68802977.56195068,204350168.2281494,74350791.93115234
1647,1647,1654,18063.0,90,64526069.64111328,67152041.4352417,246465559.9594116,70838213.92059326
1648,1648,1655,16066.0,94,85596245.76568604,64595968.24645996,250498008.7280273,69054641.72363281
1649,1649,1656,16421.0,80,94848163.60473631,75835433.00628662,301997426.03302,81615536.6897583
1650,1650,1657,16888.0,70,80920114.51721191,75634808.54034424,247852517.12799072,81307388.30566406
1651,1651,1658,16975.0,65,80375833.51135254,77263591.76635742,284476121.9024658,80760640.14434814
1652,1652,1659,16266.0,57,72685132.98034668,73088644.02770996,322576595.3063965,75573719.0246582
1653,1653,1660,16407.0,86,88246020.31707764,73091704.36859131,298866166.1148071,76372462.27264404
1654,1654,1661,15720.0,80,57130764.96124268,66818210.60180664,193212191.58172607,69815263.74816895
1655,1655,1662,15485.0,55,25937866.2109375,64868160.247802734,139138656.61621094,67993814.46838379
1656,1656,1663,17144.0,99,42427643.77593994,65919461.250305176,168823010.4446411,70599534.034729
1657,1657,1664,17088.0,73,46475195.88470459,65335849.76196289,192228870.3918457,70039022.44567871
1658,1658,1665,18539.0,87,41069879.53186035,73519687.65258789,211691605.56793213,80919049.26300049
1659,1659,1666,17760.0,73,33820131.30187988,65293933.8684082,135959465.9805298,70319562.9119873
1660,1660,1667,19018.0,75,68726372.71881104,67577923.77471924,217862339.0197754,73411406.51702881
1661,1661,1668,18660.0,70,63767776.48925781,66886448.86016846,201096485.13793945,73539312.3626709
1662,1662,1669,18741.0,65,93872044.56329346,79399311.06567383,254649399.75738525,84703746.7956543
1663,1663,1670,18140.0,66,68377063.7512207,71590440.75012207,225490093.2312012,80753561.01989746
1664,1664,1671,18669.0,75,85976642.60864258,75904315.94848633,216640192.98553467,80825014.11437988
1665,1665,1672,19197.0,84,44959813.11798096,65065248.48937988,181199867.2485352,73948091.50695801
1666,1666,1673,18617.0,65,74914905.5480957,71155420.30334473,252133144.3786621,75477579.11682129
1667,1667,1674,19812.0,81,46612299.91912842,61690937.995910645,236543350.21972656,71058179.85534668
1668,1668,1675,19617.0,69,66862663.26904297,68935256.95800781,261300149.9176025,83839885.71166992
1669,1669,1676,19401.0,70,111800139.42718506,81829122.54333496,340839893.34106445,88746181.48803711
1670,1670,1677,18765.0,71,80232751.84631348,66651563.64440918,289585679.05426025,77373610.496521
1671,1671,1678,19458.0,89,78524144.17266846,70838586.80725098,293383271.2173462,84850115.77606201
1672,1672,1679,19064.0,68,120152504.92095947,83669948.57788086,323580207.82470703,89618408.203125
1673,1673,1680,18545.0,79,63062981.605529785,60132798.19488525,204907945.63293457,68119771.00372314
1674,1674,1681,19191.0,79,56413190.841674805,59494565.96374512,252745912.55187988,72015518.18847656
1675,1675,1682,19419.0,67,110681190.49072266,76964046.47827148,359321365.3564453,83930603.02734375
1676,1676,1683,19172.0,66,88042623.51989746,68417029.38079834,283421805.3817749,79516338.34838867
1677,1677,1684,19086.0,66,54697681.42700195,61918010.71166992,244094272.6135254,71834968.56689453
1678,1678,1685,18948.0,74,58344492.91229248,59577497.482299805,214307565.6890869,71359198.57025146
1679,1679,1686,16963.0,116,87759409.90447998,63120781.898498535,300780280.1132202,72744103.43170166
1680,1680,1687,17189.0,74,123358689.3081665,72118608.47473145,429026833.5342407,84432252.88391113
1681,1681,1688,20079.0,92,138616939.54467773,93182606.69708252,480785532.951355,114149182.31964111
1682,1682,1689,20293.0,108,127972979.54559326,95176154.13665771,614513466.835022,127202765.46478271
1683,1683,1690,19623.0,75,142132240.29541016,105427526.47399902,565098054.8858643,126118051.52893066
1684,1684,1691,19333.0,81,130719637.87078856,92322063.44604492,499350350.3799439,121143628.12042236
1685,1685,1692,19143.0,90,145720143.31817627,99687106.13250732,573239616.394043,122225855.82733154
1686,1686,1693,18996.0,71,133312445.64056396,95556900.02441406,617484459.8770142,118666963.57727052
1687,1687,1694,18845.0,98,135884405.1361084,86563931.46514893,528024316.7877197,111426100.730896
1688,1688,1695,19203.0,76,134962706.56585693,96924091.33911131,452074101.4480591,113835792.5415039
1689,1689,1696,19373.0,89,113397071.8383789,86720807.07550049,459200579.6432495,112502996.44470216
1690,1690,1697,20049.0,73,138198852.5390625,101871344.5663452,588630347.2518921,119975118.63708496
1691,1691,1698,19552.0,82,127991560.93597412,101537236.21368408,505260990.1428223,117860167.50335692
1692,1692,1699,18933.0,73,131884671.21124268,94766673.08807372,567664275.1693726,113791728.97338869
1693,1693,1700,18283.0,96,120091684.34143066,86714865.68450928,405252283.0963135,105453927.9937744
1694,1694,1701,19297.0,83,138037763.59558105,97899894.71435548,423770779.6096802,112391663.55133057
1695,1695,1702,19050.0,78,121028677.94036864,93293555.2597046,447512388.2293701,112175934.79156494
1696,1696,1703,18527.0,77,125679480.55267334,106684108.73413086,567590641.9754028,119180346.48895264
1697,1697,1704,18329.0,81,132410080.909729,113391223.9074707,503211417.1981812,120275090.21759032
1698,1698,1705,17578.0,72,135867562.29400635,99842926.02539062,394101366.99676514,115004669.18945312
1699,1699,1706,17561.0,78,126499632.83538818,93114586.83013916,391030873.298645,108401278.49578856
1700,1700,1707,16925.0,70,112556009.29260254,89315916.06140137,312123310.0891113,99732475.28076172
1701,1701,1708,17340.0,70,89196081.16149902,85141230.58319092,381892765.045166,114021435.73760986
1702,1702,1709,17138.0,70,121803889.27459715,101517081.26068117,371971910.4766846,109542556.76269533
1703,1703,1710,17659.0,63,120117156.98242188,99499173.16436768,358798066.1392212,113385819.43511964
1704,1704,1711,18207.0,72,117286780.35736084,97447922.706604,437709208.4884644,117321948.05145264
1705,1705,1712,17869.0,64,100324975.01373293,92689365.38696288,369849002.8381348,106326512.33673096
1706,1706,1713,18079.0,75,118026447.29614258,99061149.59716795,499717325.2105713,117938826.56097412
1707,1707,1714,17855.0,78,123962820.0531006,96489129.06646729,405774619.102478,107246805.19104004
1708,1708,1715,18428.0,83,106206294.05975342,87847774.50561523,431333058.3572388,98125543.59436037
1709,1709,1716,18734.0,90,109781411.17095947,88055438.99536133,415693817.1386719,103743050.57525636
1710,1710,1717,19166.0,89,108546440.12451172,87030668.25866699,484134145.7366944,111897708.89282228
1711,1711,1718,18022.0,95,121309814.453125,91978661.5371704,419082287.7883911,108445008.27789308
1712,1712,1719,17599.0,78,123182550.43029784,92789662.36114502,424106178.2836914,106310786.24725342
1713,1713,1720,17221.0,77,101723705.29174805,80340506.5536499,380310337.0666504,96379707.33642578
1714,1714,1721,18019.0,77,118367660.52246094,86427105.90362549,394852050.78125,103110264.7781372
1715,1715,1722,17171.0,66,118580246.925354,83960583.68682861,358784455.29937744,97986750.60272215
1716,1716,1723,17759.0,106,108249090.19470216,80973714.82849121,431241583.8241577,101711833.0001831
1717,1717,1724,17993.0,70,112201373.10028076,100894970.89385986,424541021.3470459,113093750.0
1718,1718,1725,18005.0,77,102762420.65429688,88231118.20220947,357086256.0272217,105437790.8706665
1719,1719,1726,18456.0,91,111067731.8572998,82677171.70715332,399312751.77001953,96310969.35272215
1720,1720,1727,18742.0,89,130572458.26721191,92057853.69873048,388014900.20751953,103589724.54071043
1721,1721,1728,18118.0,65,129588007.92694092,84298746.10900879,383030439.3768311,95919526.10015868
1722,1722,1729,18873.0,83,116253243.4463501,79623338.69934082,473278473.85406494,97243068.69506836
1723,1723,1730,17366.0,82,92055066.1087036,66268618.5836792,345388643.2647705,80101979.25567627
1724,1724,1731,18518.0,77,79270518.30291748,70111845.01647949,291966304.77905273,79143443.10760498
1725,1725,1732,18787.0,97,85524256.7062378,71770435.33325195,246499464.03503415,83673534.39331055
1726,1726,1733,18261.0,76,84626167.29736328,73703338.62304688,279256429.6722412,86450229.64477539
1727,1727,1734,18828.0,87,77579837.79907227,79053009.03320312,338212374.6871948,94482892.036438
1728,1728,1735,19205.0,82,97237312.31689452,86270662.30773926,394853193.28308105,98378674.50714111
1729,1729,1736,18339.0,99,88421092.03338623,79066602.70690918,341978761.67297363,92750502.58636476
1730,1730,1737,18393.0,75,98446751.59454346,89253204.34570312,388767479.8965454,97981073.3795166
1731,1731,1738,18278.0,66,100028653.14483644,90051566.1239624,327693224.9069214,98140898.7045288
1732,1732,1739,18402.0,74,113121319.770813,91381669.99816896,372901961.3265991,103843935.01281738
1733,1733,1740,18178.0,72,83123643.87512207,80757742.8817749,405763299.9420166,98828181.26678468
1734,1734,1741,18435.0,91,70248443.60351562,83216489.79187012,404900690.07873535,95132209.77783205
1735,1735,1742,19062.0,94,94613646.50726318,89618261.33728027,539414397.239685,103240208.62579346
1736,1736,1743,18308.0,79,136380332.94677734,88726865.76843262,453370061.8743897,98038835.5255127
1737,1737,1744,18482.0,85,117376823.42529295,76822795.86791992,513769498.8250733,101856492.99621582
1738,1738,1745,19800.0,82,131106950.7598877,94133625.03051758,452777177.81066895,111842394.8287964
1739,1739,1746,19062.0,76,95895650.86364746,87866673.46954346,491200388.90838623,118519357.6812744
1740,1740,1747,19858.0,70,116550832.74841309,98214031.21948242,489622364.0441895,115992633.81958008
1741,1741,1748,18197.0,102,80264849.66278076,76694386.48223877,350062428.47442627,93745819.09179688
1742,1742,1749,18555.0,66,84461719.51293945,91294296.26464844,387468368.53027344,101685376.16729736
1743,1743,1750,18172.0,71,71339845.65734863,82616869.92645264,360907656.6696167,96216878.8909912
1744,1744,1751,18669.0,102,100387098.31237791,81773574.82910156,523407991.40930176,102153656.95953368
1745,1745,1752,18759.0,98,92557159.42382812,87319308.28094482,436245595.9320069,107432873.72589111
1746,1746,1753,17788.0,91,109431091.30859376,81364628.79180908,443580029.48760986,94309981.34613036
1747,1747,1754,17941.0,78,92271284.10339355,86567595.48187256,430070686.340332,103885421.75292967
1748,1748,1755,17575.0,78,90924052.23846436,89323185.92071533,368293214.7979736,104604737.28179932
1749,1749,1756,17175.0,68,109452908.51593018,104207009.31549072,427436263.0844116,111623582.83996582
1750,1750,1757,17302.0,73,114225703.23944092,104651383.39996338,441385365.486145,112947981.83441162
1751,1751,1758,17715.0,67,112015755.65338136,100633923.5305786,400290789.604187,112204203.60565186
1752,1752,1759,17384.0,72,89652428.62701416,87178748.13079834,388530577.6596069,93839150.42877196
1753,1753,1760,18119.0,73,111221714.0197754,93698496.81854248,445118489.2654419,117124242.78259276
1754,1754,1761,17561.0,77,84930274.9633789,92603111.26708984,426006488.8000488,109373403.54919434
1755,1755,1762,17537.0,61,132881730.07965088,108529308.3190918,397266051.2924194,119170817.3751831
1756,1756,1763,16395.0,67,101089569.09179688,90976846.69494627,318419216.15600586,104625082.96966553
1757,1757,1764,16974.0,66,117530239.1052246,92970666.88537598,426836936.9506836,105044046.40197754
1758,1758,1765,17135.0,66,118434114.45617676,99980387.6876831,446269796.37146,109049475.66986084
1759,1759,1766,16531.0,70,125815704.34570312,94442564.96429443,396952007.2937012,101090798.37799072
1760,1760,1767,16796.0,66,119701821.32720947,96930031.77642822,419263738.63220215,102230861.66381836
1761,1761,1768,16862.0,83,103542633.05664062,87795495.03326416,389894779.2053223,104749694.82421876
1762,1762,1769,16874.0,78,102021253.58581544,80237048.14910889,416279507.6370239,98307917.59490968
1763,1763,1770,16808.0,64,125120682.71636964,98572860.71777344,358254622.4594116,105895650.86364746
1764,1764,1771,16931.0,59,120086881.63757324,97677421.56982422,439219942.0928955,109438114.16625977
1765,1765,1772,16731.0,81,97018861.77062988,83154603.00445557,397405767.4407959,96771485.32867432
1766,1766,1773,17259.0,72,104856198.31085204,91669563.29345705,477792985.9161377,105999253.27301024
1767,1767,1774,16527.0,73,72611764.90783691,71773138.04626465,309839093.208313,86222976.68457031
1768,1768,1775,16756.0,74,86833121.29974365,68672495.84197998,358937671.6613769,83864395.14160156
1769,1769,1776,18196.0,88,95380559.92126463,67310789.10827637,334217649.45983887,79213940.62042236
1770,1770,1777,17913.0,64,90917207.71789552,71673634.52911377,345029811.85913086,80529950.14190674
1771,1771,1778,16948.0,68,47368757.247924805,58980794.90661621,230081982.61260983,68759142.87567139
1772,1772,1779,15974.0,68,54996717.45300293,54733765.60211182,236990046.50115967,60187929.15344238
1773,1773,1780,15347.0,70,55153865.81420898,50880893.70727539,199600988.38806152,55757580.75714111
1774,1774,1781,17025.0,83,71059227.94342041,55898470.878601074,230543481.82678223,62145256.99615479
1775,1775,1782,17390.0,79,81710190.77301025,65129668.23577881,276790038.1088257,72940527.91595459
1776,1776,1783,17690.0,81,96347742.08068848,73172214.50805664,324715857.50579834,86132026.67236328
1777,1777,1784,17712.0,85,103694567.68035889,68744803.4286499,343379219.0551758,83517012.59613037
1778,1778,1785,17423.0,72,86880729.67529297,64101963.99688721,294296019.5541382,74803914.0701294
1779,1779,1786,16846.0,74,90203594.20776369,67108646.392822266,268143522.26257324,71745630.26428223
1780,1780,1787,17047.0,85,112068943.97735596,78287018.77593994,310322222.70965576,87958392.14324951
1781,1781,1788,16178.0,62,90754574.7756958,66789996.14715576,286527688.98010254,80549009.32312012
1782,1782,1789,17461.0,96,81992543.22052002,61278209.6862793,271962162.9714966,71470414.16168213
1783,1783,1790,16139.0,71,79852127.07519531,64077414.51263428,341011316.2994385,80555148.12469482
1784,1784,1791,16685.0,76,114950291.63360596,81151926.99432373,360553883.55255127,92071643.8293457
1785,1785,1792,16938.0,73,112849579.8110962,81666913.03253174,304105695.7244873,90810336.11297607
1786,1786,1793,16517.0,72,89072628.97491455,75119251.2512207,264470174.7894287,83470014.57214355
1787,1787,1794,16379.0,74,104670125.0076294,76512540.81726074,311222535.1333618,86299907.68432617
1788,1788,1795,16996.0,66,97395492.55371094,73376688.95721436,289618129.7302246,84907353.40118408
1789,1789,1796,16536.0,91,89350520.13397217,69443577.76641846,227631713.8671875,74058892.25006104
1790,1790,1797,15883.0,82,94336351.39465332,73645711.89880371,267685687.0651245,87845650.6729126
1791,1791,1798,16217.0,61,122670655.25054932,96433524.1317749,355228748.3215332,105707558.63189696
1792,1792,1799,15675.0,64,112916200.63781738,82147266.38793945,348206467.628479,94840316.77246094
1793,1793,1800,15877.0,64,113105226.51672363,80182772.63641357,282059135.4370117,95295440.67382812
1794,1794,1801,15514.0,63,102029095.64971924,72502401.35192871,288506441.116333,79120679.85534668
1795,1795,1802,15903.0,75,105843233.10852052,75025822.63946533,297521100.9979248,82434871.67358398
1796,1796,1803,17916.0,86,97892789.84069824,74809646.60644531,278098789.2150879,89845139.503479
1797,1797,1804,17182.0,99,79835581.77947998,66272725.105285645,251951619.1482544,72132810.59265137
1798,1798,1805,16198.0,79,70768693.9239502,61235626.220703125,226131039.6194458,70011988.63983154
1799,1799,1806,17308.0,96,85527643.20373535,66428261.75689697,246804945.94573972,74224035.26306152
1800,1800,1807,17350.0,85,93319184.30328368,63706521.03424072,755866620.0637817,72107900.61950684
1801,1801,1808,17484.0,74,98359805.1071167,62496758.460998535,267267531.3949585,70989226.34124756
1802,1802,1809,17277.0,86,96316521.64459229,64058244.7052002,305132643.699646,73113363.26599121
1803,1803,1810,17610.0,94,104876063.3468628,71962848.66333008,316858843.80340576,79127936.36322021
1804,1804,1811,16240.0,68,101816194.53430176,67685680.3894043,324485452.65197754,79146615.98205566
1805,1805,1812,16165.0,61,101758207.321167,70057541.847229,319465221.4050293,81859257.69805908
1806,1806,1813,16117.0,64,109421115.87524414,74713162.42218018,310553100.5859375,83011341.0949707
1807,1807,1814,15984.0,59,109877915.38238524,74227918.62487793,274847717.28515625,83246836.66229248
1808,1808,1815,17014.0,71,110961467.74291992,75801923.75183105,366684867.8588867,87895745.27740479
1809,1809,1816,16698.0,67,109255653.38134766,76124855.0415039,381190108.2992554,86315741.53900146
1810,1810,1817,17456.0,83,100116593.36090088,72203381.53839111,340813919.0673828,86095359.8022461
1811,1811,1818,17267.0,71,100927472.114563,74900536.53717041,283016004.5623779,83395173.07281494
1812,1812,1819,16095.0,81,93569770.81298828,67881785.39276123,306834139.8239136,80834862.70904541
1813,1813,1820,15574.0,75,97243693.3517456,70032042.50335693,282558313.369751,81962097.16796875
1814,1814,1821,15720.0,72,88729543.68591309,68851511.95526123,280963348.3886719,76831244.46868896
1815,1815,1822,15755.0,72,91588837.6235962,71532796.85974121,284363879.2037964,78449769.97375488
1816,1816,1823,15809.0,57,88596451.75933838,72855707.1685791,349487680.43518066,79753292.08374023
1817,1817,1824,17289.0,62,94557796.47827148,77406922.34039307,277788089.75219727,85818974.49493408
1818,1818,1825,17100.0,57,88656234.74121094,81483364.10522461,324218845.36743164,87276649.47509766
1819,1819,1826,16098.0,66,91358198.16589355,79155774.11651611,313958696.36535645,86983015.0604248
1820,1820,1827,15549.0,63,81704990.38696289,74847768.78356934,263152200.6988525,82798160.55297852
1821,1821,1828,15541.0,57,71943455.69610596,74367203.71246338,273926019.6685791,81294342.99468994
1822,1822,1829,16525.0,65,77898280.1437378,74897324.56207275,284497927.66571045,84141639.70947266
1823,1823,1830,16787.0,64,87004375.45776367,78633735.65673828,299089634.8953247,85058914.18457031
1824,1824,1831,16740.0,63,77759632.1105957,77384137.15362549,271329008.102417,84818383.21685791
1825,1825,1832,17303.0,61,77716344.83337402,77154856.68182373,268377930.64117432,82548232.07855225
1826,1826,1833,17180.0,60,75104278.56445312,76388562.20245361,267732971.19140625,85827093.12438965
1827,1827,1834,17369.0,60,83417630.19561768,79276401.51977539,293113132.47680664,85345226.2878418
1828,1828,1835,16717.0,79,84024692.53540039,77255748.7487793,284734663.00964355,83247256.2789917
1829,1829,1836,16638.0,60,77871944.42749023,76436064.72015381,285117310.5239868,83971998.21472168
1830,1830,1837,15864.0,61,75561429.97741699,71531394.00482178,250441760.0631714,78902754.78363037
1831,1831,1838,16842.0,70,56302536.9644165,71494857.78808594,238225950.24108887,78896277.42767334
1832,1832,1839,16161.0,60,54793864.25018311,72097466.46881104,214254691.1239624,78619943.61877441
1833,1833,1840,15939.0,61,48173196.79260254,69263109.20715332,255600952.1484375,76985529.89959717
1834,1834,1841,16773.0,72,67887924.19433594,72337277.41241455,278726882.9345703,81305382.72857666
1835,1835,1842,16341.0,57,70859577.17895508,74337214.46990967,282282077.78930664,79446122.16949463
1836,1836,1843,17012.0,59,80367695.80841064,77337253.57055664,301254099.84588623,84039201.7364502
1837,1837,1844,16800.0,56,79783344.26879883,75514984.13085938,306960868.8354492,83055210.11352539
1838,1838,1845,17068.0,65,92038598.06060793,76132715.22521973,307135190.0100708,82618580.81817627
1839,1839,1846,16873.0,69,87874328.61328125,70905293.46466064,279399795.53222656,77359999.65667725
1840,1840,1847,17155.0,71,87638609.88616943,72866337.77618408,259158632.2784424,80114385.6048584
1841,1841,1848,17374.0,64,93864810.94360352,78358118.05725098,277216819.7631836,85981925.96435547
1842,1842,1849,17162.0,61,92552879.3334961,79574376.1062622,280585762.9776001,85812005.9967041
1843,1843,1850,17219.0,62,83695343.01757812,81043009.7579956,268580108.6425781,86576786.99493408
1844,1844,1851,16647.0,61,89379844.66552734,77791868.20983887,341437305.45043945,82596696.8536377
1845,1845,1852,16594.0,61,91509399.4140625,73258913.99383545,319380496.97875977,80765341.75872803
1846,1846,1853,16346.0,74,91619548.79760742,69886957.1685791,320730314.25476074,77037933.34960938
1847,1847,1854,16849.0,66,80526060.10437012,70233602.52380371,248545331.95495605,79130138.3972168
1848,1848,1855,17146.0,70,91993815.4220581,73843956.94732666,335162149.4293213,80425049.78179932
1849,1849,1856,16901.0,77,92800864.21966553,75141050.33874512,323348383.9035034,81003946.30432129
1850,1850,1857,16578.0,63,85820957.18383789,73886304.85534668,280502048.49243164,80965710.63995361
1851,1851,1858,16587.0,81,90269489.28833008,69558403.01513672,276353362.08343506,78574639.32037354
1852,1852,1859,16604.0,66,83695549.01123047,71555707.93151855,313184078.21655273,78088986.39678955
1853,1853,1860,16942.0,58,78815204.62036133,71834121.70410156,269550895.690918,78566040.0390625
1854,1854,1861,17129.0,60,91267553.32946776,76982387.54272461,277295091.6290283,84668008.80432129
1855,1855,1862,16933.0,66,93947022.43804932,77175153.7322998,281824015.6173706,86235809.32617188
1856,1856,1863,16797.0,56,83064079.28466797,79663581.84814453,282091907.5012207,87789768.21899414
1857,1857,1864,17033.0,64,69394239.42565918,76861001.01470947,310897342.6818848,85976579.6661377
1858,1858,1865,16444.0,59,86631958.0078125,73558082.5805664,299757713.3178711,79630485.53466797
1859,1859,1866,17219.0,71,92540346.14562988,75764441.49017334,315685985.56518555,84367068.29071045
1860,1860,1867,16935.0,59,96075997.3526001,77755588.53149414,322955669.4030762,85002311.70654297
1861,1861,1868,17293.0,62,90594360.3515625,79293338.77563477,291915924.0722656,85317790.98510742
1862,1862,1869,16624.0,71,87791210.17456055,75730913.16223145,295486711.5020752,81540097.2366333
1863,1863,1870,16385.0,70,81663074.4934082,72266427.0401001,291990076.0650635,79023041.72515869
1864,1864,1871,16620.0,60,88954704.28466797,76894786.8347168,272958299.6368408,80663257.59887695
1865,1865,1872,16932.0,65,87953858.37554932,78111802.10113525,294111667.63305664,83163922.30987549
1866,1866,1873,17062.0,63,83520826.33972168,76111084.93804932,279176691.05529785,81008144.37866211
1867,1867,1874,17521.0,71,91701657.29522704,80898025.51269531,275716711.0443115,85991723.06060791
1868,1868,1875,17252.0,60,88129220.96252441,77648395.53833008,258335948.9440918,83596483.23059082
1869,1869,1876,17023.0,68,92478538.5131836,77859737.39624023,286785491.9433594,84517435.07385254
1870,1870,1877,16800.0,56,92590427.39868164,78401470.18432617,298921108.2458496,85948562.62207031
1871,1871,1878,16800.0,57,91971752.16674805,78886394.50073242,296766643.5241699,85915229.79736328
1872,1872,1879,17288.0,60,94176853.17993164,78081428.52783203,289542766.5710449,84910488.12866211
1873,1873,1880,17286.0,71,93749567.98553468,75780492.78259277,274419161.7965698,82559823.98986816
1874,1874,1881,16718.0,67,94111022.94921876,74715447.42584229,283592491.14990234,80659159.66033936
1875,1875,1882,16926.0,61,95824733.73413086,76055115.69976807,283669271.4691162,81977995.87249756
1876,1876,1883,16744.0,56,94798099.51782228,74667732.23876953,303645309.4482422,81447013.85498047
1877,1877,1884,17180.0,60,93160467.14782716,75547927.85644531,265197933.19702148,80977624.89318848
1878,1878,1885,17012.0,63,77397235.87036133,76534407.61566162,267236025.8102417,82445430.75561523
1879,1879,1886,17250.0,59,85722961.42578125,80690348.6251831,286546459.19799805,87801091.19415283
1880,1880,1887,16990.0,57,89086227.41699219,79339332.5805664,264281024.93286133,85064411.16333008
1881,1881,1888,17190.0,70,91795671.4630127,75236585.61706543,283959991.4550781,81775617.5994873
1882,1882,1889,17100.0,58,93760434.1506958,75860580.44433594,287669889.45007324,83650794.98291016
1883,1883,1890,17100.0,58,93880836.4868164,78139686.58447266,277027110.0997925,84830736.16027832
1884,1884,1891,16997.0,58,92953360.55755617,79011455.53588867,270791673.6602783,84464862.82348633
1885,1885,1892,17203.0,58,93747165.67993164,77670669.55566406,267763587.95166016,84578456.87866211
1886,1886,1893,17018.0,57,90227218.62792967,76828163.14697266,317431816.1010742,83581226.34887695
1887,1887,1894,16895.0,65,84421881.67572021,75299976.34887695,290596136.09313965,83244078.63616943
1888,1888,1895,17620.0,65,89449029.92248535,75833642.00592041,293674629.2114258,82843787.19329834
1889,1889,1896,17400.0,58,86666393.2800293,76805305.48095703,299337100.982666,83533859.25292969
1890,1890,1897,18132.0,61,70611379.62341309,79684600.83007812,280433830.26123047,86944423.67553711
1891,1891,1898,17831.0,60,90945877.07519533,78468589.78271484,274553537.3687744,84927745.8190918
1892,1892,1899,17661.0,63,92604863.16680908,79515820.50323486,304556187.6296997,85937893.86749268
1893,1893,1900,16953.0,71,68917804.71801758,76191771.50726318,304917607.3074341,84395453.45306396
1894,1894,1901,16911.0,57,83549359.32159424,78111465.45410156,235469444.27490237,84132191.65802002
1895,1895,1902,16820.0,64,88045337.67700195,75970290.184021,275329427.7191162,84475905.418396
1896,1896,1903,16744.0,62,76538505.55419922,73173633.57543945,227521911.62109372,79752189.63623047
1897,1897,1904,16805.0,59,86773382.18688965,76828687.66784668,274341705.3222656,84652734.75646973
1898,1898,1905,17070.0,67,93017644.88220216,78897405.62438965,256337765.69366452,85326639.17541504
1899,1899,1906,16610.0,64,92463488.5787964,77116607.66601562,289950761.79504395,84251037.59765625
1900,1900,1907,17079.0,69,93196484.56573486,77874504.08935547,277648175.239563,86400575.63781738
1901,1901,1908,16616.0,60,82547138.21411133,77163208.0078125,291870647.4304199,84682580.94787598
1902,1902,1909,16553.0,58,85838306.42700195,75456069.94628906,242411273.95629883,82987186.43188477
1903,1903,1910,17288.0,61,87899426.46026611,76343715.66772461,261772529.6020508,82960083.0078125
1904,1904,1911,17002.0,68,62507236.48071289,70365255.35583496,254385552.40631104,76875593.1854248
1905,1905,1912,17656.0,71,85054900.16937256,76261899.94812012,269030139.9230957,83237469.67315674
1906,1906,1913,16939.0,59,90816721.91619872,76170433.0444336,334498073.57788086,83955245.97167969
1907,1907,1914,17472.0,74,94386829.3762207,78063858.98590088,309822916.0308838,85639204.97894287
1908,1908,1915,16941.0,79,88646179.19921875,76315961.83776855,259324362.75482175,83457921.0281372
1909,1909,1916,16650.0,61,91081233.02459715,77854343.41430664,305782404.8995972,83579801.55944824
1910,1910,1917,17399.0,64,85329320.90759277,76476453.78112793,262125955.58166504,83133283.6151123
1911,1911,1918,17185.0,76,80201117.51556396,78394949.9130249,251222139.3585205,84502746.58203125
1912,1912,1919,18097.0,73,86357133.86535645,80507010.4598999,241239303.5888672,84569184.30328369
1913,1913,1920,18338.0,75,87740629.19616699,81158985.13793945,307243646.6217041,85536491.39404297
1914,1914,1921,18477.0,69,91029825.21057127,81631700.51574707,290846214.2944336,85668474.1973877
1915,1915,1922,18192.0,62,91394268.03588869,82439952.8503418,226994144.43969727,86145709.99145508
1916,1916,1923,18099.0,66,87066563.6062622,83375463.48571777,318105472.56469727,87724939.34631348
1917,1917,1924,18244.0,70,83415155.4107666,81881214.1418457,298292749.4049072,88988474.84588623
1918,1918,1925,18008.0,63,83146341.32385254,81227624.89318848,333055935.8596802,85990842.81921387
1919,1919,1926,18736.0,69,96388328.5522461,79538645.74432373,321911943.43566895,83447039.60418701
1920,1920,1927,17433.0,70,87993633.27026367,75044960.97564697,286779638.2904053,79174386.97814941
1921,1921,1928,18092.0,73,69320693.96972656,70986351.0131836,264226818.0847168,78292781.82983398
1922,1922,1929,18291.0,93,63446308.13598633,70812155.72357178,263411687.85095212,78429834.36584473
1923,1923,1930,18401.0,63,88708305.35888672,75770474.43389893,304284858.7036133,80640316.9631958
1924,1924,1931,17922.0,62,90939790.725708,78067327.49938965,367075284.0042114,83448501.58691406
1925,1925,1932,17864.0,74,88818916.32080078,84193363.18969727,348570358.2763672,90279870.98693848
1926,1926,1933,17700.0,59,93219566.34521484,86214065.55175781,287450695.0378418,91106414.79492188
1927,1927,1934,17523.0,61,88284692.76428223,83739391.3269043,275418552.39868164,90153291.70227052
1928,1928,1935,17110.0,61,80126563.07220459,85387110.71014404,298126382.8277588,93955039.02435304
1929,1929,1936,17100.0,57,75417995.45288086,82732772.82714844,277765846.2524414,89745426.17797852
1930,1930,1937,17100.0,57,94021224.97558594,81478786.46850586,263969707.48901367,86576557.15942383
1931,1931,1938,17249.0,67,86419507.98034668,77206696.51031494,244545284.27124023,80404120.44525146
1932,1932,1939,17387.0,83,68489656.44836426,72016598.70147705,271116204.2617798,79568511.00921631
1933,1933,1940,17642.0,79,71563345.90911865,72768547.05810547,245814363.47961423,81731110.57281494
1934,1934,1941,18003.0,65,89945314.40734863,80225728.03497314,320287050.2471924,84831036.56768799
1935,1935,1942,18213.0,69,94212949.75280762,82753589.63012695,278172921.1807251,88195386.88659668
1936,1936,1943,17858.0,68,85986215.59143066,83950261.11602783,262497856.14013672,89147737.50305176
1937,1937,1944,17729.0,60,93960880.27954102,83218017.578125,246514347.076416,88012271.88110352
1938,1938,1945,17660.0,60,89361514.0914917,84010269.16503906,287334836.0061645,89244089.12658691
1939,1939,1946,17538.0,61,93561202.04925536,84085067.74902344,262176164.6270752,86949789.04724121
1940,1940,1947,17408.0,63,94930893.89801024,85300513.26751709,250190097.8088379,90577893.25714111
1941,1941,1948,16967.0,61,89443744.65942383,84322292.32788086,240339633.9416504,88029785.15625
1942,1942,1949,17231.0,76,91561855.31616212,78406614.30358887,257502323.1506348,83788981.4376831
1943,1943,1950,17079.0,57,90032180.78613281,76823936.46240234,273370365.14282227,82738471.98486328
1944,1944,1951,17242.0,68,75298034.66796875,74952197.07489014,240512994.76623532,81136559.48638916
1945,1945,1952,17187.0,61,68535431.86187744,71008327.48413086,236738772.39227292,77032255.17272949
1946,1946,1953,17978.0,122,57791416.16821289,71970369.33898926,242722333.90808105,77790945.05310059
1947,1947,1954,18126.0,83,73691401.48162842,67577178.95507812,199408694.26727292,71657393.45550537
1948,1948,1955,18561.0,77,64148130.41687012,66585568.42803955,201032411.57531735,70210220.33691406
1949,1949,1956,18435.0,78,44747480.392456055,64631684.30328369,190242726.3259888,68877355.57556152
1950,1950,1957,18213.0,86,50263705.253601074,62671539.30664063,189364994.04907227,66309085.84594727
1951,1951,1958,18419.0,65,50840587.6159668,64826450.34790039,257628211.9750977,70353057.86132812
1952,1952,1959,18177.0,66,64747869.49157715,63550511.36016846,224646711.3494873,68750990.86761475
1953,1953,1960,18418.0,64,81743682.86132812,63601478.57666016,257152278.90014648,69723035.81237793
1954,1954,1961,18471.0,67,88538369.17877197,68378964.4241333,266555672.64556885,76291364.6697998
1955,1955,1962,18674.0,66,94620363.23547363,73311464.30969238,226725156.7840576,77658479.69055176
1956,1956,1963,18600.0,63,67821247.10083008,67092647.55249024,207903957.36694336,75714282.98950195
1957,1957,1964,18537.0,62,71601139.06860352,68481748.58093262,207121490.4785156,70445434.5703125
1958,1958,1965,18990.0,70,84915376.66320801,67608631.1340332,296447926.52130127,75803842.54455566
1959,1959,1966,18708.0,65,90078817.36755373,67955219.26879883,245865711.2121582,74377063.7512207
1960,1960,1967,19036.0,68,64620642.66204834,60562592.50640869,238119287.49084476,70007088.66119385
1961,1961,1968,18734.0,67,80042224.8840332,67265863.4185791,381772209.16748047,75968270.30181885
1962,1962,1969,17154.0,120,105382506.37054443,69526287.07885742,351202556.6101074,80879103.6605835
1963,1963,1970,17088.0,71,105027952.19421388,64063694.95391846,302318630.21850586,74887622.83325195
1964,1964,1971,17987.0,90,101745215.4159546,64892003.05938721,288000835.4187012,76773392.67730713
1965,1965,1972,17920.0,87,101238670.3491211,65809831.619262695,288196407.31811523,79523921.01287842
1966,1966,1973,19087.0,86,111778322.21984863,68610189.43786621,329188863.75427246,77320577.62145996
1967,1967,1974,18608.0,77,106017510.41412354,70735133.17108154,362840643.88275146,84720359.8022461
1968,1968,1975,17988.0,69,101647556.30493164,69199134.82666016,329521145.8206177,81256161.6897583
1969,1969,1976,18163.0,70,111353547.09625244,71346649.16992188,323628840.44647217,82246973.03771973
1970,1970,1977,17727.0,66,101781421.66137695,66325833.32061768,316164866.44744873,73816139.2211914
1971,1971,1978,17157.0,75,108635555.26733398,65865341.18652344,260399704.9331665,73195392.60864258
1972,1972,1979,18835.0,72,96816420.55511476,63897438.049316406,277035055.16052246,74583845.1385498
1973,1973,1980,18108.0,79,97293041.22924805,63982992.17224121,306845392.22717285,76892416.95404053
1974,1974,1981,18798.0,74,116988756.17980956,76033972.74017334,301539518.35632324,82235957.14569092
1975,1975,1982,18222.0,70,116523834.22851562,73905784.6069336,353778427.12402344,79851922.9888916
1976,1976,1983,17656.0,67,112434755.32531738,71773831.36749268,343196264.2669678,76526085.85357666
1977,1977,1984,18044.0,77,98204739.57061768,67887286.18621826,266120393.75305176,79476263.99993896
1978,1978,1985,18137.0,78,100649703.9794922,69159198.76098633,322023844.7189331,85839408.87451172
1979,1979,1986,17645.0,98,101020929.33654784,68822471.61865234,330696400.642395,76939223.28948975
1980,1980,1987,17577.0,95,103007168.76983644,68850518.22662354,333399838.4475708,75409645.0805664
1981,1981,1988,18592.0,84,110144288.06304932,76777331.35223389,361304574.0127564,84496485.71014404
1982,1982,1989,16725.0,72,105554372.7874756,69445384.97924805,268386839.86663815,75552306.17523193
1983,1983,1990,16201.0,67,93494451.52282716,67835501.6708374,298635807.0373535,74185436.2487793
1984,1984,1991,16309.0,57,113773064.61334229,73297124.8626709,255601172.4472046,79279672.62268066
1985,1985,1992,16274.0,59,101672822.95227052,74439399.71923828,286825756.07299805,79599610.32867432
1986,1986,1993,16852.0,61,112281841.27807616,84115887.64190674,318058755.8746338,95465005.8746338
1987,1987,1994,16560.0,59,115220295.9060669,82110057.83081055,332942836.7614746,86361515.04516602
1988,1988,1995,18370.0,84,120081486.70196532,81558574.67651367,278341025.352478,90072173.11859132
1989,1989,1996,18047.0,83,129437616.3482666,89273015.02227783,340563052.1774292,95309532.16552734
1990,1990,1997,18587.0,77,121639035.22491457,87814070.70159912,330020825.38604736,96330737.11395264
1991,1991,1998,18309.0,66,114442424.77416992,90030282.97424316,347912676.81121826,99246330.26123048
1992,1992,1999,18945.0,71,113764633.17871094,85918689.7277832,392077730.178833,98886157.98950195
1993,1993,2000,19179.0,83,107291254.99725342,82052972.7935791,400140816.6885376,93770777.70233154
1994,1994,2001,18934.0,76,117773346.90093994,81106674.19433594,377873898.50616455,89583796.50115967
1995,1995,2002,17493.0,86,112368636.13128662,77753547.66845703,323991160.39276123,81254648.20861816
1996,1996,2003,18753.0,87,99149464.60723875,70447461.12823486,271473199.84436035,77411563.87329102
1997,1997,2004,18315.0,87,107191075.3250122,82481797.21832275,326661055.5648804,95835828.78112791
1998,1998,2005,18604.0,71,113302028.65600586,85230942.72613525,346193890.57159424,94559771.53778076
1999,1999,2006,18232.0,73,110842780.1132202,79452763.55743408,339731240.272522,89773764.61029053
2000,2000,2007,17638.0,70,119287496.56677246,81542036.05651855,388763083.4579468,87759716.98760986
2001,2001,2008,17877.0,68,122121564.8651123,83994099.6170044,381474288.9404297,87426228.5232544
2002,2002,2009,18815.0,82,112040666.5802002,79277568.81713867,367779873.8479614,88449285.50720215
2003,2003,2010,17956.0,92,117297396.65985107,80653505.32531738,378118195.5337525,87069400.78735352
2004,2004,2011,17714.0,78,107603529.93011476,72232031.82220459,1157321387.2909546,83580450.0579834
2005,2005,2012,18426.0,99,105799486.16027832,73385588.64593506,400462655.0674439,86397904.39605713
2006,2006,2013,18045.0,102,118130343.43719482,90563369.75097656,339928603.17230225,96042930.60302734
2007,2007,2014,18912.0,87,126162078.85742188,96974561.69128418,407951647.7584839,106895364.76135254
2008,2008,2015,18491.0,83,98830639.83917236,75424741.74499512,293816030.50231934,88923342.70477295
2009,2009,2016,19120.0,76,108283864.9749756,85077963.82904053,418331130.9814453,102216052.05535889
2010,2010,2017,19202.0,71,115405550.95672607,95057823.18115234,377352965.3549194,104029465.675354
2011,2011,2018,19201.0,72,114872428.89404295,95051466.9418335,372505449.295044,105713710.78491212
2012,2012,2019,18584.0,81,115122966.76635742,92764906.88323976,360685372.3526001,103899007.7972412
2013,2013,2020,17805.0,87,109066580.7723999,81305854.79736328,369537604.3319702,93568712.23449709
2014,2014,2021,17768.0,99,109411799.43084715,77613397.5982666,332166859.62677,87521762.84790039
2015,2015,2022,18404.0,81,115897144.31762695,83583007.8125,330300372.12371826,92886490.82183838
2016,2016,2023,17513.0,76,109005155.56335448,75222279.54864502,299411207.1990967,83827322.00622559
2017,2017,2024,17826.0,65,110508858.6807251,78537796.02050781,357219708.442688,85744518.2800293
2018,2018,2025,18271.0,85,114577730.178833,81896736.14501953,310984332.08465576,90041070.93811035
2019,2019,2026,18959.0,72,105599104.88128662,84301966.6671753,316487089.1571045,93473067.28363036
2020,2020,2027,19073.0,98,107018212.3184204,85954854.01153564,391091968.53637695,97793559.07440186
2021,2021,2028,18971.0,75,108224554.06188963,91662751.19781494,401930252.0751953,100059417.72460938
2022,2022,2029,18934.0,74,106303485.87036131,89171714.78271484,398267981.52923584,96977685.92834473
2023,2023,2030,18871.0,73,108339392.66204834,79943072.31903076,363404957.77130127,94046271.32415771
2024,2024,2031,19194.0,75,111937026.97753906,87930455.2078247,358825857.1624756,99567603.11126707
2025,2025,2032,18453.0,71,107721382.14111328,84264461.51733398,390184383.392334,94669341.08734132
2026,2026,2033,18301.0,72,104800133.70513916,85590016.36505127,297255037.30773926,96874575.6149292
2027,2027,2034,18818.0,67,114322621.34552002,94895261.76452637,376129373.55041504,103347137.45117188
2028,2028,2035,18288.0,79,83448950.76751709,77136974.3347168,263952651.02386475,87424409.86633301
2029,2029,2036,18624.0,67,83670753.4790039,87269718.17016602,358041507.72094727,100471377.3727417
2030,2030,2037,18736.0,67,97278793.33496094,92767936.70654295,370812187.1948242,101471343.99414062
2031,2031,2038,19110.0,73,110208124.1607666,81957653.0456543,356529565.8111572,91071242.3324585
2032,2032,2039,17751.0,81,66533256.53076172,59957740.783691406,250962707.51953125,70343686.1038208
2033,2033,2040,18604.0,79,89925957.67974854,75167856.21643066,314673612.5946045,81019603.72924805
2034,2034,2041,17734.0,64,98480463.0279541,76004459.38110352,300581629.7531128,79896453.85742188
2035,2035,2042,19864.0,81,119595506.66809082,89400611.8774414,378101388.9312744,96662798.88153076
2036,2036,2043,18262.0,79,81770576.47705078,71255275.72631836,273134166.7175293,88680657.38677979
2037,2037,2044,18904.0,68,123850687.02697754,98130046.84448242,344558351.51672363,105894668.57910156
2038,2038,2045,18214.0,64,115692299.84283447,94290882.1105957,341869361.8774414,100238861.08398438
2039,2039,2046,17970.0,63,128567707.06176758,95578386.3067627,347378066.06292725,100176057.81555176
2040,2040,2047,18150.0,66,118980174.06463625,88277698.5168457,318421104.43115234,95607656.47888184
2041,2041,2048,18047.0,64,108362038.61236572,76559225.08239746,351823907.85217285,94087851.52435304
2042,2042,2049,17239.0,75,98718534.46960448,66697049.140930176,270950978.27911377,73651859.28344727
2043,2043,2050,17749.0,103,99848058.70056152,70872838.0203247,301300653.4576416,86060490.60821533
2044,2044,2051,18642.0,69,103608036.04125977,79947970.39031982,339563651.0848999,88165888.78631592
2045,2045,2052,18275.0,71,104947325.70648192,82150914.1921997,374399082.1838379,94539371.49047852
2046,2046,2053,18728.0,67,111805304.52728271,85399120.33081055,361810164.4515991,92994379.0435791
2047,2047,2054,17490.0,88,69268124.5803833,60329335.21270752,260003418.92242432,73518196.10595703
2048,2048,2055,17016.0,62,102526675.2243042,68512715.33966064,353350013.73291016,75293933.8684082
2049,2049,2056,18548.0,87,74488049.50714111,63706803.32183838,376541717.5292969,72288310.05096436
2050,2050,2057,19465.0,92,92168808.93707275,68471019.74487305,349782780.64727783,82172151.56555176
2051,2051,2058,19814.0,72,98736722.946167,82088081.35986328,348092100.1434326,92810825.3479004
2052,2052,2059,19395.0,68,101422749.51934814,79432532.31048584,336997013.092041,90839174.27062988
2053,2053,2060,19733.0,74,113523777.96173096,88890015.60211182,379281535.1486206,107322190.284729
2054,2054,2061,19414.0,70,116833122.25341795,93149696.35009766,382026518.8217163,104714298.24829102
2055,2055,2062,18735.0,77,108707985.87799072,85257741.92810059,310382739.06707764,98324419.97528076
2056,2056,2063,18935.0,80,105811470.9854126,80667613.02947998,357292547.22595215,93391510.00976562
2057,2057,2064,19932.0,80,106278245.92590332,88536083.22143555,402777903.5568237,104640521.04949953
2058,2058,2065,19164.0,72,101739524.8413086,82155076.0269165,389196297.6455689,96379307.7468872
2059,2059,2066,18947.0,76,96061504.36401369,80970998.76403809,343653566.36047363,94290520.6680298
2060,2060,2067,18927.0,77,94737549.78179932,83113952.63671875,347777667.04559326,94071215.62957764
2061,2061,2068,19118.0,68,97475920.67718506,84411236.76300049,351096856.11724854,97345204.35333252
2062,2062,2069,19372.0,76,99438841.81976318,82010464.66827393,374700195.3125,95435115.81420898
2063,2063,2070,18910.0,84,101580180.16815186,78734907.15026855,331172537.8036499,88413644.79064941
2064,2064,2071,19517.0,81,100718789.10064696,77288758.27789307,353065762.5198364,99228835.105896
2065,2065,2072,18607.0,78,113687749.8626709,85122933.38775635,293873215.675354,92835440.63568117
2066,2066,2073,18791.0,70,99756279.94537354,74129064.55993652,329309923.1719971,93184858.32214355
2067,2067,2074,18796.0,76,111414619.44580078,82179642.67730713,346712406.15844727,92626072.88360596
2068,2068,2075,18482.0,63,108992208.48083496,77774715.42358398,323099460.60180664,88829761.50512695
2069,2069,2076,18639.0,72,105597925.18615724,73532133.10241699,324459469.79522705,83103848.45733643
2070,2070,2077,19303.0,72,106214911.46087646,75619771.00372314,300331631.6604614,91914107.32269289
2071,2071,2078,18868.0,69,108275393.48602296,81924381.25610352,334729842.1859741,92965768.81408691
2072,2072,2079,18477.0,69,97674864.76898192,73333595.2758789,310705048.5610962,88265288.35296631
2073,2073,2080,18039.0,65,95311423.30169678,72792337.41760254,288977153.7780762,81155971.52709961
2074,2074,2081,18638.0,73,99819434.1659546,76561989.78424072,292908720.9701538,86415408.13446045
2075,2075,2082,18720.0,78,97154609.68017578,77819359.77935791,280875077.2476196,84548455.23834229
2076,2076,2083,18280.0,69,91705768.58520508,71237572.66998291,285883693.6950684,80453118.32427979
2077,2077,2084,18433.0,86,91069160.46142578,68891448.97460938,252620926.85699463,77218674.659729
2078,2078,2085,18875.0,69,105644475.93688963,79210839.27154541,310677501.6784668,87146850.5859375
2079,2079,2086,18683.0,67,107891889.57214355,78598332.40509033,277228143.6920166,84654709.815979
2080,2080,2087,18557.0,65,101270444.86999512,73341439.24713135,271651875.49591064,83050600.05187988
2081,2081,2088,18115.0,71,94279202.46124268,70192115.7836914,298236989.02130127,80734752.6550293
2082,2082,2089,18995.0,75,108533526.42059326,85445854.18701172,299986848.8311768,91020796.77581789
2083,2083,2090,18327.0,65,103308021.54541016,78909118.65234375,249632907.86743164,87690441.1315918
2084,2084,2091,18093.0,69,92329856.8725586,68105293.27392578,260072982.78808597,74493778.22875977
2085,2085,2092,18133.0,72,87398036.0031128,66131842.613220215,249732213.0203247,71997820.85418701
2086,2086,2093,18376.0,72,92178593.63555908,69960785.86578369,255005989.07470703,77736172.67608643
2087,2087,2094,18446.0,67,89366649.62768555,70066189.76593018,255798214.91241452,77362779.61730957
2088,2088,2095,18201.0,65,95327464.10369872,70263390.54107666,759379224.7772217,78280200.00457764
2089,2089,2096,19128.0,71,101842618.94226074,74882851.60064697,344933091.16363525,87076771.73614502
2090,2090,2097,18566.0,64,93364529.60968018,69574968.3380127,314541209.22088623,83758447.64709473
2091,2091,2098,18188.0,81,95494839.66827393,71061051.36871338,223657444.9539185,78274970.05462646
2092,2092,2099,18999.0,81,107828072.5479126,81839421.27227783,292818891.5252685,89841314.3157959
2093,2093,2100,18637.0,65,99709941.86401369,73579185.48583984,272990867.6147461,85142219.54345703
2094,2094,2101,18462.0,71,99609250.06866457,74535489.08233643,260617237.09106445,87067056.65588379
2095,2095,2102,18509.0,65,109489545.82214355,81621625.90026855,296062022.2091675,87364412.30773926
2096,2096,2103,18546.0,67,110257806.7779541,81783116.3406372,259442234.03930664,89974074.3637085
2097,2097,2104,18162.0,65,93716173.17199709,76400387.76397705,307250841.1407471,87777399.06311035
2098,2098,2105,18586.0,78,96053519.2489624,69983267.78411865,294475072.8607178,79989375.11444092
2099,2099,2106,18370.0,72,97308176.99432372,68203210.83068848,247479574.2034912,73948111.53411865
2100,2100,2107,18090.0,61,90173255.92041016,66579410.55297852,262465705.87158203,72021320.34301758
2101,2101,2108,17775.0,79,80636915.20690918,70726800.9185791,313205771.446228,80646662.71209717
2102,2102,2109,17586.0,73,84801853.17993164,70633056.640625,253668357.8491211,81842112.54119873
2103,2103,2110,18193.0,64,84596896.17156982,73241417.88482666,284095884.3231201,86459242.82073975
2104,2104,2111,18391.0,64,91701334.9533081,77858512.87841797,323648909.5687866,86538021.08764648
2105,2105,2112,18266.0,61,86641674.04174805,79442127.2277832,297607746.1242676,90999294.28100586
2106,2106,2113,17833.0,68,81205317.49725342,71705718.99414062,323887063.98010254,87459444.04602051
2107,2107,2114,18322.0,88,90497591.01867676,74158384.32312012,337753034.5916748,87069222.45025635
2108,2108,2115,18415.0,62,89685764.31274414,76572494.50683594,378937683.1054688,90170478.82080078
2109,2109,2116,18300.0,61,88857650.75683594,76181602.47802734,329874801.6357422,86036109.9243164
2110,2110,2117,18096.0,64,81005081.17675781,73660024.64294434,371506916.0461426,86673885.34545898
2111,2111,2118,17732.0,67,86570346.83227539,72948019.98138428,315584972.3815918,86139253.61633301
2112,2112,2119,17424.0,66,89122564.3157959,75537614.8223877,307098145.4849243,88122835.15930176
2113,2113,2120,17140.0,59,79884895.32470703,75074050.90332031,289000442.5048828,86816223.14453125
2114,2114,2121,17890.0,61,88515996.9329834,76508893.9666748,347713947.2961426,89359703.06396484
2115,2115,2122,17625.0,59,89229297.63793945,74646520.61462402,343516159.0576172,91091680.5267334
2116,2116,2123,17893.0,78,88966003.41796875,76863894.46258545,292427831.6497803,88650218.00994873
2117,2117,2124,17628.0,59,75679092.40722656,74921092.98706055,302555603.0273437,87822166.4428711
2118,2118,2125,17777.0,68,69525370.59783936,74296719.55108643,275870551.109314,87270768.16558838
2119,2119,2126,17943.0,70,89356053.35235596,74138561.2487793,373949813.84277344,87257736.20605469
2120,2120,2127,18000.0,61,78826589.58435059,71847101.21154785,349512485.5041504,84743431.0913086
2121,2121,2128,18734.0,66,93223739.62402344,77503808.97521973,352663753.5095215,94432554.24499512
2122,2122,2129,18000.0,76,84039848.32763672,71789134.02557373,308353064.53704834,85044587.13531494
2123,2123,2130,18717.0,73,83481506.34765625,75384220.12329102,317279077.5299072,88536630.63049316
2124,2124,2131,18542.0,69,85839385.98632812,77026152.61077881,455388916.9692993,92190075.8743286
2125,2125,2132,18013.0,62,94676424.02648926,76670094.49005127,299008007.04956055,86961232.18536377
2126,2126,2133,18257.0,67,88252907.75299072,80296479.22515869,232900327.68249512,88713301.65863037
2127,2127,2134,17932.0,70,91604553.22265624,78226624.48883057,237409646.03424072,87376744.2703247
2128,2128,2135,17837.0,72,84949338.91296387,76575622.55859375,240092037.20092773,85818261.14654541
2129,2129,2136,17354.0,65,89674958.22906494,79828723.9074707,247809560.77575684,91435352.32543944
2130,2130,2137,16964.0,70,93048233.98590088,79733149.52850342,259345159.53063965,88207698.82202148
2131,2131,2138,16916.0,57,91263717.6513672,81034286.49902344,299904964.4470215,89978816.98608398
2132,2132,2139,17093.0,57,92139434.81445312,79754121.78039551,267309425.3540039,87213957.78656006
2133,2133,2140,16784.0,66,89670346.2600708,75332222.9385376,299423192.02423096,84267699.24163818
2134,2134,2141,17124.0,67,91017779.35028076,74213879.58526611,267356381.4163208,83999688.14849854
2135,2135,2142,17051.0,69,90432991.98150636,74795839.30969238,276941488.2659912,81712619.78149414
2136,2136,2143,17338.0,68,80343173.02703857,71548203.46832275,298855464.93530273,80030303.00140381
2137,2137,2144,17647.0,78,77530888.55743408,67710090.63720703,279526168.8232422,77140682.22045898
2138,2138,2145,17814.0,78,90680766.10565186,72767782.21130371,311418979.6447754,83756470.68023682
2139,2139,2146,17264.0,67,93818725.5859375,74928861.61804199,286567226.4099121,83508774.75738525
2140,2140,2147,17426.0,62,91423677.444458,76352901.45874023,314372484.2071533,86282791.13769531
2141,2141,2148,17680.0,63,87225373.26812744,77039688.11035156,299202642.4407959,86794634.81903076
2142,2142,2149,17056.0,63,86223066.32995605,77786123.27575684,272769781.1126709,87041775.70343018
2143,2143,2150,17568.0,68,82025452.61383057,73220691.6809082,272856994.62890625,85087158.203125
2144,2144,2151,18772.0,75,93368584.63287354,69478334.42687988,279119840.62194824,78895683.28857422
2145,2145,2152,18388.0,65,91171028.13720705,71933574.67651367,292279022.2167969,80920394.89746094
2146,2146,2153,18132.0,68,89501482.0098877,72790126.80053711,295350696.5637207,84861356.73522949
2147,2147,2154,17605.0,68,91341610.9085083,74076419.83032227,299338125.22888184,84800472.25952148
2148,2148,2155,17948.0,84,87067765.23590088,77770599.36523438,278085281.3720703,85221181.86950684
2149,2149,2156,17353.0,71,87566375.73242188,73512976.64642334,349147129.0588379,83529808.0444336
2150,2150,2157,18361.0,72,91235442.16156006,74858652.11486816,240452625.2746582,83854525.56610107
2151,2151,2158,18050.0,67,93368293.76220705,73230495.45288086,295564060.21118164,84710126.87683105
2152,2152,2159,18001.0,73,76211032.86743164,69730422.0199585,232612113.95263672,79491140.36560059
2153,2153,2160,18541.0,65,96894805.90820312,76081942.55828857,260008453.36914065,86611764.90783691
2154,2154,2161,18074.0,68,83169205.66558838,75371361.73248291,239702087.40234372,82528224.94506836
2155,2155,2162,18546.0,73,76198066.71142578,77587592.12493896,276153923.034668,88864525.79498291
2156,2156,2163,18300.0,61,88049697.87597656,77394390.10620117,277664852.142334,85385513.30566406
2157,2157,2164,18076.0,71,88837368.01147461,77852338.79089355,262480309.4863892,85219470.02410889
2158,2158,2165,17154.0,75,91639392.8527832,72629289.6270752,279800901.41296387,83660887.71820068
2159,2159,2166,17574.0,70,86046049.11804199,73509242.0578003,287559926.03302,85909114.83764648
2160,2160,2167,17393.0,61,84367465.97290039,73234756.46972656,263455608.36791992,80440670.01342773
2161,2161,2168,18503.0,77,91000777.24456789,77517423.62976074,246623176.57470703,84908588.40942383
2162,2162,2169,17832.0,71,95695147.51434326,75093358.99353027,299977587.69989014,83229088.78326416
2163,2163,2170,18117.0,69,92391251.56402588,73324535.36987305,313050029.7546387,87118488.31176758
2164,2164,2171,18057.0,68,96637370.1095581,77539879.79888916,260974545.4788208,85270936.96594238
2165,2165,2172,18000.0,60,96815013.88549805,77975177.76489258,253983020.7824707,85947418.21289062
2166,2166,2173,18000.0,62,96792791.36657716,77724952.6977539,285535118.10302734,87564182.28149414
2167,2167,2174,18141.0,65,73739985.46600342,77218457.22198486,265152837.7532959,86989385.6048584
2168,2168,2175,18249.0,63,91774215.6982422,77478991.50848389,278377882.0037842,86106710.43395996
2169,2169,2176,18051.0,75,92772187.2329712,71472042.08374023,325063528.0609131,81994225.50201416
2170,2170,2177,18842.0,70,93903194.42749023,75292767.52471924,349912424.0875244,89063906.6696167
2171,2171,2178,17845.0,68,94290546.41723631,77524401.66473389,244572231.2927246,86190241.81365967
2172,2172,2179,18368.0,89,96750751.49536131,75343288.42163086,246072337.15057373,85072892.18902588
2173,2173,2180,17811.0,74,92833268.16558838,75346498.48937988,273758099.55596924,83183112.14447021
2174,2174,2181,18119.0,69,86126434.32617188,71348875.04577637,244224208.8317871,79954019.54650879
2175,2175,2182,18172.0,72,94679984.0927124,71427428.24554443,318475275.9933472,81298660.27832031
2176,2176,2183,18353.0,63,93912218.09387209,70889719.96307373,270145874.0234375,79886528.01513672
2177,2177,2184,18003.0,66,87875407.2189331,70053666.11480713,303637045.8602905,77637421.60797119
2178,2178,2185,18103.0,67,74677667.61779785,67252023.69689941,251557120.32318115,75734505.65338135
2179,2179,2186,18293.0,62,90491394.04296876,71480190.27709961,301388000.48828125,80952598.57177734
2180,2180,2187,18429.0,65,93974502.56347656,74502437.59155273,240306491.85180664,82212608.33740234
2181,2181,2188,17739.0,72,81312014.57977295,71189524.65057373,306822151.18408203,80559806.82373047
2182,2182,2189,18603.0,74,91658290.86303712,71495340.34729004,270211062.43133545,81679175.37689209
2183,2183,2190,18391.0,65,95582529.06799316,73491288.18511963,235170463.5620117,80512808.79974365
2184,2184,2191,18140.0,72,91314019.20318604,76548135.75744629,289131082.53479004,87038195.61004639
2185,2185,2192,18380.0,62,88416362.76245117,79331996.91772461,300176860.8093262,89823848.72436523
2186,2186,2193,18196.0,63,91987735.74829102,80282806.39648438,221298984.5275879,89852516.1743164
2187,2187,2194,18130.0,66,96337436.6760254,80579694.7479248,278826747.8942871,89896518.70727539
2188,2188,2195,17755.0,60,95591286.65924072,80156635.28442383,227238519.6685791,87627071.38061523
2189,2189,2196,18245.0,64,90045840.2633667,78472936.63024902,300119641.3040161,88758842.46826172
2190,2190,2197,18106.0,63,90425933.83789062,76786492.34771729,308218738.5559082,85033268.92852783
2191,2191,2198,18303.0,64,72355334.28192139,74919486.99951172,271764272.68981934,82929686.54632568
2192,2192,2199,18715.0,72,49784910.20202637,74524971.9619751,249883185.3866577,83924996.3760376
2193,2193,2200,18413.0,76,49510053.63464356,69528978.34777832,258158211.70806885,76543511.39068604
2194,2194,2201,18570.0,65,88475057.60192871,71043939.5904541,260688919.0673828,78511415.48156738
2195,2195,2202,18300.0,61,91454029.08325195,73360633.85009766,313916301.7272949,81962013.2446289
2196,2196,2203,18179.0,72,66571044.921875,72596353.53088379,230380662.9180908,82277672.76763916
2197,2197,2204,18786.0,66,85636684.41772461,73978017.80700684,324093986.51123047,85766283.98895264
2198,2198,2205,18710.0,64,107756782.53173828,80804592.13256836,296150131.22558594,88559082.03125
2199,2199,2206,18590.0,63,100869692.8024292,80720329.28466797,367532891.27349854,90967218.39904784
2200,2200,2207,18552.0,64,98321252.82287598,81658386.23046875,312908433.9141846,93787006.37817384
2201,2201,2208,18584.0,65,103846529.006958,86557895.66040039,289670148.8494873,95515502.9296875
2202,2202,2209,18674.0,63,98277095.79467772,87639911.65161133,273070167.5415039,95648307.80029295
2203,2203,2210,18473.0,62,96410399.43695068,88467422.48535156,302711821.5560913,97236345.2911377
2204,2204,2211,18727.0,65,77343864.44091797,80819158.55407715,326690926.55181885,93497203.8269043
2205,2205,2212,18600.0,62,89802932.73925781,81519699.09667969,277385616.30249023,91857433.3190918
2206,2206,2213,18494.0,63,87016965.86608887,81835727.69165039,296095317.8405762,91553736.68670654
2207,2207,2214,18706.0,65,76157699.58496094,81851224.89929199,262482326.5075684,90344575.881958
2208,2208,2215,18600.0,64,81770170.21179199,78801727.29492188,313934783.9355469,93234403.61022948
2209,2209,2216,18466.0,62,93523841.85791016,84907855.98754883,294079853.0578613,94799499.51171876
2210,2210,2217,18399.0,65,103767810.8215332,83637651.44348145,317281696.3195801,91845560.07385254
2211,2211,2218,18292.0,67,73179664.6118164,74361073.49395752,283508028.9840698,85325491.9052124
2212,2212,2219,18300.0,62,71164973.25897217,72061725.61645508,280506523.1323242,77905677.79541016
2213,2213,2220,18300.0,61,83153915.40527344,71648311.61499023,298947429.6569824,78210067.74902344
2214,2214,2221,18072.0,61,50107340.81268311,68172409.05761719,201404199.60021973,75807603.83605957
2215,2215,2222,18726.0,72,64296874.04632568,68284006.11877441,273237307.54852295,77328933.71582031
2216,2216,2223,18673.0,63,96335243.22509766,73022102.35595703,338072444.9157715,81068927.76489258
2217,2217,2224,18339.0,66,73473557.472229,68338016.51000977,310411283.493042,75970600.12817383
2218,2218,2225,18542.0,74,94485883.71276855,74350222.58758545,319132555.9616089,85323223.11401367
2219,2219,2226,18527.0,72,95781757.35473631,75639429.09240723,263674064.63623047,84398283.00476074
2220,2220,2227,18982.0,77,97146724.70092772,74957219.12384033,368046462.059021,83221268.65386963
2221,2221,2228,18307.0,67,68551807.40356445,67148290.63415527,318228526.1154175,72313863.75427246
2222,2222,2229,18120.0,61,54203224.182128906,64933547.97363281,212052984.2376709,69629344.94018555
2223,2223,2230,18997.0,78,60898518.562316895,67724842.0715332,288147400.85601807,75410089.49279785
2224,2224,2231,19088.0,67,79493983.2687378,75183490.75317383,369252002.71606445,85715045.92895508
2225,2225,2232,18769.0,63,116372924.8046875,77645244.59838867,425651508.3312988,87103137.9699707
2226,2226,2233,18916.0,68,89833456.99310303,72605829.2388916,390812245.3689575,88992134.09423828
2227,2227,2234,18886.0,69,115597345.35217284,86499418.25866699,384472254.7531128,94900484.085083
2228,2228,2235,18735.0,68,107945319.1757202,83997634.88769531,353322459.22088623,96131473.54125977
2229,2229,2236,19005.0,66,109774049.75891112,89356708.52661133,353581051.82647705,96513166.4276123
2230,2230,2237,17592.0,72,98642766.95251463,74061466.21704102,328447162.6281738,82218403.81622314
2231,2231,2238,17034.0,92,72504770.27893066,64632439.613342285,274266860.96191406,74840717.31567383
2232,2232,2239,16782.0,105,89414855.00335693,67985378.26538086,372994219.77996826,80737251.28173828
2233,2233,2240,17571.0,76,77416563.98773193,73123700.14190674,275175398.8265991,83938366.88995361
2234,2234,2241,18089.0,111,77811713.21868896,73850013.73291016,267579096.7941284,83727627.75421143
2235,2235,2242,19362.0,109,82837170.60089111,79337096.21429443,333766971.5881348,93903200.14953612
2236,2236,2243,13822.0,160,96962202.07214355,72894080.16204834,388409702.3010254,80470903.39660645
2237,2237,2244,11232.0,93,119762073.5168457,70811882.01904297,432874026.29852295,91840413.0935669
2238,2238,2245,13751.0,88,133627451.89666748,85682525.63476562,566100154.876709,102568533.8973999
2239,2239,2246,14578.0,90,124282967.56744383,85926278.11431885,497489257.8125,107641318.32122804
2240,2240,2247,15677.0,78,102195950.50811768,78938276.29089355,590662738.8000488,106337178.23028564
2241,2241,2248,17691.0,87,94569287.30010986,83273027.42004395,515813082.6950073,110312901.4968872
2242,2242,2249,17580.0,72,133559767.7230835,86903469.08569336,681594391.822815,106435837.7456665
2243,2243,2250,18475.0,90,137846740.72265625,90796565.05584715,539398750.3051758,115690915.10772704
2244,2244,2251,18022.0,83,137014228.82080078,92115791.32080078,580756183.6242676,107387104.03442384
2245,2245,2252,18211.0,80,116867081.64215088,89188990.59295654,543541261.6729736,118710236.54937744
2246,2246,2253,17375.0,91,116863137.24517822,91298528.67126463,456640795.7077026,110835460.6628418
2247,2247,2254,17162.0,78,120320519.44732666,102391685.48583984,510262621.8795776,126565843.58215332
2248,2248,2255,17495.0,93,132351250.64849854,106439114.57061768,592963469.50531,133997147.56011964
2249,2249,2256,16515.0,113,110072373.39019775,101685669.89898682,464077824.59259033,117886754.0359497
2250,2250,2257,16460.0,94,108438223.83880617,96588371.27685548,435867133.140564,112812644.9584961
2251,2251,2258,16626.0,84,107649906.15844728,99055600.1663208,463030531.88323975,117949155.80749512
2252,2252,2259,16428.0,78,113872288.70391846,100021157.26470947,396599318.5043335,113004024.50561523
2253,2253,2260,15350.0,76,86439146.04187012,82328068.73321533,348084166.52679443,100754902.83966064
2254,2254,2261,17220.0,97,119350986.48071288,106682950.97351074,468688986.7782593,127352900.50506592
2255,2255,2262,15941.0,64,129456056.59484863,99969108.58154295,439717149.7344971,110607463.83666992
2256,2256,2263,16298.0,81,134740799.90386963,95976841.9265747,488598145.4849243,109711860.65673828
2257,2257,2264,16189.0,103,113323322.29614258,82229016.30401611,405853420.2575684,98378401.75628662
2258,2258,2265,16930.0,75,154657566.07055664,107446002.96020508,480729993.8201904,118527878.7612915
2259,2259,2266,16761.0,75,141852478.98101807,100830820.08361816,444088603.9733887,108506890.29693604
2260,2260,2267,17165.0,64,118465910.91156006,90340852.73742676,405853950.5004883,108600547.79052734
2261,2261,2268,14781.0,115,113468372.3449707,80340209.00726318,379218441.9631958,97247088.432312
2262,2262,2269,12974.0,56,123148273.46801758,80105821.60949707,333707215.30914307,93826802.25372314
2263,2263,2270,13184.0,65,88463701.24816895,64749564.1708374,294448106.7657471,78911170.00579834
2264,2264,2271,13402.0,74,95352616.31011964,65260075.56915283,291048717.4987793,78762287.13989258
2265,2265,2272,14032.0,60,115825436.59210204,71476098.06060791,418337125.77819824,93280769.34814452
2266,2266,2273,14003.0,70,125076816.55883788,71444975.85296631,373434815.4067993,91343978.88183594
2267,2267,2274,12499.0,53,108824832.91625977,65465818.40515137,303877534.866333,75210158.3480835
2268,2268,2275,13355.0,65,92084887.50457764,66270839.69116211,320671339.9887085,86142415.0466919
2269,2269,2276,12265.0,61,64529919.62432861,44780519.48547363,208419434.54742432,57218015.67077637
2270,2270,2277,12225.0,49,86232980.72814941,47978637.6953125,261234680.17578125,56942099.57122803
2271,2271,2278,12456.0,64,65817603.11126709,47261659.62219238,234537289.6194458,55351822.85308838
2272,2272,2279,12734.0,59,81716716.76635742,49508641.24298096,292570555.6869507,64087421.41723633
2273,2273,2280,11598.0,56,87734053.61175537,51912162.78076172,246464123.7258911,59934442.5201416
2274,2274,2281,13444.0,63,69460522.65167236,46276315.689086914,258991662.0254517,57205594.062805176
2275,2275,2282,13713.0,79,93550695.41931152,66797921.1807251,296536026.00097656,83830104.82788086
2276,2276,2283,13866.0,65,120200670.24230956,75640926.36108398,338760599.13635254,83753973.00720215
2277,2277,2284,14369.0,60,112944128.03649902,73283833.50372314,346183944.70214844,88122728.34777832
2278,2278,2285,14322.0,63,117039476.39465332,79790604.59136963,362829134.9411011,93925535.20202637
2279,2279,2286,13771.0,52,115214840.88897704,75415798.18725586,317763265.6097412,89751143.45550537
2280,2280,2287,14217.0,57,104571174.62158205,76720108.98590088,341027191.1621094,89684289.93225098
2281,2281,2288,14741.0,58,121720241.54663086,77964439.39208984,310978278.1600952,89139332.77130127
2282,2282,2289,14537.0,63,89464720.72601318,68019244.19403076,353763247.4899292,88910917.28210449
2283,2283,2290,14757.0,64,114697669.02923584,79923383.71276855,379270607.9483032,90947878.83758543
2284,2284,2291,14724.0,72,118622252.46429443,79854207.99255371,392328243.2556152,90931006.4315796
2285,2285,2292,15399.0,68,122765065.19317628,97382536.88812256,445319602.9663086,105409749.9847412
2286,2286,2293,15703.0,72,120962589.26391602,95619086.26556396,402155994.4152832,103686070.4421997
2287,2287,2294,15527.0,62,119442743.3013916,95388065.33813477,386667224.8840332,101078110.69488524
2288,2288,2295,16438.0,67,119797853.46984863,91926491.73736572,398374410.62927246,107937765.12145996
2289,2289,2296,15470.0,77,116961178.77960204,77504281.04400635,338158473.96850586,94747498.51226808
2290,2290,2297,15385.0,80,131798418.04504396,98039116.85943604,454260310.17303467,106542304.03900146
2291,2291,2298,14674.0,93,126713659.28649902,95156003.95202637,381868309.9746704,102566294.67010498
2292,2292,2299,15069.0,63,129462978.36303712,107715076.4465332,346697362.8997803,120025592.80395508
2293,2293,2300,14730.0,68,131400268.5546875,111878437.99591064,371278272.6287842,119809543.60961914
2294,2294,2301,15191.0,67,134173851.0131836,101355866.43218994,379056193.3517456,117136559.48638916
2295,2295,2302,14580.0,76,139904081.3446045,108987322.807312,448955722.8088379,125610539.43634032
2296,2296,2303,14278.0,55,136349713.3255005,107471126.55639648,438282448.7686157,116040493.96514893
2297,2297,2304,13955.0,62,136149620.05615234,106185289.38293456,466343917.8466797,119894492.14935304
2298,2298,2305,14089.0,57,135107033.72955322,100560328.48358154,410651502.6092529,118057455.0628662
2299,2299,2306,13602.0,71,129049401.28326416,82411046.98181152,395457464.2181397,98524178.50494383
2300,2300,2307,14217.0,53,129396683.69293211,80088966.3696289,411024261.4746094,97921609.87854004
2301,2301,2308,14038.0,65,118411459.92279053,74829071.04492188,459102942.46673584,95469492.91229248
2302,2302,2309,12956.0,66,107421319.00787354,69670834.5413208,396865518.5699463,80064167.02270508
2303,2303,2310,14168.0,79,118235822.6776123,76293917.65594482,376088831.9015503,87173577.30865479
2304,2304,2311,14170.0,75,117893622.39837646,75388029.09851074,418715567.58880615,89935735.70251465
2305,2305,2312,14716.0,61,125417810.44006348,77905403.13720703,470739248.2757568,94561151.5045166
2306,2306,2313,13909.0,57,100184429.16870116,75684796.33331299,423463228.225708,94803838.7298584
2307,2307,2314,14414.0,81,133614871.97875977,90703392.98248293,452139009.475708,110575987.81585692
2308,2308,2315,13933.0,76,138982183.4564209,107044654.8461914,460472898.4832764,122911418.91479492
2309,2309,2316,13746.0,48,137259544.3725586,104635473.25134276,461393367.767334,127322658.53881836
2310,2310,2317,14090.0,48,137206449.508667,109064770.69854736,467017017.364502,123903571.1288452
2311,2311,2318,13098.0,60,122021250.72479248,90505735.39733888,404449404.7164917,113174260.13946532
2312,2312,2319,14065.0,70,134942728.04260254,97232041.35894775,460349775.3143311,111207897.1862793
2313,2313,2320,14490.0,78,140603322.02911377,103894064.90325928,493471021.6522217,126503461.83776855
2314,2314,2321,14812.0,71,145041255.95092773,100372616.7678833,434076597.2137451,116047933.5784912
2315,2315,2322,14149.0,66,134858575.82092285,95291618.34716795,404234107.0175171,111534850.12054443
2316,2316,2323,15154.0,83,139731861.11450195,97003966.33148192,463375171.66137695,114265599.25079346
2317,2317,2324,14503.0,76,134767394.06585693,87097268.10455322,534290127.7542114,110086508.75091553
2318,2318,2325,14138.0,68,108448387.1459961,77225550.6515503,462385265.3503418,96620418.54858398
2319,2319,2326,14894.0,73,126556958.19854736,88882624.62615967,404522787.0941162,103373157.5012207
2320,2320,2327,14625.0,77,133511659.62219238,93134252.54821776,461988584.5184326,108054512.02392578
2321,2321,2328,13903.0,70,124022472.3815918,89225595.47424316,360612001.4190674,99572936.05804443
2322,2322,2329,12961.0,57,113872719.76470947,67428268.43261719,345310392.37976074,89186641.69311523
2323,2323,2330,12643.0,50,107810996.05560304,70576385.49804688,406278664.5889282,76602994.91882324
2324,2324,2331,13649.0,66,114599332.80944824,67590630.53131104,294176260.94818115,76133610.72540283
2325,2325,2332,13710.0,65,108144701.00402832,66682767.86804199,374343088.1500244,82252847.67150879
2326,2326,2333,13946.0,60,101345071.79260254,72298379.89807129,335093577.38494873,87482439.99481201
2327,2327,2334,14563.0,58,102362246.5133667,78945248.6038208,394673604.0115357,96019201.27868652
2328,2328,2335,13779.0,49,123580615.99731444,80850955.00946045,356873874.66430664,91947606.08673096
2329,2329,2336,13749.0,61,134527388.57269287,94811273.5748291,377108658.7905884,103435059.54742432
2330,2330,2337,14121.0,62,131508024.21569824,96475577.35443117,452805494.3084717,103933846.47369383
2331,2331,2338,13957.0,84,124975213.05084229,91313509.94110107,370273486.1373901,105928586.95983888
2332,2332,2339,13597.0,56,134256932.25860596,96328911.78131104,464811357.49816895,114644064.90325928
2333,2333,2340,13015.0,60,123899930.95397948,77894989.96734619,383546288.4902954,94379963.8748169
2334,2334,2341,13801.0,62,123279207.22961426,78570064.54467773,342687316.89453125,94432933.80737305
2335,2335,2342,13148.0,53,127489753.72314452,92943882.9421997,370939939.49890137,100133109.0927124
2336,2336,2343,12547.0,48,121087156.29577637,82796925.54473877,356786931.03790283,92653512.95471191
2337,2337,2344,12985.0,55,125020310.4019165,87331997.87139893,387837857.2463989,98046777.72521973
2338,2338,2345,12594.0,65,119836839.67590332,85121934.89074707,343685543.06030273,89834687.23297119
2339,2339,2346,12809.0,49,126970115.6616211,82595966.33911133,390404778.4805298,97615254.40216064
2340,2340,2347,12667.0,55,123691059.11254884,81726463.3178711,379177461.6241455,99419246.67358398
2341,2341,2348,13332.0,50,138112142.5628662,114553968.42956544,526966174.1256714,129208229.0649414
2342,2342,2349,12845.0,48,125980834.00726318,106170891.7617798,423377595.90148926,116113955.4977417
2343,2343,2350,13458.0,61,128656894.68383788,108105934.1430664,401810277.9388428,113337965.965271
2344,2344,2351,13038.0,50,120941944.12231444,98432844.1619873,346819566.7266846,102324019.43206789
2345,2345,2352,13785.0,63,101762428.2836914,94337061.88201904,419975846.2905884,107926293.37310793
2346,2346,2353,13004.0,80,77908874.51171875,67330615.04364014,309164320.94573975,76337469.10095215
2347,2347,2354,13035.0,73,83015179.63409424,52733309.745788574,247784826.2786865,64730586.05194092
2348,2348,2355,14352.0,99,85793866.15753174,48237130.1651001,273346007.34710693,55495948.79150391
2349,2349,2356,17918.0,140,116006419.18182372,66123397.82714844,355082814.21661377,77969578.74298096
2350,2350,2357,14156.0,75,98328355.78918456,53273497.58148193,289508619.3084717,60205403.327941895
2351,2351,2358,14788.0,74,97895028.11431883,46888658.52355957,230698642.7307129,50722181.32019043
2352,2352,2359,13964.0,61,96790858.2687378,44128549.575805664,227838920.5932617,47735757.82775879
2353,2353,2360,14244.0,93,105331103.32489014,51510068.89343262,268565462.1124268,60479692.459106445
2354,2354,2361,13374.0,64,109108559.60845947,50324413.29956055,267621551.51367188,54089166.64123535
2355,2355,2362,14652.0,74,98088791.847229,49046654.70123291,314015157.69958496,61540065.76538086
2356,2356,2363,13990.0,66,94960604.66766356,47948626.51824951,247002891.5405273,52264930.725097656
2357,2357,2364,14188.0,79,95202949.52392578,46256546.02050781,262153316.49780276,51212841.98760986
2358,2358,2365,14231.0,82,102013813.01879884,49891794.20471192,282385576.24816895,58024914.74151611
2359,2359,2366,13703.0,47,111311418.5333252,54780555.725097656,244197963.7145996,59093601.22680664
2360,2360,2367,12587.0,60,87999208.45031738,40328540.80200195,244372731.20880127,43346918.1060791
2361,2361,2368,13733.0,112,99286787.98675536,45558602.33306885,282990382.19451904,52090098.38104248
2362,2362,2369,12689.0,70,105742644.30999756,50041720.390319824,265097017.288208,61362848.28186035
2363,2363,2370,12097.0,63,104263428.68804932,51632600.78430176,273023051.26190186,57843391.41845703
2364,2364,2371,11944.0,41,99409786.22436523,52210281.37207031,229005001.06811523,56039199.82910156
2365,2365,2372,11924.0,44,103924137.11547852,50588349.34234619,262262289.0472412,54571149.826049805
2366,2366,2373,12139.0,44,108243319.51141356,51079294.20471192,252907200.81329343,56334141.73126221
2367,2367,2374,12316.0,58,100733844.75708008,50727087.02087402,295114460.9451294,59486714.36309815
2368,2368,2375,12619.0,64,108829167.36602785,55173552.51312256,233571983.33740237,57577174.18670654
2369,2369,2376,12205.0,54,106930945.39642334,52798025.13122559,240159014.7018433,57390824.31793213
2370,2370,2377,12669.0,56,105695956.23016356,53396572.11303711,261704173.08807373,60736427.307128906
2371,2371,2378,12058.0,63,102932332.0388794,51132295.60852051,257782895.0881958,57258522.033691406
2372,2372,2379,12332.0,58,103760714.53094482,54097033.50067139,223581916.80908203,57536231.994628906
2373,2373,2380,11556.0,48,104066622.73406982,52070191.38336182,227461735.72540283,55523697.85308838
2374,2374,2381,12392.0,77,81007270.81298828,45519042.96875,237472783.08868408,50111611.36627197
2375,2375,2382,12934.0,85,93686385.15472412,56994313.24005127,301936626.4343262,64092133.52203369
2376,2376,2383,12641.0,75,102165719.0322876,59835948.9440918,801295996.6659546,64835453.98712158
2377,2377,2384,13196.0,55,109087454.7958374,68441413.87939453,255948210.7162476,74300636.2915039
2378,2378,2385,13009.0,50,104842864.99023438,61802536.01074219,296778698.9212036,72130345.34454346
2379,2379,2386,13274.0,57,96568327.90374756,60722608.56628418,267521421.43249512,69310853.00445557
2380,2380,2387,13370.0,58,108190948.48632812,66719264.98413086,243745737.0758057,71403465.2709961
2381,2381,2388,13346.0,58,93430476.18865968,54870072.36480713,251918808.93707275,65891643.52416992
2382,2382,2389,13753.0,59,104408777.23693848,63159799.575805664,273243866.9204712,71397267.34161377
2383,2383,2390,13467.0,74,102482256.88934326,61226863.861083984,307977108.001709,72941318.51196289
2384,2384,2391,13536.0,46,119884723.66333008,71199554.44335938,276128814.6972656,75122051.23901367
2385,2385,2392,12717.0,53,109919838.90533447,62978318.2144165,258840428.352356,67518835.06774902
2386,2386,2393,13323.0,81,96285723.68621826,50329656.60095215,271225651.74102783,57443470.95489502
2387,2387,2394,13436.0,52,88792416.5725708,49787216.18652344,250709575.65307617,56630395.88928223
2388,2388,2395,13560.0,69,85826594.35272217,52139783.85925293,322316598.8922119,57527914.04724121
2389,2389,2396,14398.0,83,72218721.38977051,58687976.8371582,266586522.102356,70305676.46026611
2390,2390,2397,14245.0,68,88166949.27215576,69825176.23901367,298265280.7235718,85850292.20581055
2391,2391,2398,14098.0,61,87704539.29901123,72304824.82910156,335495480.5374145,88262720.10803223
2392,2392,2399,14597.0,59,73282652.85491943,72265840.53039551,291625916.48101807,86586725.23498535
2393,2393,2400,14632.0,54,83096947.66998291,71842592.23937988,345314891.81518555,86149320.60241699
2394,2394,2401,14564.0,66,70325849.53308105,69820234.29870605,258608753.2043457,81175132.75146484
2395,2395,2402,14837.0,64,68826838.49334717,64437467.57507324,256489598.27423096,79099956.51245117
2396,2396,2403,15004.0,73,76357054.71038818,59499095.91674805,281461915.96984863,71621124.26757812
2397,2397,2404,14998.0,55,82151696.20513916,62634980.20172119,305379050.2548218,73046441.07818604
2398,2398,2405,15119.0,61,85524682.04498291,66103509.9029541,307969144.821167,73864230.15594482
2399,2399,2406,14755.0,58,74467591.28570557,59267620.08666992,276077350.6164551,71689888.00048828
2400,2400,2407,14930.0,52,85911856.65130615,57796100.61645508,278710998.53515625,69411893.84460449
2401,2401,2408,15356.0,68,92399591.44592284,59023715.01922608,268404416.08428955,68858491.89758301
2402,2402,2409,15607.0,53,80753240.58532715,61352085.11352539,289303638.45825195,70013534.54589844
2403,2403,2410,15610.0,58,91631515.50292967,62740602.49328613,306346647.26257324,74147806.16760254
2404,2404,2411,15600.0,52,89706516.26586914,61605834.9609375,244470977.78320312,69980049.13330078
2405,2405,2412,15489.0,53,90772533.41674805,61735622.40600586,322742614.7460937,72782180.78613281
2406,2406,2413,15694.0,53,88819725.0366211,64205608.36791992,275362014.7705078,72194442.74902344
2407,2407,2414,15606.0,55,78240427.97088623,64110136.03210449,309005587.5778198,74016223.9074707
2408,2408,2415,15799.0,54,73544792.17529297,62173141.47949219,298570749.2828369,73795982.36083984
2409,2409,2416,15636.0,72,72977039.3371582,58681831.35986328,247872637.74871823,67952822.6852417
2410,2410,2417,15852.0,63,65252613.06762695,59106776.23748779,237968328.47595212,68689369.20166016
2411,2411,2418,16248.0,72,77042121.88720703,62363039.01672363,265148346.90093997,72544856.07147217
2412,2412,2419,17256.0,79,84483161.92626953,73105161.66687012,374473244.6670532,88820224.76196289
2413,2413,2420,16128.0,61,76292367.93518066,62178661.34643555,257887742.0425415,70248161.31591797
2414,2414,2421,15958.0,60,68150024.4140625,53642248.15368652,227934328.07922363,61408609.39025879
2415,2415,2422,17509.0,76,95908608.43658447,59879696.8460083,274780053.1387329,67454130.17272949
2416,2416,2423,17498.0,79,97792609.21478271,64346792.221069336,270386702.5375366,79465941.42913818
2417,2417,2424,16664.0,71,98650563.24005128,65712850.57067871,224240291.59545895,72110508.9187622
2418,2418,2425,16187.0,71,89990642.54760742,61187626.83868408,249320741.6534424,68270709.03778076
2419,2419,2426,13307.0,129,84443344.11621094,57652936.935424805,257011920.92895508,67009902.95410156
2420,2420,2427,13926.0,51,97840818.40515137,73583970.06988525,234551258.0871582,84240721.70257568
2421,2421,2428,14482.0,76,94743007.65991212,77073016.16668701,177389832.49664307,86214460.3729248
2422,2422,2429,13758.0,64,81074059.48638916,68724670.41015625,218194297.7905273,79023337.36419678
2423,2423,2430,14737.0,58,90989795.68481444,73677355.76629639,260634899.1394043,82968699.45526123
2424,2424,2431,14068.0,75,84933599.4720459,73022870.06378174,312714196.2051392,84494259.83428955
2425,2425,2432,13863.0,62,93978630.06591795,76781967.16308594,291329492.5689697,87041919.70825195
2426,2426,2433,13554.0,51,90914560.31799316,78502534.86633301,233845361.70959476,87694622.99346924
2427,2427,2434,13815.0,48,91928039.55078124,78393083.5723877,216940967.55981445,87261915.20690918
2428,2428,2435,14092.0,49,92745762.8250122,76698619.8425293,260332519.53125,88741146.08764648
2429,2429,2436,14079.0,50,92860988.61694336,78823551.17797852,277566970.8251953,87919677.734375
2430,2430,2437,13969.0,56,87462774.2767334,75833924.29351807,288190857.88726807,90183917.04559326
2431,2431,2438,13714.0,57,92391356.46820068,76006109.2376709,259876750.9460449,85291697.50213623
2432,2432,2439,14313.0,66,91498209.9533081,74655799.86572266,226510956.7642212,82506377.22015381
2433,2433,2440,14012.0,48,91511695.8618164,72091861.72485352,272612922.66845703,82023967.74291992
2434,2434,2441,14191.0,59,91593952.17895508,73445760.72692871,245929746.6278076,82911128.04412842
2435,2435,2442,14100.0,47,89352035.52246094,69631290.43579102,266509151.45874023,79619407.6538086
2436,2436,2443,14100.0,47,79991626.73950195,67737007.14111328,279856681.82373047,79265213.01269531
2437,2437,2444,14301.0,53,89859844.20776367,69579939.84222412,276776637.07733154,78190248.48937988
2438,2438,2445,14526.0,49,95910432.81555176,68720380.78308105,307117176.0559082,79004215.24047852
2439,2439,2446,15226.0,54,90340377.8076172,72415063.85803223,255804324.15008545,81309659.00421143
2440,2440,2447,14970.0,61,99061781.88323976,77291476.24969482,232254358.291626,88563014.98413086
2441,2441,2448,15001.0,59,95406848.9074707,79205968.85681152,240350648.88000488,89407584.19036865
2442,2442,2449,14700.0,49,91935253.14331056,73174095.1538086,215838718.41430664,84829902.64892578
2443,2443,2450,14125.0,54,89284202.5756836,73120379.44793701,236914085.3881836,84631212.23449707
2444,2444,2451,14811.0,62,89589387.89367676,73581932.0678711,279752360.3439331,86206240.6539917
2445,2445,2452,14727.0,65,86781695.36590576,66296576.499938965,261768047.33276367,77988839.1494751
2446,2446,2453,15609.0,63,91888081.55059814,68604438.78173828,285302586.55548096,79243047.7142334
2447,2447,2454,16102.0,64,87656386.37542725,70621831.8939209,295264389.99176025,80017732.62023926
2448,2448,2455,16002.0,62,85330369.94934082,70702599.52545166,300617632.86590576,78930829.04815674
2449,2449,2456,16672.0,57,89512456.8939209,72690727.23388672,330043258.6669922,81313453.6743164
2450,2450,2457,17116.0,71,91768448.82965088,71660577.77404785,327458974.83825684,81371540.06958008
2451,2451,2458,17145.0,67,92782507.89642334,74011246.68121338,280792659.7595215,84716858.86383057
2452,2452,2459,16994.0,57,87798057.55615234,72159545.8984375,287377918.2434082,82449645.99609375
2453,2453,2460,17204.0,61,83319999.69482422,69367216.11022949,300676990.5090332,78797837.25738525
2454,2454,2461,17288.0,80,87162399.29199219,72643936.15722656,314759594.91729736,80190510.7498169
2455,2455,2462,16732.0,75,70867166.51916504,62321825.02746582,484847967.1478272,71952401.16119385
2456,2456,2463,17536.0,76,101679711.34185793,71220990.18096924,297573733.32977295,82806233.4060669
2457,2457,2464,17858.0,72,104737043.3807373,78217141.15142822,365568707.4661255,88988636.97052002
2458,2458,2465,17169.0,64,93952787.399292,67838917.73223877,358928817.74902344,81080595.97015381
2459,2459,2466,17184.0,60,95999774.93286131,71895483.01696777,264029178.6193848,83175238.60931396
2460,2460,2467,17100.0,58,97219631.19506836,73628204.34570312,292454738.61694336,82579692.84057617
2461,2461,2468,17100.0,58,95646778.10668944,70652351.37939453,323411212.9211426,85050128.93676758
2462,2462,2469,16834.0,62,95572460.17456056,74037199.97406006,253311586.38000488,84449841.49932861
2463,2463,2470,16533.0,60,93538199.42474364,74341212.27264404,276778427.12402344,83622838.0203247
2464,2464,2471,16279.0,59,96459829.33044434,71960762.02392578,303396782.87506104,86563381.19506836
2465,2465,2472,15994.0,57,95523708.34350586,73268751.14440918,255414696.6934204,80485323.90594482
2466,2466,2473,15541.0,55,91120087.6235962,71199390.41137695,225694386.4822388,79491518.02062988
2467,2467,2474,15278.0,76,89503300.66680908,70637679.10003662,279273765.56396484,81813808.44116211
2468,2468,2475,15203.0,53,87812878.60870361,74195847.5112915,316448764.8010254,84189616.2033081
2469,2469,2476,15287.0,70,91711204.5288086,72681977.27203369,274222233.77227783,84274418.83087158
2470,2470,2477,15155.0,62,80823398.59008789,69629437.44659424,314782814.0258789,78574674.60632324
2471,2471,2478,15639.0,54,88872858.04748535,75254620.55206299,366915760.0402832,86157708.16802979
2472,2472,2479,15779.0,74,92148036.0031128,74715792.65594482,272070376.3961792,86429151.53503418
2473,2473,2480,15831.0,54,89852938.65203857,75530761.71875,231031503.67736816,84196649.5513916
2474,2474,2481,15979.0,61,87290711.40289307,74518425.94146729,262678080.5587769,82006938.93432617
2475,2475,2482,16149.0,56,89469283.10394287,74264227.86712646,327299995.4223633,85167015.0756836
2476,2476,2483,15868.0,65,93546132.08770752,75238717.0791626,268185477.2567749,85638863.5635376
2477,2477,2484,15600.0,54,93788858.41369627,76298601.1505127,217445941.92504883,84797176.36108398
2478,2478,2485,15295.0,56,92075084.6862793,74362711.9064331,206023822.78442383,85122992.51556396
2479,2479,2486,15229.0,61,89158502.57873535,68959830.28411865,253877208.7097168,77699208.25958252
2480,2480,2487,15472.0,60,86497589.11132812,61429568.29071045,270488522.52960205,72201874.73297119
2481,2481,2488,15728.0,64,92482555.3894043,59710891.72363281,294917083.7402344,66647148.13232422
2482,2482,2489,16185.0,64,90778243.06488036,61177740.0970459,231549260.13946533,67697816.84875488
2483,2483,2490,16352.0,57,92943489.07470705,65278557.77740479,245249404.90722656,72319624.90081787
2484,2484,2491,16846.0,67,76148900.98571777,62546164.51263428,240556241.9891357,71947844.50531006
2485,2485,2492,16720.0,69,96948056.2210083,65485058.78448486,294276595.1156616,76845043.18237305
2486,2486,2493,17353.0,62,96836141.58630373,71643206.59637451,219181804.6569824,80365742.68341064
2487,2487,2494,17020.0,57,95207691.19262695,70367698.6694336,279251976.0131836,82174587.24975586
2488,2488,2495,16841.0,59,90952106.47583008,71907672.88208008,279115535.736084,82519069.67163086
2489,2489,2496,15975.0,66,96546058.65478516,63703216.552734375,272933868.4082031,71219656.9442749
2490,2490,2497,15930.0,54,92392530.44128418,64590339.66064453,239926156.99768063,70558176.04064941
2491,2491,2498,15940.0,59,85673202.51464844,64663798.33221436,261650627.13623047,72042632.10296631
2492,2492,2499,16374.0,69,90500089.64538574,59119111.06109619,288406309.1278076,68726996.42181396
2493,2493,2500,16175.0,72,89134522.43804932,60810173.988342285,274918622.01690674,70863840.10314941
2494,2494,2501,16281.0,55,97116634.36889648,70499656.6772461,219168994.90356445,76538417.81616211
2495,2495,2502,16138.0,70,82620190.62042236,68283430.0994873,276789670.94421387,77437699.31793213
2496,2496,2503,16468.0,56,87865032.19604492,69759330.74951172,252522819.51904297,77060050.96435547
2497,2497,2504,17177.0,71,89892717.3614502,69945689.20135498,337466049.19433594,81047876.35803223
2498,2498,2505,17093.0,62,92538334.84649658,71222989.08233643,322971839.9047852,82673626.89971924
2499,2499,2506,17566.0,72,98233560.5621338,73851362.22839355,354192714.6911621,84114953.99475098
2500,2500,2507,17732.0,66,94267765.99884032,80919975.28076172,327451890.9454346,92044289.58892822
2501,2501,2508,16665.0,75,97988121.98638916,77098196.9833374,309816505.4321289,86588324.54681396
2502,2502,2509,16095.0,60,85707787.51373291,75915770.53070068,270604397.7737427,82885376.93023682
2503,2503,2510,16760.0,59,92635729.78973389,76504714.012146,284336374.2828369,85978018.76068115
2504,2504,2511,16426.0,80,89358692.16918945,69585745.8114624,275588449.4781494,79918862.34283447
2505,2505,2512,16685.0,67,81856240.27252197,68716947.55554199,274061873.4359741,78894198.41766357
2506,2506,2513,16882.0,57,84013572.6928711,70275598.52600098,260239864.34936523,77301694.86999512
2507,2507,2514,17133.0,61,86883652.68707275,70064274.78790283,301616676.3305664,78136968.6126709
2508,2508,2515,17012.0,60,88870297.4319458,67916957.85522461,298085976.600647,76491733.55102539
2509,2509,2516,16970.0,59,86436501.50299072,66443668.36547852,276801475.52490234,74412973.40393066
2510,2510,2517,17074.0,65,86153233.5281372,68526471.13800049,293977376.9378662,77056018.8293457
2511,2511,2518,16800.0,56,74694156.64672852,70368003.84521484,272190570.8312988,77722549.43847656
2512,2512,2519,16553.0,56,62825561.5234375,69555644.98901367,264303395.27130127,75318145.75195312
2513,2513,2520,17481.0,83,97473805.42755128,76660757.06481934,319604848.86169434,87043491.36352539
2514,2514,2521,16405.0,73,88814765.93017578,68575572.9675293,343603416.4428711,76807897.56774902
2515,2515,2522,16798.0,60,99416838.64593506,69133780.47943115,317455673.21777344,79397279.73937988
2516,2516,2523,16032.0,61,88454791.06903076,64700651.16882324,303697863.5787964,73827291.48864746
2517,2517,2524,16087.0,61,98647278.78570557,62655869.48394776,248649674.4155884,68931330.68084717
2518,2518,2525,15823.0,60,85601617.81311035,61682729.721069336,248667264.9383545,65734012.603759766
2519,2519,2526,16271.0,60,83668160.4385376,60203843.116760254,252245787.62054443,68056145.66802979
2520,2520,2527,17013.0,74,94020527.83966064,67456634.52148438,308505607.60498047,75460334.77783203
2521,2521,2528,17224.0,70,96472158.43200684,68271570.20568848,281924370.76568604,76700960.15930176
2522,2522,2529,17235.0,60,98238752.3651123,72330867.76733398,344142541.885376,80261016.84570312
2523,2523,2530,16962.0,67,87825300.2166748,68346944.80895996,257316249.8474121,76697691.91741943
2524,2524,2531,17115.0,58,92564291.0003662,70286777.49633789,291094766.6168213,76405418.3959961
2525,2525,2532,16892.0,59,92901590.34729004,70262733.45947266,261191712.3794556,76792768.47839355
2526,2526,2533,16394.0,70,78525764.46533203,64627182.960510254,279143265.7241821,72421648.0255127
2527,2527,2534,16779.0,95,59634102.8213501,56698591.232299805,265190271.37756348,68532951.35498047
2528,2528,2535,17078.0,67,87971813.2019043,70500675.20141602,266553464.8895264,79110331.53533936
2529,2529,2536,16461.0,68,90137940.40679932,72130056.38122559,238705324.17297363,83776796.34094238
2530,2530,2537,16328.0,69,86180373.1918335,69752019.88220215,242172913.55133057,77041378.02124023
2531,2531,2538,17322.0,68,87332955.3604126,67238261.22283936,231485505.1040649,74634629.24957275
2532,2532,2539,16953.0,75,67553973.19793701,62668514.25170898,216804796.21887207,69407327.65197754
2533,2533,2540,16929.0,57,87734788.89465332,64018165.588378906,260065117.8359985,69680749.89318848
2534,2534,2541,17507.0,68,91387906.07452393,66440830.23071289,326350638.3895874,73734892.84515381
2535,2535,2542,18255.0,66,88884771.3470459,70954216.95709229,309142892.8375244,83218934.05914307
2536,2536,2543,18280.0,74,88156035.42327881,74189015.38848877,288056014.0609741,82017745.01800537
2537,2537,2544,18934.0,71,80610423.08807373,68601089.47753906,310051064.491272,84397053.7185669
2538,2538,2545,20379.0,83,113858899.11651611,85699629.78363037,461457767.48657227,99835789.68048096
2539,2539,2546,20201.0,74,127071759.223938,90603676.79595947,504178836.82250977,105557744.02618408
2540,2540,2547,19906.0,75,77551774.9786377,71202087.40234375,336343124.38964844,87279973.03009033
2541,2541,2548,19686.0,92,84000524.52087402,78450628.28063965,401597342.4911499,91365271.56829834
2542,2542,2549,19047.0,119,99135703.08685304,74556915.28320312,414139823.9135742,82714352.60772705
2543,2543,2550,18955.0,105,103873459.815979,73978664.39819336,372116719.2459106,81550110.81695557
2544,2544,2551,19884.0,104,61356413.84124756,72258035.65979004,317374382.9727173,87258766.1743164
2545,2545,2552,19042.0,74,101642935.75286864,83210730.55267334,381205122.9476929,91510822.29614258
2546,2546,2553,19042.0,94,69765045.16601562,68424786.56768799,281665223.12164307,82170431.13708496
2547,2547,2554,19036.0,82,99246516.22772215,76780769.34814453,372990049.3621826,89849303.24554443
2548,2548,2555,19774.0,86,106676283.83636476,84015264.5111084,377556304.9316406,100300478.9352417
2549,2549,2556,19649.0,91,111732444.7631836,85447611.80877686,397675720.21484375,98301628.11279295
2550,2550,2557,19329.0,93,102744875.90789796,92706281.6619873,360755215.6448364,109445298.19488524
2551,2551,2558,19139.0,70,105186941.1468506,92056714.05792236,393065512.6571655,109418950.08087158
2552,2552,2559,19384.0,71,89387339.59197998,86888306.61773682,367182005.8822632,109630383.49151611
2553,2553,2560,18693.0,79,103611692.42858888,87482185.36376953,361514951.7059326,94597871.78039552
2554,2554,2561,17931.0,76,107325276.3748169,83659835.81542969,420043869.972229,89893210.41107178
2555,2555,2562,19564.0,97,110042067.527771,89758775.71105957,468310808.1817627,102845507.62176514
2556,2556,2563,18236.0,77,115432147.97973631,86392065.04821777,492781599.0447998,97407191.2765503
2557,2557,2564,18959.0,67,127677063.94195557,87554021.83532715,458919178.9627075,97960659.0270996
2558,2558,2565,18134.0,69,100905320.1675415,80148969.65026855,474100617.4087525,99963115.69213869
2559,2559,2566,18498.0,86,111378635.40649414,96274887.08496094,344379793.16711426,106409518.24188232
2560,2560,2567,15810.0,110,93132103.91998293,70604103.0883789,373915086.7462158,92713552.4749756
2561,2561,2568,16103.0,61,127051734.9243164,92179471.01593018,351612359.04693604,104647894.85931396
2562,2562,2569,17209.0,75,129150412.55950928,92468815.80352785,441793208.1222534,111801282.88269044
2563,2563,2570,17668.0,83,126243669.5098877,87132780.07507324,493293002.1286011,121033266.06750488
2564,2564,2571,17954.0,71,150553184.50927734,108230170.24993896,523588980.67474365,126481450.08087158
2565,2565,2572,17574.0,75,142273577.6901245,84421278.95355225,511668252.9449463,112188449.85961914
2566,2566,2573,17838.0,67,146215475.08239746,107082923.88916016,494112680.4351807,129514348.98376463
2567,2567,2574,17547.0,65,139565956.11572266,110916463.85192873,559835752.4871826,134731235.5041504
2568,2568,2575,17808.0,64,129246585.84594728,113198570.25146484,508993061.0656738,138970169.0673828
2569,2569,2576,16953.0,66,130129389.76287842,119617382.04956056,412644467.3538208,137005374.90844727
2570,2570,2577,15782.0,80,123636797.90496826,105340993.8812256,422959196.09069824,119420074.46289062
2571,2571,2578,16325.0,70,132903429.9850464,113550541.87774658,472439676.2847901,125415285.11047363
2572,2572,2579,16489.0,92,134309924.1256714,92572336.1968994,482773635.8642578,110573152.54211426
2573,2573,2580,16928.0,86,131960898.39935304,91415075.30212402,558549449.9206543,110121641.15905762
2574,2574,2581,18022.0,76,137566304.20684814,108910059.92889404,561735179.901123,128948758.12530518
2575,2575,2582,18009.0,72,125841056.82373048,100877777.09960938,462457237.24365234,120787774.08599854
2576,2576,2583,17511.0,79,128661994.93408205,94758377.07519533,354857619.2855835,106823780.05981444
2577,2577,2584,18749.0,79,139004433.63189697,110451303.48205566,495944568.6340332,122705147.7432251
2578,2578,2585,17735.0,92,140976265.9072876,105954717.6361084,550398327.8274536,122801906.58569336
2579,2579,2586,18055.0,74,123060919.76165771,98342909.81292725,441244278.9077759,126798256.87408447
2580,2580,2587,18122.0,87,119422392.8451538,96822855.94940186,453049682.6171875,124281659.12628174
2581,2581,2588,17341.0,66,140426076.8890381,112383823.3947754,537226643.5623169,132108075.14190674
2582,2582,2589,17110.0,62,142536432.26623535,123900594.71130373,569029777.5268555,136555572.50976562
2583,2583,2590,17007.0,67,141297044.75402832,116580606.46057127,500471421.24176025,134303552.62756348
2584,2584,2591,16744.0,66,125881933.21228027,92479024.88708496,457813820.8389282,120834769.2489624
2585,2585,2592,16873.0,78,129025286.67449953,96761311.5310669,479828551.2924194,118931403.1600952
2586,2586,2593,16851.0,70,111723461.15112305,88405015.94543457,464771175.3845215,118585764.88494872
2587,2587,2594,17702.0,62,137487091.06445312,121204738.61694336,538681346.8933105,137103933.3343506
2588,2588,2595,17261.0,58,129951862.33520508,121802330.01708984,453729129.79125977,132467288.97094728
2589,2589,2596,17443.0,60,131788482.66601562,110756996.15478516,492768867.4926758,128165916.4428711
2590,2590,2597,17380.0,60,128521038.05541992,100024234.77172852,541440246.5820312,118146671.29516602
2591,2591,2598,17124.0,68,123075963.0203247,97096377.3727417,462725193.0236816,121121738.43383788
2592,2592,2599,16884.0,59,110516813.27819824,97631557.4645996,427557415.0085449,114406755.4473877
2593,2593,2600,17292.0,63,111575516.70074464,97653909.68322754,510919968.6050415,116274671.55456544
2594,2594,2601,17551.0,71,123355918.88427734,101980823.5168457,596709542.2744751,112830906.86798096
2595,2595,2602,17824.0,75,119093710.89935304,101531018.25714111,448862491.607666,115492958.06884766
2596,2596,2603,17223.0,62,89053748.13079834,88823719.0246582,378870199.2034912,118312471.38977052
2597,2597,2604,17361.0,70,102119767.18902588,101938081.741333,396068946.8383789,113167288.7802124
2598,2598,2605,16589.0,66,121946453.09448242,97637142.18139648,484550312.9959106,107677850.7232666
2599,2599,2606,18753.0,98,123986824.03564452,104332736.96899414,476203738.2125855,120577402.11486816
2600,2600,2607,17779.0,66,121815882.6828003,99201972.96142578,469524040.222168,111699954.98657228
2601,2601,2608,17974.0,88,123479096.41265868,104273483.2763672,509596268.6538696,119698377.60925291
2602,2602,2609,17775.0,79,128451101.3031006,109721844.67315674,467022182.4645996,119567477.22625732
2603,2603,2610,17473.0,82,90517229.0802002,85096563.3392334,466330557.8231812,107690727.23388672
2604,2604,2611,18858.0,81,116406955.71899414,88090046.8826294,365098519.3252564,109806795.12023926
2605,2605,2612,18492.0,68,108962043.76220705,86157909.39331055,445962327.9571533,113742652.8930664
2606,2606,2613,18790.0,68,124379394.53125,116580909.7290039,418547472.9537964,122781945.22857666
2607,2607,2614,18158.0,65,110231571.19750977,112609637.260437,430040935.5163574,120255125.99945068
2608,2608,2615,18112.0,74,90995357.51342772,85002539.63470459,433779078.4835816,112662964.82086182
2609,2609,2616,19185.0,77,136537452.6977539,130695833.20617676,622401493.0725098,146100051.8798828
2610,2610,2617,18393.0,62,138294371.60491943,129109797.47772215,493066685.6765747,140983552.93273926
2611,2611,2618,18248.0,68,128866885.1852417,118875538.82598875,482181014.0609741,133825271.60644533
2612,2612,2619,18143.0,73,134163935.66131592,115155344.0093994,422450115.2038574,120350958.82415771
2613,2613,2620,18251.0,65,129602898.59771729,107080548.286438,461889703.7506104,122008565.90270996
2614,2614,2621,17889.0,63,118447493.55316162,90527643.20373537,409926652.9083252,114570590.9729004
2615,2615,2622,18324.0,80,124123578.07159424,94896803.855896,412722497.9400635,112106424.33166504
2616,2616,2623,17813.0,72,105175189.97192384,72521765.70892334,368382880.21087646,90179721.8322754
2617,2617,2624,18185.0,67,111136292.45758057,84675163.26904297,357265569.68688965,99158283.23364258
2618,2618,2625,17712.0,63,123161392.21191406,82245568.27545166,361034450.53100586,98731988.90686037
2619,2619,2626,17856.0,66,121060209.274292,89920151.71051025,399683367.729187,99722938.53759766
2620,2620,2627,17415.0,62,119395289.42108154,84156616.2109375,352786869.04907227,96840244.29321288
2621,2621,2628,15652.0,65,101859411.23962402,62179400.44403076,321763389.58740234,71938746.45233154
2622,2622,2629,18412.0,78,112772686.00463869,82834849.35760498,434498725.8911133,99353432.65533447
2623,2623,2630,17841.0,67,125068451.88140868,92710552.21557616,409691204.0710449,101461578.36914062
2624,2624,2631,18245.0,70,126334313.39263916,93618010.52093506,427844641.6854858,103620100.0213623
2625,2625,2632,18300.0,71,101303234.1003418,80493610.38208008,385405167.5796509,91369352.34069824
2626,2626,2633,18211.0,90,85228328.70483398,79520587.92114258,407421515.4647827,96029923.43902588
2627,2627,2634,18972.0,84,117900758.74328612,106763799.6673584,447109758.3770752,127927753.44848631
2628,2628,2635,18724.0,64,124655972.48077393,107585927.00958252,438529903.4118652,116561273.5748291
2629,2629,2636,18632.0,64,107402070.99914552,100719936.3708496,405455760.0021362,123072694.77844238
2630,2630,2637,18634.0,71,114580587.38708496,99204788.2080078,430362521.1715698,112261431.69403076
2631,2631,2638,18640.0,65,109030085.56365968,101824394.22607422,482276637.07733154,117845359.8022461
2632,2632,2639,18102.0,72,111967746.73461914,88670670.50933838,419393362.0452881,102880169.86846924
2633,2633,2640,17959.0,83,113683784.48486328,84613684.65423584,442284634.5901489,101778700.82855225
2634,2634,2641,17712.0,73,102088456.15386964,82260662.07885742,381927304.2678833,97468481.06384276
2635,2635,2642,17477.0,76,114468264.57977296,71281661.03363037,423356223.1063843,89546136.8560791
2636,2636,2643,16995.0,80,104269170.7611084,57613385.20050049,340210364.34173584,70730005.26428223
2637,2637,2644,18356.0,103,111692914.00909424,76413303.37524414,441424839.0197754,89329582.21435547
2638,2638,2645,16269.0,97,102482739.44854736,65483289.71862793,321176733.9706421,74718438.14849854
2639,2639,2646,14541.0,69,88708838.46282959,45281323.43292236,282327887.5350952,53871903.41949463
2640,2640,2647,14447.0,65,78384528.16009521,42456929.20684815,213470685.9588623,45686513.90075684
2641,2641,2648,15010.0,57,103534940.71960448,52882306.09893799,293488835.33477783,57292412.757873535
2642,2642,2649,15443.0,57,96901103.97338869,48866253.85284424,310150709.1522217,58258038.52081299
2643,2643,2650,14910.0,60,93471310.61553957,45876011.84844971,279320716.85791016,50718163.49029541
2644,2644,2651,16454.0,80,93241059.30328368,57298265.45715332,324825551.98669434,69359730.72052002
2645,2645,2652,17015.0,70,120604764.93835448,73219635.96343994,374932292.9382324,83888057.70874023
2646,2646,2653,18423.0,79,99898468.97125244,67561447.14355469,377879875.1831055,86214438.43841553
2647,2647,2654,17388.0,72,78779007.91168213,59234139.44244385,319718822.47924805,73373575.21057129
2648,2648,2655,18853.0,94,102272027.01568604,75484645.84350586,463022408.4854126,93771872.52044678
2649,2649,2656,18790.0,96,109650082.5881958,75705602.64587402,410684575.0808716,86801851.27258301
2650,2650,2657,20245.0,99,124274826.04980467,88567317.00897217,449403574.9435425,100528117.1798706
2651,2651,2658,18711.0,78,114061910.62927246,77711654.66308594,462967963.21868896,89959211.3494873
2652,2652,2659,18320.0,77,100395852.08892822,66865910.53009033,350175761.22283936,80074476.24206543
2653,2653,2660,18825.0,97,100791673.66027832,64923300.74310303,333708008.7661743,75624015.80810547
2654,2654,2661,18463.0,79,101791908.26416016,66036271.09527588,346518624.3057251,74895515.44189453
2655,2655,2662,18737.0,68,87564391.13616943,64403324.12719727,369823066.7114258,73060969.35272217
2656,2656,2663,17965.0,78,88663214.68353271,63490033.14971924,369224328.994751,77430575.37078857
2657,2657,2664,17717.0,83,101655629.15802002,71135928.1539917,349470249.1760254,84380347.25189209
2658,2658,2665,18333.0,72,108052362.4420166,83542712.21160889,413424390.7928467,91785064.69726562
2659,2659,2666,18558.0,65,120953289.03198242,89814188.00354004,438673854.82788086,96209752.0828247
2660,2660,2667,18480.0,68,125784114.83764648,89433147.43041992,389530376.4343262,98110757.8277588
2661,2661,2668,18282.0,86,111232577.32391356,87901741.02783203,434994282.72247314,102385788.9175415
2662,2662,2669,18973.0,90,114664143.5623169,95016827.583313,364106693.2678223,103105237.00714111
2663,2663,2670,17567.0,71,82799214.36309814,73516058.92181396,342154670.71533203,95031960.48736572
2664,2664,2671,17685.0,93,91114112.8540039,65678075.79040527,406997373.5809326,81726380.34820557
2665,2665,2672,17960.0,68,109613339.4241333,76776440.62042236,376668555.2597046,84594955.44433594
2666,2666,2673,17406.0,74,104798288.34533691,72051054.00085449,389354762.07733154,83441324.23400879
2667,2667,2674,18183.0,99,84317914.96276855,64949615.478515625,375934221.2677002,78557793.61724854
2668,2668,2675,17747.0,87,97685202.59857178,61866947.174072266,357982861.51885986,77465251.92260742
2669,2669,2676,18382.0,118,106314455.03234863,67162248.6114502,414806921.95892334,86546196.93756104
2670,2670,2677,18568.0,77,121359575.27160645,91940747.26104736,432769634.2468262,108274085.04486084
2671,2671,2678,17523.0,70,107190331.4590454,81794569.01550293,327667262.07733154,100834423.06518556
2672,2672,2679,18120.0,76,108196987.1520996,83875722.88513184,323246039.390564,94380287.17041016
2673,2673,2680,17797.0,85,98523068.42803957,76855040.55023193,311922742.8436279,90106090.5456543
2674,2674,2681,17988.0,82,105808432.57904053,75827668.19000244,340785617.82836914,89315639.49584961
2675,2675,2682,17594.0,73,97261559.48638916,75418248.1765747,304325749.39727783,84933025.36010742
2676,2676,2683,16624.0,81,93691421.50878906,65697494.50683594,316958956.7184448,73197048.18725586
2677,2677,2684,16683.0,88,84307727.8137207,63193143.84460449,259881980.8959961,74160028.4576416
2678,2678,2685,16394.0,66,87942099.57122803,65282940.86456299,333223463.0584717,75612103.46221924
2679,2679,2686,16238.0,60,84618006.7062378,65636898.040771484,230946294.7845459,76485912.32299805
2680,2680,2687,16751.0,66,89505946.1593628,70454961.7767334,287655011.177063,83365957.26013184
2681,2681,2688,16312.0,63,87859967.23175049,69514209.74731445,304607604.98046875,81804734.2300415
2682,2682,2689,16786.0,65,85416727.06604004,68310754.77600098,297827865.60058594,79333940.50598145
2683,2683,2690,16577.0,60,85329111.09924316,68853928.565979,274400108.33740234,80554405.21240234
2684,2684,2691,16398.0,55,86479740.14282227,70976222.99194336,282388755.79833984,80969604.4921875
2685,2685,2692,16346.0,60,88451552.39105225,70252017.0211792,349077848.43444824,81663176.53656006
2686,2686,2693,16311.0,64,86622024.53613281,68418977.73742676,324841259.95635986,78963657.37915039
2687,2687,2694,15995.0,58,79324944.49615479,68085380.55419922,215154502.86865237,77891644.47784424
2688,2688,2695,16523.0,70,89844313.621521,70170453.07159424,286263456.3446045,81665691.37573242
2689,2689,2696,16050.0,55,91922474.86114502,70563453.6743164,264992424.9649048,81771923.06518555
2690,2690,2697,16733.0,63,83863744.73571777,73213291.16821289,266552724.83825684,83658238.4109497
2691,2691,2698,15991.0,64,85082400.32196045,68304989.8147583,276811980.2474976,79080656.05163574
2692,2692,2699,16078.0,59,86371829.98657227,67300408.36334229,274689199.44763184,77304071.4263916
2693,2693,2700,15645.0,65,87332144.73724365,63986845.97015381,273531001.0910034,76204442.97790527
2694,2694,2701,16193.0,63,91749521.25549316,69473696.7086792,257907741.5466309,80183754.92095947
2695,2695,2702,16212.0,55,89764308.92944336,67002964.01977539,283884880.065918,78295337.67700195
2696,2696,2703,16943.0,76,82179288.86413574,70054241.18041992,242129771.23260495,79836001.3961792
2697,2697,2704,17261.0,63,87317219.7341919,71353756.90460205,288979284.286499,82608857.15484619
2698,2698,2705,17100.0,57,86382007.59887695,69772624.96948242,263258171.08154297,78969669.34204102
2699,2699,2706,17100.0,57,88960075.37841797,69486522.67456055,271915626.5258789,77555465.69824219
2700,2700,2707,17365.0,60,84945510.86425781,71308675.76599121,267448657.98950195,82915330.88684082
2701,2701,2708,17400.0,59,93785772.3236084,66558876.037597656,269999084.47265625,73623695.37353516
2702,2702,2709,17400.0,60,92718509.67407228,67129081.72607422,280146900.17700195,73342922.21069336
2703,2703,2710,17220.0,67,96242003.44085692,62750385.28442383,339816080.0933838,68433301.92565918
2704,2704,2711,18190.0,74,93738774.29962158,65499764.44244385,246035508.15582275,70503148.07891846
2705,2705,2712,18779.0,78,100098389.62554932,64186115.26489258,300709008.2168579,70437070.84655762
2706,2706,2713,18327.0,63,95534045.2194214,65166114.807128906,223857158.66088867,71617544.17419434
2707,2707,2714,18671.0,78,87042779.92248535,70556548.11859131,261432430.267334,80121645.9274292
2708,2708,2715,19414.0,68,113962673.18725586,81350812.9119873,301804854.3930054,87908617.01965332
2709,2709,2716,18529.0,68,93572753.90625,65305638.31329346,292913288.1164551,72400156.97479248
2710,2710,2717,18663.0,67,90718100.54779053,65637153.62548828,289020022.39227295,70150882.72094727
2711,2711,2718,18761.0,70,99547995.56732178,68435409.54589844,334027908.3251953,76973472.59521484
2712,2712,2719,19259.0,72,113286886.21520996,79887500.76293945,313217731.4758301,88390838.62304688
2713,2713,2720,19041.0,77,106303583.1451416,78374685.28747559,341962947.845459,86580598.83117676
2714,2714,2721,18918.0,68,116023194.31304932,72985836.98272705,358064122.2000122,86030682.56378174
2715,2715,2722,18121.0,82,95926602.36358644,65930007.93457031,292653562.5457764,75823000.90789795
2716,2716,2723,18673.0,84,99005263.32855225,75400976.18103027,339493198.3947754,87283092.4987793
2717,2717,2724,18573.0,74,102106396.67510986,78402144.43206787,286404334.06829834,86887702.94189453
2718,2718,2725,19066.0,100,106058603.28674316,83291398.04840088,345948022.8424072,94095302.58178712
2719,2719,2726,19456.0,67,114271545.41015624,93087638.85498048,332635391.2353516,103185924.5300293
2720,2720,2727,18469.0,70,103785632.13348389,86527554.51202393,278571656.2271118,96903886.79504396
2721,2721,2728,18730.0,64,103495693.20678712,86224617.00439453,293272891.998291,93756595.61157228
2722,2722,2729,19094.0,79,108459118.8430786,87598069.190979,262151378.6315918,96015089.9887085
2723,2723,2730,18228.0,77,98563586.2350464,79888409.61456299,323206697.46398926,87347836.4944458
2724,2724,2731,19211.0,79,106364723.2055664,79415757.17926025,318270469.66552734,89537428.855896
2725,2725,2732,18803.0,70,96348754.8828125,70551284.79003906,284765134.81140137,77454786.30065918
2726,2726,2733,18674.0,75,96285911.5600586,70871243.47686768,314475326.53808594,78443375.58746338
2727,2727,2734,19459.0,79,105608866.69158936,82696784.01947021,329311511.0397339,96182441.71142578
2728,2728,2735,19136.0,71,101512634.27734376,83196981.43005371,234896265.98358157,95377791.40472412
2729,2729,2736,18511.0,65,101912239.07470705,83101762.77160645,227276569.36645508,91600353.2409668
2730,2730,2737,18343.0,70,100601686.47766112,82676619.52972412,210250554.08477783,92672698.97460938
2731,2731,2738,17233.0,80,88498910.90393066,72522159.57641602,205253191.947937,83874811.17248535
2732,2732,2739,16576.0,66,93585283.27941896,78180323.60076904,219378359.7946167,85962817.19207764
2733,2733,2740,16382.0,70,84006713.8671875,73832653.99932861,244179248.80981445,81651405.33447266
2734,2734,2741,16345.0,55,93014959.33532716,74840568.54248047,210867504.11987305,81778785.7055664
2735,2735,2742,16536.0,63,89932075.50048828,75572229.38537598,174963148.11706543,84569288.25378418
2736,2736,2743,16639.0,58,93763013.83972168,77801643.37158203,209405937.19482425,86914573.6694336
2737,2737,2744,16320.0,56,93301783.56170654,77410097.12219238,329479446.4111328,85258590.69824219
2738,2738,2745,17121.0,75,93860995.29266356,80879138.9465332,274598068.2373047,88042626.38092041
2739,2739,2746,16818.0,59,95044907.56988524,78353656.76879883,239263122.55859372,88864080.42907715
2740,2740,2747,17037.0,65,93599251.74713136,80679922.10388184,206775222.7783203,88965587.6159668
2741,2741,2748,17052.0,60,91429615.02075195,82577262.87841797,243883430.48095703,91211914.0625
2742,2742,2749,16958.0,58,94473393.44024658,80656177.52075195,258351674.07989505,89823207.85522461
2743,2743,2750,17194.0,59,90100181.57958984,81880699.15771484,239197933.19702148,90272743.22509766
2744,2744,2751,17196.0,58,93108547.21069336,82638290.40527344,239902542.1142578,90523921.96655272
2745,2745,2752,17100.0,58,91524956.70318604,82546806.33544922,236875257.49206543,91355895.99609376
2746,2746,2753,16880.0,57,91389284.13391112,81246814.7277832,282504577.63671875,89574432.37304688
2747,2747,2754,17320.0,61,85759521.484375,79303527.83203125,289765930.17578125,88804241.18041992
2748,2748,2755,17308.0,58,75389270.7824707,77214828.49121094,299729774.47509766,85059078.21655273
2749,2749,2756,16692.0,68,88835813.52233887,76475921.63085938,281968028.0685425,85671233.17718506
2750,2750,2757,16424.0,60,90173479.0802002,78707014.0838623,280711306.57196045,86934812.54577637
2751,2751,2758,16321.0,67,85862842.55981445,75551204.68139648,309249806.40411377,86254710.19744873
2752,2752,2759,15916.0,59,93178022.38464355,77852812.76702881,278088141.4413452,87522760.39123535
2753,2753,2760,15557.0,62,76590744.972229,72213554.38232422,255277408.59985352,80978983.87908936
2754,2754,2761,16167.0,63,96257643.699646,75219466.20941162,297970164.29901123,83217545.50933838
2755,2755,2762,16198.0,55,93128242.49267578,78429583.54949951,267653995.513916,85800723.0758667
2756,2756,2763,16200.0,55,87687263.48876953,76700592.04101562,334664817.8100586,86126392.36450195
2757,2757,2764,16505.0,56,87414197.92175293,75884604.45404053,242678546.9055176,84326333.99963379
2758,2758,2765,16575.0,62,91316594.12384032,74372903.82385254,292554157.2570801,81506713.8671875
2759,2759,2766,17519.0,61,94980630.8746338,74685652.73284912,229973400.1159668,84436702.72827148
2760,2760,2767,17695.0,59,92534942.62695312,75374965.66772461,299900894.16503906,81720867.15698242
2761,2761,2768,17592.0,60,54697622.299194336,69639438.62915039,230958346.36688232,77834266.66259766
2762,2762,2769,18695.0,73,73465241.43218994,72503460.88409424,331189391.13616943,82461574.55444336
2763,2763,2770,18711.0,64,74806183.81500244,78276725.76904297,303885562.8967285,85300521.85058594
2764,2764,2771,17640.0,79,50332674.98016357,67781179.42810059,269112595.5581665,76844268.79882812
2765,2765,2772,18306.0,76,90994361.8774414,73582286.8347168,311526168.8232422,82959401.13067627
2766,2766,2773,17772.0,77,92543986.3204956,72377386.09313965,288994796.7529297,78870967.86499023
2767,2767,2774,17751.0,82,75198458.67156982,65918433.18939209,269707534.79003906,74420573.2345581
2768,2768,2775,17989.0,75,83395069.12231445,68491474.15161133,261092306.13708496,76196134.56726074
2769,2769,2776,177.0,9,3126644.1345214844,539619.4458007812,4825119.018554688,652067.1844482422
2770,2770,2777,14556.0,64,72240421.29516602,57846584.32006836,236365479.4692993,63416238.78479004
2771,2771,2778,18152.0,74,85553757.6675415,74449786.18621826,244854986.1907959,83088175.7736206
2772,2772,2779,18369.0,64,89238263.13018799,74834352.49328613,289537636.756897,82999856.94885254
2773,2773,2780,17680.0,69,77830161.09466553,71267193.79425049,309993672.37091064,77341542.24395752
2774,2774,2781,17396.0,89,60123489.37988281,64731209.75494385,234061373.71063232,69778352.73742676
2775,2775,2782,17247.0,87,42608353.61480713,62663523.67401123,151806040.76385498,67160834.31243896
2776,2776,2783,18981.0,76,72061726.5701294,66645841.59851074,243253372.1923828,72440011.97814941
2777,2777,2784,19219.0,73,80077948.57025146,74782449.72229004,289784480.09490967,87190977.09655762
2778,2778,2785,18983.0,68,96331026.07727052,83249830.24597168,330947923.6602783,95833249.09210204
2779,2779,2786,19207.0,72,112320455.55114746,93255236.6256714,340124462.12768555,104230917.93060304
2780,2780,2787,18354.0,68,107122364.04418944,89334024.42932129,337104670.5245972,101118643.76068117
2781,2781,2788,18017.0,61,99261394.50073242,85275081.63452148,363109401.70288086,95360565.18554688
2782,2782,2789,17541.0,64,70912751.19781494,76758618.35479736,271855741.5008545,87049328.80401611
2783,2783,2790,17040.0,67,71413906.09741211,68080223.0834961,230779992.10357663,73776337.62359619
2784,2784,2791,17615.0,67,73223354.33959961,69588017.46368408,268064064.9795532,76676796.91314697
2785,2785,2792,18198.0,81,84034390.44952393,77578650.47454834,280630790.7104492,85647332.19146729
2786,2786,2793,18124.0,62,96666084.28955078,75387905.12084961,288367366.7907715,84444820.40405273
2787,2787,2794,18340.0,62,86733116.14990234,75339805.60302734,260319881.43920895,85830345.1538086
2788,2788,2795,17917.0,65,90937934.87548828,76318061.82861328,314099548.3398437,83266933.44116211
2789,2789,2796,17672.0,74,94677227.02026369,75382577.89611816,297852047.92022705,83552869.79675293
2790,2790,2797,19047.0,79,92577563.28582764,77296030.04455566,292875895.5001831,84953962.3260498
2791,2791,2798,18137.0,71,81952157.02056885,73740925.7888794,282839677.81066895,80814459.80072021
2792,2792,2799,18847.0,70,97822440.1473999,73794266.70074463,283207896.232605,80483933.4487915
2793,2793,2800,18312.0,63,90434520.72143556,73790822.98278809,249070152.28271484,80392532.34863281
2794,2794,2801,18589.0,75,88332766.53289795,71483080.86395264,267724178.31420895,79034224.51019287
2795,2795,2802,18306.0,65,92126303.67279053,70031624.79400635,248132439.6133423,75842096.32873535
2796,2796,2803,18199.0,72,89268834.1140747,70035306.93054199,250142403.6026001,76141683.57849121
2797,2797,2804,17818.0,68,88883967.39959717,68815254.21142578,317282972.3358154,75300892.82989502
2798,2798,2805,16575.0,72,60806829.45251465,66731934.54742432,216923700.3326416,71295797.34802246
2799,2799,2806,17338.0,83,69383525.84838867,70281905.17425537,257422712.3260498,78028884.88769531
2800,2800,2807,17896.0,69,89451807.02209473,74728056.90765381,316167675.97198486,80252964.9734497
2801,2801,2808,17547.0,72,85638392.4484253,73519971.84753418,321787938.11798096,80297075.27160645
2802,2802,2809,17841.0,63,86831977.84423828,75164307.59429932,295506313.3239746,82303799.62921143
2803,2803,2810,17661.0,59,89947792.05322266,74430564.8803711,331492678.64227295,82014564.51416016
2804,2804,2811,17739.0,60,90560937.88146973,76062675.47607422,269742599.4873047,82365795.13549805
2805,2805,2812,17347.0,62,82390876.77001953,72191736.22131348,306215812.68310547,80346284.86633301
2806,2806,2813,18045.0,70,95611311.91253662,76114811.89727783,294690287.59002686,82583927.15454102
2807,2807,2814,17589.0,59,74905345.91674805,70708843.23120117,279860126.4953613,80385681.15234375
2808,2808,2815,17811.0,60,58404170.03631592,67112068.17626953,259778426.17034912,75270847.32055664
2809,2809,2816,17566.0,76,86729583.74023438,69958718.29986572,278996663.0935669,75837179.18395996
2810,2810,2817,18103.0,75,88496273.04077148,75134017.94433594,274793308.25805664,82447793.96057129
2811,2811,2818,17996.0,73,87790699.95880127,74371437.0727539,321319893.8369751,83215885.16235352
2812,2812,2819,18688.0,74,87590778.35083008,73385243.41583252,326427237.51068115,80926465.03448486
2813,2813,2820,18703.0,63,93448249.81689452,74268371.58203125,294261892.3187256,83151181.2210083
2814,2814,2821,17950.0,68,88567822.45635986,73837716.1026001,269299336.43341064,80126581.1920166
2815,2815,2822,18129.0,63,91740199.0890503,75426308.63189697,281614757.5378418,82252556.80084229
2816,2816,2823,18000.0,60,92335224.15161131,75721836.09008789,330194091.796875,83315277.09960938
2817,2817,2824,18036.0,62,75885515.2130127,74614516.25823975,312115554.8095703,83636017.79937744
2818,2818,2825,18183.0,64,75951208.11462402,74464756.01196289,267302698.135376,81084005.35583496
2819,2819,2826,18407.0,65,77608608.24584961,74655865.66925049,272200675.96435547,80211737.63275146
2820,2820,2827,18339.0,77,55512375.831604,72250396.72851562,231734244.34661865,80684629.44030762
2821,2821,2828,18866.0,70,60354426.38397217,73945756.91223145,241236950.8743286,86043800.3540039
2822,2822,2829,19485.0,72,88556679.72564697,81343962.66937256,369229681.96868896,92854324.34082033
2823,2823,2830,18967.0,82,92368112.56408691,71911485.67199707,282162453.6514282,79226878.16619873
2824,2824,2831,18461.0,69,89730141.63970947,73969101.90582275,305511512.75634766,82692391.39556885
2825,2825,2832,18382.0,69,88724448.20404053,72895959.85412598,297625682.83081055,80486272.81188965
2826,2826,2833,17745.0,79,70623032.56988525,64070358.27636719,260796579.3609619,73023611.06872559
2827,2827,2834,17703.0,68,86262801.17034912,65619482.99407959,258802878.37982175,70315323.82965088
2828,2828,2835,18413.0,74,93951232.91015624,73867504.11987305,357771309.8526001,81859334.94567871
2829,2829,2836,18358.0,62,85774024.00970459,69038375.85449219,346624153.13720703,80355880.73730469
2830,2830,2837,18303.0,62,95338726.04370116,71842987.06054688,394751152.0385742,79231773.37646484
2831,2831,2838,18324.0,65,94408981.3232422,72289958.95385742,269431617.7368164,78838260.65063477
2832,2832,2839,17911.0,67,80764631.2713623,66854864.1204834,259996041.2979126,73858784.67559814
2833,2833,2840,17996.0,71,82762268.06640625,67181621.55151367,265390408.51593015,72859468.46008301
2834,2834,2841,18724.0,87,93384623.52752686,74407014.84680176,310539893.1503296,83070261.00158691
2835,2835,2842,18149.0,70,69380503.65447998,69993572.23510742,246227062.2253418,78768084.52606201
2836,2836,2843,18864.0,85,73603710.17456055,70542746.54388428,232095808.0291748,76808227.5390625
2837,2837,2844,19237.0,68,89793336.86828613,74188964.84375,333448562.6220703,89564212.79907227
2838,2838,2845,19850.0,87,79933913.230896,70123998.64196777,281136206.6268921,83197934.1506958
2839,2839,2846,19176.0,70,100724942.20733644,70779844.28405762,261914020.53833008,78546545.02868652
2840,2840,2847,19345.0,66,71908782.95898438,68093608.85620117,262866855.6213379,80866992.95043945
2841,2841,2848,19200.0,64,85969734.19189453,72700595.85571289,291697025.29907227,79480648.04077148
2842,2842,2849,19024.0,64,95939655.30395508,74058748.24523926,253323600.76904297,78805349.34997559
2843,2843,2850,19161.0,70,82775365.82946777,72616467.47589111,245634918.21289065,78235032.081604
2844,2844,2851,19781.0,72,101713477.1347046,83721117.97332764,334858701.7059326,91108245.84960938
2845,2845,2852,19307.0,65,81424738.88397217,73331220.62683105,297188277.2445679,87167470.93200684
2846,2846,2853,19891.0,75,106784539.22271729,84179795.26519775,379697762.4893189,97995316.50543211
2847,2847,2854,19801.0,67,131471570.96862791,89440093.99414062,388183388.710022,99954830.16967772
2848,2848,2855,19548.0,70,105063979.14886476,80733100.89111328,331694896.69799805,100728862.76245116
2849,2849,2856,19790.0,71,104891476.63116457,87453254.69970703,327109171.8673706,102604082.10754396
2850,2850,2857,19821.0,80,96026336.66992188,79273417.47283936,342478096.0083008,93368087.76855467
2851,2851,2858,19782.0,72,109638545.98999023,86031728.74450684,378920793.5333252,100958455.0857544
2852,2852,2859,19756.0,67,116963550.56762695,88862525.9399414,376578353.881836,101004791.25976562
2853,2853,2860,19439.0,67,93920707.70263672,74448505.40161133,351436344.1467285,91703491.2109375
2854,2854,2861,19964.0,85,112076447.48687744,87451992.03491211,471995986.93847656,97062540.05432127
2855,2855,2862,19508.0,70,111130668.64013672,83950108.5281372,444165413.8565064,96644324.30267334
2856,2856,2863,19819.0,67,126563465.1184082,89662345.88623047,376051765.4418945,102285980.22460938
2857,2857,2864,18359.0,85,119823273.65875244,79589900.01678467,335473403.93066406,84632969.8562622
2858,2858,2865,18624.0,69,106093012.80975342,78605357.17010498,282999507.90405273,85329838.75274658
2859,2859,2866,19105.0,81,90241885.1852417,72351322.17407227,322204918.8613892,86031097.41210938
2860,2860,2867,20045.0,104,92624773.0255127,75559993.74389648,317668044.090271,87553352.35595703
2861,2861,2868,19895.0,74,92852016.4489746,76842557.90710449,324782367.7062988,89870361.328125
2862,2862,2869,20179.0,74,107466671.94366457,86978176.11694336,392658490.1809693,102841195.10650636
2863,2863,2870,19793.0,74,107879439.35394289,88977321.62475586,432865739.8223877,101614493.37005617
2864,2864,2871,19762.0,69,112824713.7069702,91567661.2854004,350676654.8156738,99703353.88183594
2865,2865,2872,19682.0,70,113572671.8902588,85205506.32476807,328567468.6431885,96124871.25396729
2866,2866,2873,20062.0,70,103324510.57434082,85048366.54663086,333321746.8261719,100288734.43603516
2867,2867,2874,19724.0,66,104122089.38598631,81742141.72363281,313619686.126709,88069557.1899414
2868,2868,2875,19727.0,68,87075065.61279297,78797233.58154297,380388626.0986328,94589836.12060548
2869,2869,2876,20090.0,84,120871841.43066406,94553874.96948242,403669073.1048584,103605376.24359132
2870,2870,2877,20681.0,72,133320152.28271484,98746387.48168944,400917522.4304199,110513046.26464844
2871,2871,2878,20341.0,69,120047374.7253418,92076955.79528809,334227344.51293945,105807607.65075684
2872,2872,2879,20072.0,70,112109732.62786864,82994857.78808594,370735515.5944824,98846820.83129884
2873,2873,2880,20592.0,82,112959165.57312012,90550410.27069092,412620441.4367676,106082777.02331544
2874,2874,2881,20286.0,78,124031064.0335083,82667737.00714111,366005853.6529541,95599736.21368408
2875,2875,2882,19790.0,85,114639248.84796144,75340521.81243896,407837357.5210571,90870129.58526611
2876,2876,2883,19764.0,109,117361317.63458252,76684217.45300293,360932334.8999024,88600108.14666748
2877,2877,2884,19306.0,82,106077958.10699464,73452952.38494873,360460581.77948,90654806.13708496
2878,2878,2885,19917.0,88,109654059.4100952,80381469.7265625,438732748.9852905,93047907.82928468
2879,2879,2886,19186.0,78,103762110.71014404,77250567.43621826,347263035.77423096,84612418.17474365
2880,2880,2887,18533.0,68,102330112.4572754,71045214.65301514,358026252.74658203,79762102.1270752
2881,2881,2888,19214.0,82,102236516.95251463,74398498.53515625,329221216.2017822,88677193.6416626
2882,2882,2889,19535.0,69,120952453.61328124,85389091.49169922,329345378.8757324,96206809.9975586
2883,2883,2890,18936.0,67,90273087.50152588,70127780.91430664,321955670.3567505,82738447.18933105
2884,2884,2891,19822.0,77,106834521.29364014,77210170.74584961,348328151.70288086,87667138.09967041
2885,2885,2892,19497.0,74,98606645.58410645,70062574.38659668,347027601.2420654,84412569.04602051
2886,2886,2893,19135.0,76,111259976.38702393,79709619.52209473,362503326.4160156,87714945.79315186
2887,2887,2894,19336.0,73,102055420.87554932,79162137.03155518,367579683.303833,89809494.01855469
2888,2888,2895,18823.0,70,103842871.6659546,76517345.4284668,335323944.0917969,85291891.09802246
2889,2889,2896,19269.0,83,96881199.83673096,73948428.1539917,309736478.805542,85161945.34301758
2890,2890,2897,19821.0,79,91667440.41442873,80711011.88659668,338391782.7606201,94001323.69995116
2891,2891,2898,19011.0,72,91272253.99017334,71848293.30444336,343520630.8364868,83227002.14385986
2892,2892,2899,18865.0,72,76977043.15185547,63924228.66821289,259704021.45385745,69722061.15722656
2893,2893,2900,19311.0,79,82279553.41339111,71035965.91949463,290237075.80566406,80159448.62365723
2894,2894,2901,19126.0,66,93653659.82055664,72399169.921875,298552764.8925781,79596824.6459961
2895,2895,2902,19067.0,67,97831329.34570312,72512630.46264648,294753299.7131348,79271411.89575195
2896,2896,2903,19322.0,78,84411586.76147461,71345297.81341553,326153388.02337646,82429197.31140137
2897,2897,2904,19475.0,82,98122064.5904541,81120477.6763916,352211510.65826416,96443472.86224364
2898,2898,2905,19405.0,68,108726253.50952148,89704990.38696289,359204440.1168823,100723555.56488036
2899,2899,2906,18568.0,73,101453322.4105835,77242481.23168945,312948489.18914795,85242175.10223389
2900,2900,2907,18376.0,91,94279512.40539552,74614937.7822876,339017099.3804932,89552441.59698486
2901,2901,2908,17852.0,83,78645199.7756958,68994757.65228271,332573060.0357056,82897169.11315918
2902,2902,2909,17920.0,79,112431508.06427002,83698845.86334229,359902269.3634033,94381754.8751831
2903,2903,2910,18034.0,75,117263245.58258057,89031807.8994751,395489720.34454346,102954392.4331665
2904,2904,2911,18197.0,69,119323033.3328247,87311720.8480835,425931432.723999,102742594.7189331
2905,2905,2912,17801.0,73,133769383.43048096,95836245.5368042,382609914.7796631,103316884.04083252
2906,2906,2913,18885.0,68,116012731.55212402,82941987.99133301,423739446.64001465,103538969.99359132
2907,2907,2914,18071.0,72,140441442.48962402,85816261.2915039,412096448.8983154,98119106.2927246
2908,2908,2915,18639.0,75,142792069.43511963,88724937.43896484,384619956.9702149,99066202.16369627
2909,2909,2916,18469.0,66,105850412.3687744,72447349.54833984,335647495.2697754,85687954.90264893
2910,2910,2917,18585.0,98,85256875.03814697,60323970.79467773,301017683.9828491,74321758.27026367
2911,2911,2918,19356.0,104,122211368.56079102,82935241.69921875,381760141.3726807,95365069.38934326
2912,2912,2919,17641.0,76,106223755.83648682,69790062.90435791,310316022.8729248,76857621.19293213
2913,2913,2920,18182.0,113,83425802.23083496,56376893.04351807,271950304.9850464,65629261.97052002
2914,2914,2921,18240.0,85,108524049.75891112,64059597.01538086,299738919.2581177,69809517.8604126
2915,2915,2922,18300.0,76,101856917.38128662,66399523.73504639,366966998.1002808,76326565.74249268
2916,2916,2923,17716.0,74,116736495.97167967,70367912.29248047,308198723.7930298,75718386.65008545
2917,2917,2924,17971.0,70,107695552.82592772,74115780.8303833,385206013.6795044,80263207.43560791
2918,2918,2925,17760.0,75,102163615.2267456,64541290.283203125,318950963.973999,75007578.84979248
2919,2919,2926,18874.0,92,111269577.0263672,70483997.3449707,400836986.5417481,79113986.96899414
2920,2920,2927,18482.0,70,106754515.64788818,62510480.880737305,314041223.526001,78523221.01593018
2921,2921,2928,18458.0,67,110057159.42382812,68324997.9019165,344319556.2362671,81288725.85296631
2922,2922,2929,18131.0,69,90949886.32202148,56096066.47491455,274057869.91119385,63554288.86413574
2923,2923,2930,18706.0,79,99694078.44543456,61704339.02740479,309680945.39642334,69669595.71838379
2924,2924,2931,17848.0,78,81370265.96069336,54920499.80163574,274121766.09039307,63479593.27697754
2925,2925,2932,17472.0,64,98575510.97869872,60781268.11981201,277842335.7009888,70194270.13397217
2926,2926,2933,18828.0,70,94241083.1451416,64738345.1461792,308397428.51257324,74388022.42279053
2927,2927,2934,18192.0,69,83450859.06982422,58970620.15533447,256199537.27722168,63029674.5300293
2928,2928,2935,19080.0,74,92865817.07000732,63724814.41497803,336839001.6555786,76409933.09020996
2929,2929,2936,18160.0,75,89110089.30206299,67092658.04290772,288170310.9741211,77781150.8178711
2930,2930,2937,17704.0,78,90684633.25500488,59224266.052246094,256651391.0293579,66892611.503601074
2931,2931,2938,19477.0,91,110051612.8540039,68767672.53875732,346485694.8852539,78589440.34576416
2932,2932,2939,18684.0,81,93943713.1881714,62709394.454956055,303125305.17578125,75374066.35284424
2933,2933,2940,18296.0,81,90552096.36688232,59538298.60687256,312312217.71240234,74844393.73016357
2934,2934,2941,17510.0,78,63591086.38763428,55642912.86468506,247168368.33953857,67239091.87316895
2935,2935,2942,17146.0,74,99779129.98199464,63393001.55639648,255736391.06750488,69562867.16461182
2936,2936,2943,16746.0,60,92801062.58392334,61665744.78149414,251061180.1147461,68489913.94042969
2937,2937,2944,17382.0,65,88558349.609375,63211698.53210449,231814472.19848636,72038632.3928833
2938,2938,2945,16790.0,61,88971199.98931885,63616825.103759766,223764297.4853516,69495380.40161133
2939,2939,2946,17855.0,70,91986677.1697998,66162748.33679199,234144003.86810303,71831012.72583008
2940,2940,2947,17903.0,80,84539625.16784668,65743336.67755127,218589248.65722656,73340521.81243896
2941,2941,2948,18014.0,70,80592193.60351562,66282883.644104,209742334.36584476,70406524.65820312
2942,2942,2949,17924.0,73,75170046.80633545,65194923.400878906,228856497.7645874,70148496.62780762
2943,2943,2950,18278.0,88,86247488.9755249,66071987.15209961,236167778.96881104,71172055.2444458
2944,2944,2951,17231.0,67,89971660.61401367,67421434.40246582,222973203.6590576,73753081.32171631
2945,2945,2952,16593.0,63,87430567.74139404,63516351.6998291,225381548.8815308,68828471.18377686
2946,2946,2953,17269.0,61,91005535.12573242,67242874.14550781,309671628.9520264,74783374.78637695
2947,2947,2954,17202.0,69,93922461.5097046,68228691.10107422,245802569.3893433,75910490.98968506
2948,2948,2955,17418.0,69,93217291.8319702,69174333.5723877,276680965.423584,76802897.4533081
2949,2949,2956,17087.0,66,90171379.08935548,68269348.14453125,242048405.64727783,75188875.19836426
2950,2950,2957,18328.0,74,93539211.27319336,69778394.69909668,254125073.4329224,76181192.39807129
2951,2951,2958,18709.0,80,96872230.52978516,69169182.77740479,251414481.1630249,76107658.38623047
2952,2952,2959,18211.0,75,85782996.17767334,68369407.6538086,815654343.6050415,73641098.02246094
2953,2953,2960,18373.0,82,90509439.4683838,70195534.70611572,249573428.1539917,76230057.71636963
2954,2954,2961,18292.0,65,91141487.12158205,70396457.67211914,280218299.86572266,76563541.41235352
2955,2955,2962,17864.0,85,88964740.75317383,68447218.8949585,264299441.33758545,76380372.04742432
2956,2956,2963,18218.0,74,93197137.8326416,70097229.95758057,247919857.02514648,77047825.81329346
2957,2957,2964,18740.0,71,96464083.67156982,72933368.68286133,268878697.3953247,79722241.40167236
2958,2958,2965,18194.0,66,90792548.17962646,75154521.94213867,258547221.1837769,82229813.57574463
2959,2959,2966,18554.0,73,95471530.91430664,76202198.02856445,262056279.18243408,83083659.1720581
2960,2960,2967,17690.0,70,83225441.93267822,71619936.9430542,244980127.33459476,78570816.04003906
2961,2961,2968,17721.0,80,85888690.94848633,71066315.65093994,310044369.6975708,76913352.9663086
2962,2962,2969,17649.0,65,95994405.74645996,71939842.2241211,264803740.5014038,79476131.43920898
2963,2963,2970,17422.0,61,96827392.578125,67888914.10827637,286160819.0536499,75674200.0579834
2964,2964,2971,17626.0,75,91836498.26049805,71022451.40075684,280212256.4315796,79048692.70324707
2965,2965,2972,18037.0,64,92775336.26556396,76115378.37982178,330092401.5045166,85454362.8692627
2966,2966,2973,17598.0,74,92210898.39935304,72611212.73040771,274195096.9696045,82217287.06359863
2967,2967,2974,17130.0,66,96849222.18322754,75532525.06256104,275725439.0716553,85445458.41217041
2968,2968,2975,17302.0,64,86108190.53649902,76680539.13116455,270129981.9946289,86764920.23468018
2969,2969,2976,17853.0,62,92020685.19592284,76577127.45666504,263777257.91931152,85421571.73156738
2970,2970,2977,17107.0,79,94120032.31048584,71209263.8015747,328098404.8843384,82751688.00354004
2971,2971,2978,17092.0,69,93609657.28759766,73504213.33312988,272587818.14575195,86777601.24206543
2972,2972,2979,17417.0,75,81324623.10791016,76528498.64959717,201174963.95111084,87900266.64733887
2973,2973,2980,17167.0,63,90820715.90423584,76828971.86279297,276139734.2681885,87887931.82373047
2974,2974,2981,17226.0,75,90080810.546875,76043270.11108398,266908022.8805542,88736942.29125977
2975,2975,2982,16964.0,62,90673167.22869872,76833688.73596191,277463529.586792,88045217.51403809
2976,2976,2983,16840.0,71,91157604.2175293,74462127.68554688,337206650.7339477,86960794.44885254
2977,2977,2984,16924.0,66,81730011.94000244,77560704.2312622,248760245.32318115,88386180.87768555
2978,2978,2985,16800.0,56,88019943.23730469,80125808.71582031,260510444.64111328,92228794.0979004
2979,2979,2986,16800.0,56,87143898.0102539,78600025.17700195,281181621.5515137,88379859.9243164
2980,2980,2987,16800.0,56,91677761.07788086,80460262.29858398,260624885.55908203,91684055.32836914
2981,2981,2988,16800.0,56,84988689.42260742,82115364.07470703,298600673.6755371,92623329.16259766
2982,2982,2989,16529.0,61,80533985.13793945,76282161.71264648,300300525.6652832,87786331.17675781
2983,2983,2990,17524.0,76,94738517.76123048,73329827.30865479,287112381.9351196,84502498.62670898
2984,2984,2991,17880.0,68,91749989.50958252,76925261.49749756,264064122.2000122,89714479.44641113
2985,2985,2992,17244.0,70,91186612.12921144,77731929.77905273,245500050.5447388,86873470.30639648
2986,2986,2993,16777.0,77,85111289.02435303,73899726.86767578,343506401.0620117,82748492.24090576
2987,2987,2994,17027.0,65,88903977.394104,74578420.63903809,237834145.54595947,85740987.77770996
2988,2988,2995,17897.0,73,90817041.39709473,77996230.12542725,245013957.9772949,88010772.70507812
2989,2989,2996,17964.0,62,88032735.82458496,77526765.82336426,278244328.49884033,87294094.08569336
2990,2990,2997,18706.0,71,90731985.09216309,76980355.26275635,266618098.25897217,87039412.49847412
2991,2991,2998,18517.0,67,92656091.69006348,76825251.57928467,271968532.56225586,86208566.66564941
2992,2992,2999,18420.0,69,88426923.75183105,79900944.70977783,216148899.07836917,89232855.79681396
2993,2993,3000,17634.0,69,93600248.336792,76542379.37927246,289529363.63220215,86212000.8468628
2994,2994,3001,17596.0,64,91564715.385437,78098640.44189453,238641642.5704956,86887404.4418335
2995,2995,3002,18099.0,65,90195073.12774658,77512175.55999756,289998728.75213623,87299692.15393066
2996,2996,3003,18341.0,64,93031854.6295166,77616495.13244629,277496517.1813965,88411623.00109863
2997,2997,3004,18260.0,73,90514368.05725098,79942332.26776123,208255456.92443848,90136733.05511476
2998,2998,3005,17857.0,62,88837442.39807129,77629602.43225098,257037242.8894043,86362810.1348877
2999,2999,3006,18126.0,66,90629845.61920166,76492887.49694824,302842414.85595703,87147537.23144531
3000,3000,3007,17682.0,68,86652068.13812256,75427272.79663086,268393402.09960935,84590452.19421387
3001,3001,3008,17482.0,72,89667342.18597412,76945905.6854248,228698775.29144287,86141292.57202148
3002,3002,3009,17120.0,62,89237806.32019043,73837552.07061768,233840370.17822263,84078972.81646729
3003,3003,3010,16758.0,70,90607007.98034668,73823906.89849854,248007095.3369141,83432986.25946045
3004,3004,3011,16747.0,73,90236656.18896484,76947527.88543701,236867140.7699585,87444723.12927246
3005,3005,3012,16433.0,56,90853813.17138672,74362434.38720703,261230510.71166992,83744850.1586914
3006,3006,3013,16641.0,71,94299069.40460204,75007933.61663818,294570962.9058838,85157770.15686035
3007,3007,3014,16981.0,61,94002895.3552246,77132541.65649414,189291873.9318848,85752136.23046875
3008,3008,3015,17051.0,57,87472055.43518066,77770851.1352539,243597812.6525879,87806610.10742188
3009,3009,3016,17149.0,58,92382949.82910156,81067522.0489502,218844490.05126956,91159301.7578125
3010,3010,3017,17067.0,57,93313224.79248048,79055419.921875,224463180.5419922,91781593.3227539
3011,3011,3018,16873.0,64,93045706.7489624,78367404.93774414,269045832.63397217,88554643.63098145
3012,3012,3019,17211.0,60,93107607.8414917,79897182.46459961,228380088.80615237,90663120.2697754
3013,3013,3020,17023.0,57,89410999.2980957,77362136.84082031,193555652.6184082,89525085.44921875
3014,3014,3021,16900.0,66,88117325.78277588,76186040.8782959,258875131.6070557,86421221.73309326
3015,3015,3022,16659.0,56,89138628.00598145,76414062.5,282075901.03149414,84176189.42260742
3016,3016,3023,16914.0,73,90649356.84204102,75101509.09423828,211592182.15942383,85870780.94482422
3017,3017,3024,16891.0,65,90936228.75213625,74146124.83978271,248056184.7686768,83754866.60003662
3018,3018,3025,17171.0,61,85988700.86669922,73720695.49560547,236952747.3449707,83343765.25878906
3019,3019,3026,16693.0,64,83885260.58197021,74950535.77423096,263158191.6809082,84831068.99261475
3020,3020,3027,17696.0,67,90738367.08068848,73343735.69488525,250010915.7562256,82826046.94366455
3021,3021,3028,17133.0,71,90324445.7244873,76139836.31134033,240019082.06939697,85720777.51159668
3022,3022,3029,17176.0,58,93123516.08276369,79673709.86938477,223880023.95629883,88722553.25317383
3023,3023,3030,17086.0,59,89529617.30957031,79232965.46936035,256996135.71166992,88217630.38635254
3024,3024,3031,17114.0,61,90713197.70812988,75251377.10571289,309552680.9692383,85651676.17797852
3025,3025,3032,17100.0,57,88630771.63696289,74241542.81616211,320393085.4797363,84013938.9038086
3026,3026,3033,16897.0,79,89881841.6595459,69654918.6706543,312876290.3213501,79719987.8692627
3027,3027,3034,17588.0,79,91675826.07269289,72005326.27105713,266288146.97265625,81909178.73382568
3028,3028,3035,16881.0,94,92473836.89880373,69848879.81414795,282054353.71398926,81747692.1081543
3029,3029,3036,16258.0,78,82567160.60638428,67578818.32122803,253130157.47070312,77087171.55456543
3030,3030,3037,16669.0,58,91927852.63061523,72046868.32427979,283702049.2553711,80270337.10479736
3031,3031,3038,17699.0,91,91489032.74536131,76854043.00689697,300129063.6062622,88701321.60186768
3032,3032,3039,16946.0,63,95397710.8001709,75811508.17871094,297846991.53900146,85921358.10852051
3033,3033,3040,17609.0,87,87140784.26361084,75171879.76837158,255429827.6901245,86415348.05297852
3034,3034,3041,18113.0,78,94861224.17449953,79073081.01654053,317797055.2444458,89567449.56970215
3035,3035,3042,17655.0,59,93971500.39672852,81756734.84802246,295846080.7800293,89746656.41784668
3036,3036,3043,17405.0,61,85315284.7290039,79257768.63098145,245010768.8903809,88821374.89318848
3037,3037,3044,17025.0,76,92330641.746521,76621638.29803467,283190236.09161377,85096517.56286621
3038,3038,3045,18082.0,92,85854954.71954346,75269186.97357178,314294124.6032715,90199587.82196043
3039,3039,3046,18108.0,75,110460296.63085938,85022515.29693604,390528392.7917481,99716859.81750488
3040,3040,3047,16819.0,100,84403760.91003418,61548322.67761231,298353816.986084,73331317.90161133
3041,3041,3048,17644.0,65,114454040.52734376,78060379.98199463,359180595.3979492,89200394.63043213
3042,3042,3049,16897.0,59,96213066.10107422,67781875.61035156,314665763.85498047,83517635.34545898
3043,3043,3050,17309.0,66,101183803.5583496,74256908.41674805,378212973.5946655,90034344.67315674
3044,3044,3051,17192.0,66,103062711.71569824,76134802.81829834,289972584.72442627,83855706.21490479
3045,3045,3052,17349.0,64,98523563.38500977,74338536.2625122,325306489.944458,82051156.04400635
3046,3046,3053,16665.0,84,99583898.54431152,73315405.84564209,310648307.80029297,83599482.53631592
3047,3047,3054,17135.0,67,101850363.73138428,79194472.31292725,321833652.4963379,93286446.5713501
3048,3048,3055,17350.0,74,109756893.15795898,83371156.69250488,340348983.76464844,94925703.04870604
3049,3049,3056,16800.0,62,100233398.4375,76311263.08441162,301715806.9610596,85157939.91088867
3050,3050,3057,16585.0,60,97401836.39526369,72467829.70428467,289684402.4658203,80845265.38848877
3051,3051,3058,16286.0,69,92251924.51477052,62734895.70617676,301643848.41918945,71069314.95666504
3052,3052,3059,18523.0,80,103922370.91064452,78341366.7678833,337910850.52490234,92849354.74395752
3053,3053,3060,16623.0,75,91358419.41833496,64260220.527648926,280562546.7300415,72659976.95922852
3054,3054,3061,16985.0,69,88072947.50213623,62871560.09674072,294387449.2645264,73265892.98248291
3055,3055,3062,16518.0,57,91514705.65795898,65986164.09301758,287658101.08184814,74068146.70562744
3056,3056,3063,17046.0,67,89282910.34698486,63988686.56158447,267349655.1513672,72236867.90466309
3057,3057,3064,17010.0,66,87871804.23736572,63763583.183288574,273019757.270813,70331475.25787354
3058,3058,3065,16987.0,74,90468524.93286131,68444553.37524414,331490878.1051636,78430839.53857422
3059,3059,3066,16875.0,63,86876435.27984619,67087560.65368652,305424831.39038086,75291895.86639404
3060,3060,3067,17093.0,63,96619930.26733398,66441588.40179443,301928739.5477295,74079471.58813477
3061,3061,3068,16800.0,56,87624835.96801758,65226173.400878906,249331855.77392575,72678279.87670898
3062,3062,3069,17625.0,64,87186290.7409668,68018601.4175415,312839832.3059082,77666558.26568604
3063,3063,3070,17862.0,73,82759518.62335205,67660038.94805908,315947919.84558105,78518818.85528564
3064,3064,3071,18482.0,75,94688491.82128906,76025461.19689941,349217746.73461914,90056362.15209961
3065,3065,3072,19382.0,89,116599986.07635498,86379959.10644531,428076528.5491944,104664716.72058104
3066,3066,3073,18712.0,85,93586606.0256958,74124686.2411499,374018010.1394653,91085312.84332275
3067,3067,3074,20260.0,87,134775832.1762085,104688792.22869872,480277417.1829224,121316826.82037354
3068,3068,3075,18847.0,74,116591654.77752686,86224934.5779419,489999904.6325684,108368383.40759276
3069,3069,3076,20301.0,80,130711968.42193604,99547287.940979,464047441.482544,116116733.5510254
3070,3070,3077,19494.0,76,118496813.77410889,87001128.19671631,511359571.4569092,106834771.15631104
3071,3071,3078,19922.0,94,105151501.6555786,82588282.58514404,418998423.576355,100882295.60852052
3072,3072,3079,20808.0,88,99249005.317688,86230841.63665771,483333270.072937,109527647.97210692
3073,3073,3080,20250.0,98,97385838.50860596,80631648.06365967,438435470.5810547,101037117.95806883
3074,3074,3081,19465.0,121,91390371.32263184,75959057.80792236,596496343.6126709,93445604.32434082
3075,3075,3082,17710.0,74,116664753.9138794,81148019.79064941,423362647.0565796,94869951.24816896
3076,3076,3083,17095.0,82,93137504.57763672,66207496.643066406,266919923.78234863,81422972.67913818
3077,3077,3084,17583.0,63,93030076.98059082,69727179.52728271,298740829.46777344,80482636.45172119
3078,3078,3085,17767.0,66,91918101.31072998,70636233.32977295,263164932.25097656,81416671.75292969
3079,3079,3086,17013.0,59,82396944.99969482,67356558.79974365,244735153.1982422,77671897.8881836
3080,3080,3087,18074.0,73,90840877.53295898,72960281.37207031,359533005.7144165,90304954.5288086
3081,3081,3088,17421.0,76,92024390.22064207,70106683.7310791,384587684.63134766,83036248.20709229
3082,3082,3089,19328.0,79,128461647.0336914,94042894.36340332,445722140.3121948,113640711.7843628
3083,3083,3090,18488.0,64,110356414.79492188,83542388.91601562,432385601.0437012,105461608.88671876
3084,3084,3091,17672.0,75,110936522.48382568,93209148.40698242,408522078.5140991,108683339.11895752
3085,3085,3092,17505.0,65,114012495.99456789,95194130.89752196,372992665.2908325,103819917.678833
3086,3086,3093,17219.0,66,117818061.82861328,88854486.4654541,365048401.83258057,97600133.89587402
3087,3087,3094,16551.0,68,82688643.45550537,73861726.76086426,301112628.9367676,84795868.87359619
3088,3088,3095,17889.0,73,100025346.75598145,73135481.83441162,308672653.1982422,82160884.85717773
3089,3089,3096,17632.0,77,78157526.96990967,71808694.83947754,300666670.7992554,84297954.55932617
3090,3090,3097,17686.0,73,95701595.30639648,73740979.19464111,330062735.5575561,84246097.56469727
3091,3091,3098,17421.0,66,78327976.22680664,62007731.43768311,249572921.7529297,72394619.94171143
3092,3092,3099,17930.0,72,89750664.71099854,68826944.35119629,301248332.0236206,75230883.59832764
3093,3093,3100,19553.0,108,88429087.63885498,72004588.12713623,385877903.9382935,88627959.25140381
3094,3094,3101,18799.0,92,60172876.35803223,56259117.12646485,248557049.7512817,61314768.79119873
3095,3095,3102,18665.0,75,74407456.39801025,57386908.531188965,239236865.99731445,62384373.66485596
3096,3096,3103,19060.0,92,84970432.28149414,62922621.72698975,272668745.9945679,70432125.09155273
3097,3097,3104,18952.0,65,98661385.53619383,66417711.25793457,276398683.54797363,72207948.68469238
3098,3098,3105,18773.0,78,72250087.73803711,60270055.77087402,268661589.6224976,68351808.54797363
3099,3099,3106,18759.0,74,99275359.15374756,67700038.90991211,283345881.4620972,74010174.75128174
3100,3100,3107,19204.0,82,89411070.82366943,66369867.3248291,280002172.4700928,80090053.55834961
3101,3101,3108,18608.0,78,100569568.6340332,75827980.0415039,259865005.4931641,82250102.04315186
3102,3102,3109,18940.0,77,99229108.8104248,76726094.24591064,346504508.972168,83937813.7588501
3103,3103,3110,19353.0,72,99600641.25061037,78117914.1998291,323592657.0892334,84696358.6807251
3104,3104,3111,18050.0,86,101682747.84088136,71286679.2678833,265032456.39801025,75957036.9720459
3105,3105,3112,17097.0,67,95296510.69641112,64261646.27075195,310411780.35736084,71028397.56011963
3106,3106,3113,16592.0,76,97988762.8555298,60225566.86401367,302822392.4636841,65055200.57678223
3107,3107,3114,18414.0,71,119748659.13391112,80182479.85839844,429598007.2021485,90318211.55548096
3108,3108,3115,18626.0,72,119691959.38110352,83146507.2631836,501239456.1767578,93357603.07312012
3109,3109,3116,17903.0,66,126462114.33410645,86513036.72790527,420674538.6123657,101939707.75604248
3110,3110,3117,17542.0,83,123503264.42718506,82051558.49456787,397144191.74194336,96647182.4645996
3111,3111,3118,17816.0,72,100810399.05548096,68815137.86315918,320574944.4961548,84025464.05792236
3112,3112,3119,18285.0,85,96322245.59783936,67486763.9541626,310717951.7745972,75328004.83703613
3113,3113,3120,17664.0,83,105838548.66027832,65126897.81188965,254842089.65301517,71306398.39172363
3114,3114,3121,17419.0,66,119105222.70202637,75295312.88146973,293380158.42437744,82588662.14752197
3115,3115,3122,17792.0,77,111559685.70709229,69746126.17492676,304196959.49554443,81724677.08587646
3116,3116,3123,17633.0,67,118649828.91082764,71477342.60559082,318202303.8864136,82830526.35192871
3117,3117,3124,17300.0,65,101961721.42028809,65478895.18737793,318187112.80822754,80338719.36798096
3118,3118,3125,17497.0,60,112816566.46728516,71072917.93823242,348441135.40649414,82874515.53344727
3119,3119,3126,16979.0,65,115169564.24713136,68619965.55328369,333970381.7367554,76752360.3439331
3120,3120,3127,17988.0,68,98020082.47375488,58463234.90142822,264386676.78833008,68054702.75878906
3121,3121,3128,18649.0,67,96467639.9230957,66217921.25701904,263276613.23547363,75781294.82269287
3122,3122,3129,18598.0,65,98071940.4220581,65909605.02624512,308962381.36291504,71396917.34313965
3123,3123,3130,18600.0,63,101957153.3203125,65971755.98144531,253347009.65881348,71982347.48840332
3124,3124,3131,18600.0,62,95408248.9013672,59079551.696777344,253304958.34350583,71549892.42553711
3125,3125,3132,18380.0,66,92628599.16687012,57095526.695251465,305218881.60705566,62871335.02960205
3126,3126,3133,17922.0,64,97875151.63421632,62362008.0947876,233611578.9413452,69596799.85046387
3127,3127,3134,18504.0,64,105082345.9625244,64572215.08026123,268854656.2194824,74104351.04370117
3128,3128,3135,17795.0,68,90029170.98999023,54286893.84460449,258245134.3536377,59655744.55261231
3129,3129,3136,17965.0,68,88331552.50549316,58938489.91394043,272269231.79626465,68778505.32531738
3130,3130,3137,17953.0,64,104836194.99206544,63378337.86010742,299183715.8203125,68221777.91595459
3131,3131,3138,18686.0,66,106648404.12139893,65450647.35412598,319038714.4088745,76173586.84539795
3132,3132,3139,18470.0,68,93681560.51635742,59339691.162109375,309026507.3776245,71036352.15759277
3133,3133,3140,18491.0,62,102513431.54907228,66061058.0444336,294530937.1948242,72621906.28051758
3134,3134,3141,18491.0,67,107005510.3302002,66303894.04296875,259344463.34838867,74016691.20788574
3135,3135,3142,18243.0,64,103236700.0579834,64179563.52233887,290964965.8203125,75732666.015625
3136,3136,3143,18357.0,64,98111536.9796753,59902412.41455078,238720610.6185913,69527740.47851562
3137,3137,3144,18599.0,65,95028944.01550291,55294206.619262695,270903918.2662964,67422344.20776367
3138,3138,3145,18781.0,75,89779846.19140625,51775829.31518555,261690580.368042,56979212.76092529
3139,3139,3146,17849.0,72,96873047.82867432,58734439.84985352,240372929.57305908,68010273.93341064
3140,3140,3147,18168.0,71,112447014.8086548,67567586.89880371,275028472.9003906,75705997.46704102
3141,3141,3148,18500.0,66,111198546.40960692,67869752.88391113,316440722.46551514,77332112.3123169
3142,3142,3149,18944.0,66,117428806.30493164,70299975.39520264,378300697.32666016,84504405.02166748
3143,3143,3150,18300.0,72,115211148.26202393,73375192.64221191,310059303.2836914,80925421.71478271
3144,3144,3151,17761.0,64,103372293.47229004,68144805.90820312,297305711.7462158,81323999.40490723
3145,3145,3152,17911.0,65,98815587.99743652,69103953.36151123,329264816.2841797,83191321.37298584
3146,3146,3153,16573.0,63,92324322.70050047,63011357.30743408,259870284.08050537,67030721.66442871
3147,3147,3154,18816.0,78,128967474.93743896,82950459.48028564,411577336.31134033,93225756.64520264
3148,3148,3155,18094.0,63,126958444.59533691,72548892.0211792,403892144.2031861,82699095.72601318
3149,3149,3156,17966.0,67,100757661.819458,58483934.40246582,359262043.9529419,69662688.25531006
3150,3150,3157,17289.0,63,92041153.90777588,56009395.599365234,299655600.5477905,64572417.25921631
3151,3151,3158,18411.0,69,107256604.19464111,72870782.85217285,331452766.41845703,86838704.1091919
3152,3152,3159,18980.0,74,101190269.47021484,65173701.28631592,367656488.4185791,82532261.8484497
3153,3153,3160,17657.0,75,81468502.04467773,54974669.45648193,275856483.45947266,63665697.09777832
3154,3154,3161,17779.0,64,90921363.8305664,60627966.88079834,276425949.0966797,67345709.80072021
3155,3155,3162,17951.0,79,59118826.8661499,51457564.35394287,214447454.45251465,59205751.41906738
3156,3156,3163,16359.0,79,73515824.31793213,53788257.59887695,281584446.90704346,64528553.0090332
3157,3157,3164,16105.0,58,105510730.7434082,62458616.25671387,259907663.3453369,69410597.8012085
3158,3158,3165,16419.0,57,79384725.57067871,62573779.10614014,286499652.8625488,73312935.8291626
3159,3159,3166,16360.0,60,97126822.47161864,66564421.65374756,305581080.43670654,72754455.56640625
3160,3160,3167,16201.0,59,95218658.44726562,56709801.67388916,283729814.52941895,71900061.60736084
3161,3161,3168,15931.0,68,71476050.37689209,44691856.384277344,226253831.8634033,50987173.080444336
3162,3162,3169,17140.0,63,87020784.37805176,51302469.25354004,264032010.07843015,61560628.89099121
3163,3163,3170,15797.0,67,83065379.14276123,53886448.86016846,252183031.0821533,59366672.51586914
3164,3164,3171,15786.0,54,63714456.55822754,47407270.43151856,210695238.1134033,58201148.986816406
3165,3165,3172,15716.0,58,79498676.30004883,58294442.17681885,238678971.2905884,63411165.23742676
3166,3166,3173,16028.0,58,85695923.80523682,57076078.41491699,225532322.883606,61686595.91674805
3167,3167,3174,17309.0,60,93005956.64978027,61279680.2520752,234411445.61767575,70810199.73754883
3168,3168,3175,17310.0,62,92289804.45861816,63604667.66357422,290619623.1842041,69476114.27307129
3169,3169,3176,17362.0,70,99570015.9072876,66057731.62841797,253941113.4719849,75856801.03302002
3170,3170,3177,17059.0,58,91955249.78637695,67924299.2401123,267280629.15802,74836299.89624023
3171,3171,3178,16914.0,68,95044191.36047363,62870330.81054688,263339529.0374756,68484714.50805664
3172,3172,3179,16282.0,61,77563805.58013916,50311686.515808105,283901947.9751587,58820098.876953125
3173,3173,3180,16864.0,61,70085512.16125488,50559647.56011963,228523605.3466797,59413475.99029541
3174,3174,3181,17761.0,60,74507120.13244629,53313406.9442749,246898674.01123047,61405722.61810303
3175,3175,3182,18565.0,66,109458875.65612791,71410644.53125,297784293.17474365,81391340.2557373
3176,3176,3183,18632.0,64,95357605.93414308,66719863.89160156,316966338.1576538,78236743.92700195
3177,3177,3184,18622.0,66,103592776.29852296,68728126.5258789,290357096.6720581,79643739.70031738
3178,3178,3185,18289.0,82,102939114.57061768,71361699.10430908,357273801.80358887,87373641.01409912
3179,3179,3186,18208.0,77,96881034.85107422,73531525.61187744,339490946.7697144,87240792.2744751
3180,3180,3187,19050.0,97,109980695.7244873,83172892.5704956,379374558.4487915,98777454.3762207
3181,3181,3188,18768.0,81,118316677.09350586,96705252.6473999,377107716.56036377,105541654.586792
3182,3182,3189,18846.0,75,125951804.16107178,98236000.06103516,400535675.0488281,105594073.29559326
3183,3183,3190,18314.0,75,126212072.37243652,90171175.95672607,387851524.35302734,99384145.73669434
3184,3184,3191,18461.0,70,123077000.61798096,90525978.0883789,379650973.3200073,105639584.5413208
3185,3185,3192,17795.0,66,112657832.14569092,81325336.45629883,387520996.09375,97176489.83001707
3186,3186,3193,18222.0,66,127933521.27075195,95479267.12036131,440695873.2604981,108527042.38891602
3187,3187,3194,17653.0,99,104279833.79364014,81871124.26757812,457199237.8234863,94495525.36010742
3188,3188,3195,17524.0,99,105572649.0020752,79346165.65704346,338670945.1675415,90297699.92828368
3189,3189,3196,17592.0,76,85283729.55322266,70439032.55462646,368831002.2354126,94990907.66906738
3190,3190,3197,17797.0,61,130499974.25079346,96959471.70257568,410538821.220398,102252364.15863036
3191,3191,3198,17566.0,59,129538516.99829102,95658809.66186523,426641033.1726074,102218408.58459473
3192,3192,3199,17494.0,77,112319498.0621338,80557316.78009033,415411814.6896362,98744289.39819336
3193,3193,3200,18138.0,75,123710351.94396973,81601338.38653564,390310152.053833,93282765.38848875
3194,3194,3201,17901.0,94,110844511.9857788,76318481.4453125,369449645.0424194,93236840.24810793
3195,3195,3202,16735.0,78,89016676.902771,58589017.86804199,271635486.6027832,68447634.69696045
3196,3196,3203,15457.0,63,65469173.43139648,48225605.01098633,212801040.6494141,54495147.705078125
3197,3197,3204,14642.0,59,55306179.04663086,44346852.30255127,184147523.88000488,48487356.185913086
3198,3198,3205,15243.0,64,68780639.6484375,48100635.52856445,200631411.5524292,54975488.66271973
3199,3199,3206,14762.0,59,65248848.9151001,45182872.7722168,190974428.17687988,48118597.03063965
3200,3200,3207,15494.0,58,76822509.765625,46629277.22930908,233035808.5632324,50490645.40863037
3201,3201,3208,15488.0,63,67405822.75390625,46456881.52313232,183877431.86950684,49163820.26672363
3202,3202,3209,17069.0,81,64250323.29559326,47481385.23101807,196421690.94085693,51581931.11419678
3203,3203,3210,17096.0,63,71429346.08459473,49197615.62347412,240753499.9847412,55592505.45501709
3204,3204,3211,17827.0,67,97085663.7954712,61542884.82666016,340104487.4191284,69828775.40588379
3205,3205,3212,17962.0,73,94521738.05236816,59150143.62335205,303119400.9780884,68569567.68035889
3206,3206,3213,17979.0,67,89065967.55981445,58353816.03240967,282596170.42541504,67370801.92565918
3207,3207,3214,17188.0,72,77195356.36901855,52691543.57910156,245728096.0083008,59312201.499938965
3208,3208,3215,17092.0,65,79734838.48571777,53188851.35650635,268308592.79632568,57923694.6105957
3209,3209,3216,17959.0,69,81902492.52319336,50980951.3092041,241675493.24035645,55757245.06378174
3210,3210,3217,17886.0,78,81365117.07305908,54282219.886779785,248785253.52478027,60301873.207092285
3211,3211,3218,17253.0,62,81685986.51885986,55131234.16900635,239034223.55651852,60658935.546875
3212,3212,3219,17663.0,64,78768921.85211182,59023531.91375733,255900636.67297363,70632278.44238281
3213,3213,3220,17608.0,75,83240563.39263916,62921924.59106445,277390103.3401489,69493625.64086914
3214,3214,3221,16639.0,67,87591867.44689941,51515888.21411133,247960609.4360352,55347937.58392334
3215,3215,3222,17776.0,76,100107802.39105225,63047179.22210693,280166579.246521,70442229.27093506
3216,3216,3223,17711.0,71,94732895.85113524,61385477.06604004,271545454.9789429,67487893.10455322
3217,3217,3224,17490.0,63,94567256.92749023,58773802.75726318,296194145.2026367,67017282.48596192
3218,3218,3225,17288.0,59,75027072.90649414,57556610.10742188,265537452.6977539,69391193.38989258
3219,3219,3226,17913.0,66,90595870.97167967,63937449.45526123,288018192.29125977,67980171.20361328
3220,3220,3227,18759.0,88,97250823.02093506,70986288.07067871,305165754.3182373,79828599.92980957
3221,3221,3228,18238.0,66,103124041.557312,75233233.45184326,350642539.97802734,82640052.79541016
3222,3222,3229,18554.0,76,95908130.64575195,69422281.26525879,261095111.84692383,78066114.42565918
3223,3223,3230,18123.0,71,106322744.36950684,72582415.58074951,317362645.14923096,77052953.72009277
3224,3224,3231,18133.0,74,93199411.39221191,67226567.26837158,336735162.7349853,78831015.58685303
3225,3225,3232,19257.0,75,86156843.1854248,71172491.0736084,271368657.1121216,78043870.92590332
3226,3226,3233,18487.0,74,82882097.2442627,64926571.8460083,251455899.23858643,70839570.04547119
3227,3227,3234,17751.0,69,82068864.8223877,59298669.81506348,288464490.8905029,64877506.25610352
3228,3228,3235,18597.0,70,85872083.66394043,60524600.0289917,236139643.6691284,65065482.1395874
3229,3229,3236,18616.0,67,89232318.87817383,61611854.553222656,247397062.3016357,66925155.63964844
3230,3230,3237,17485.0,82,86109758.3770752,60236756.32476807,268068276.40533447,64946061.13433838
3231,3231,3238,17834.0,89,84210253.71551514,60490588.18817139,258062262.5350952,65314158.43963623
3232,3232,3239,18244.0,64,91237552.64282228,62864269.2565918,266949287.4145508,68193794.25048828
3233,3233,3240,18686.0,67,90205506.32476808,63997447.9675293,275173101.4251709,69534331.32171631
3234,3234,3241,18637.0,63,93654945.37353516,65557859.42077637,263612655.63964844,71674434.66186523
3235,3235,3242,18359.0,67,85663487.4343872,65079552.65045166,249797210.69335935,71558115.00549316
3236,3236,3243,17972.0,66,90438858.98590088,66845417.02270508,275812619.20928955,72250452.9953003
3237,3237,3244,18407.0,73,90657031.05926514,66500866.88995361,267071367.26379395,72873503.68499756
3238,3238,3245,18426.0,78,89235704.42199707,66985639.57214356,275664859.7717285,72581213.95111084
3239,3239,3246,18635.0,87,91416181.56433104,67977592.46826172,261126959.8007202,75834904.67071533
3240,3240,3247,18053.0,67,83366181.37359619,66457487.10632324,741471556.6635132,73791316.03240967
3241,3241,3248,18260.0,67,88418079.3762207,68614886.28387451,280297512.05444336,75456323.62365723
3242,3242,3249,17758.0,71,81173235.89324951,66382419.58618164,254585767.74597168,72302665.71044922
3243,3243,3250,17345.0,74,84001455.30700684,64032461.16638184,231890690.80352783,67173828.125
3244,3244,3251,17018.0,60,90599857.33032228,60260070.80078125,245776905.05981445,64246231.07910156
3245,3245,3252,17711.0,69,92101693.15338136,62861689.56756592,257419014.9307251,66863305.09185791
3246,3246,3253,18440.0,69,92855021.4767456,65711013.79394531,281412175.17852783,71174681.66351318
3247,3247,3254,18449.0,66,93046569.82421876,63730594.635009766,223958535.19439697,69703238.48724365
3248,3248,3255,18677.0,71,96195337.29553224,67303464.88952637,253940168.3807373,74558780.67016602
3249,3249,3256,17484.0,87,84055477.14233398,63068831.44378662,256801815.9866333,69397975.92163086
3250,3250,3257,18829.0,82,82402915.95458984,64941457.748413086,253468140.60211185,71979755.40161133
3251,3251,3258,18541.0,77,90684820.1751709,61638956.06994629,277950428.9627075,68296684.26513672
3252,3252,3259,18866.0,99,86408228.87420654,62020680.42755127,724775652.885437,71280039.78729248
3253,3253,3260,18548.0,63,92533142.08984376,68321640.01464844,309270137.78686523,77941120.14770508
3254,3254,3261,18739.0,71,91501700.40130617,70903156.28051758,292962352.75268555,83677013.3972168
3255,3255,3262,18551.0,66,87623556.13708496,74632556.9152832,306961784.36279297,85714534.75952148
3256,3256,3263,18600.0,62,87987613.67797852,75146770.47729492,307820892.3339844,85372924.8046875
3257,3257,3264,18488.0,62,86541564.94140625,71805656.43310547,325195831.2988281,85074581.14624023
3258,3258,3265,18317.0,66,90086724.28131104,70108881.95037842,316982624.0539551,81750613.21258545
3259,3259,3266,18333.0,62,92265415.1916504,73318038.94042969,313271793.3654785,84034572.60131836
3260,3260,3267,18222.0,66,86668594.36035156,72425508.49914551,313873880.38635254,80648926.73492432
3261,3261,3268,17920.0,77,86122162.81890869,67886162.75787354,270626356.1248779,77843446.73156738
3262,3262,3269,17794.0,70,89808392.52471924,67595767.97485352,296372446.06018066,79716183.66241455
3263,3263,3270,17990.0,63,93590635.29968262,70015556.33544922,305492290.4968262,81290979.38537598
3264,3264,3271,17935.0,62,90290546.41723631,71768115.99731445,352358215.33203125,84324054.71801758
3265,3265,3272,18074.0,70,88263721.46606445,72555124.28283691,307479420.66192627,85967290.8782959
3266,3266,3273,18000.0,61,89549983.97827148,73751953.125,328035839.08081055,87193056.10656738
3267,3267,3274,18000.0,60,79623699.18823242,67755317.68798828,272698402.4047852,79924106.59790039
3268,3268,3275,18000.0,62,77608388.90075684,65673282.623291016,300416427.6123047,77942728.04260254
3269,3269,3276,18721.0,65,91102454.18548584,73015082.35931396,328984086.99035645,84159651.75628662
3270,3270,3277,18377.0,67,92068883.89587402,71682686.8057251,334741996.7651367,80433000.5645752
3271,3271,3278,18481.0,79,76425038.33770752,71929397.58300781,254565385.81848145,80720907.21130371
3272,3272,3279,18375.0,66,89488271.71325684,70275661.46850586,246848585.12878415,78659708.02307129
3273,3273,3280,18617.0,71,90376831.0546875,72440092.08679199,237078224.1821289,82457233.42895508
3274,3274,3281,18645.0,65,93889602.6611328,72990322.11303711,323782318.1152344,83113586.42578125
3275,3275,3282,18629.0,63,86521331.78710938,76974723.81591797,219512619.0185547,84441818.23730469
3276,3276,3283,18511.0,62,89608890.53344727,73526376.72424316,249740142.8222656,84395336.15112305
3277,3277,3284,18689.0,68,91993469.23828124,76643891.33453369,257136840.8203125,89089604.37774658
3278,3278,3285,18409.0,66,88185655.59387207,76670022.01080322,312700584.4116211,85080443.38226318
3279,3279,3286,18262.0,72,86671874.04632568,78206240.6539917,245246612.54882807,86890059.47113037
3280,3280,3287,18124.0,67,93333230.97229004,79220367.43164062,261966680.5267334,89297801.01776123
3281,3281,3288,18000.0,60,92252826.69067384,81033039.09301758,277923774.7192383,91574764.25170898
3282,3282,3289,17856.0,63,91152557.37304688,79861011.50512695,267450832.36694336,90061649.32250977
3283,3283,3290,18272.0,65,92590307.23571776,78028499.60327148,253665027.6184082,86752696.9909668
3284,3284,3291,18537.0,69,91576370.2392578,77116435.05096436,249555249.2141724,86857590.675354
3285,3285,3292,18451.0,69,89994565.0100708,75519060.1348877,300217190.7424927,84796598.43444824
3286,3286,3293,18868.0,65,92824748.99291992,76689487.45727539,269851886.7492676,85398212.43286133
3287,3287,3294,18600.0,64,93781293.86901855,76024761.19995117,302257164.00146484,84591819.7631836
3288,3288,3295,18505.0,65,88648015.02227783,79027407.6461792,276849203.1097412,88972817.42095947
3289,3289,3296,18545.0,64,91019405.36499023,78883228.30200195,251734344.48242188,87825145.72143555
3290,3290,3297,18346.0,72,85796887.39776611,73633522.98736572,298213186.2640381,84458419.79980469
3291,3291,3298,18614.0,80,94075412.75024414,71089470.86334229,256252884.86480716,80848418.23577881
3292,3292,3299,18685.0,65,93692649.8413086,75686747.55096436,256385833.7402344,86261027.3361206
3293,3293,3300,18583.0,62,93826351.16577148,76177757.2631836,314735263.8244629,85984828.94897461
3294,3294,3301,18320.0,67,85718257.90405273,76653897.28546143,237455656.0516357,87307432.17468262
3295,3295,3302,18154.0,61,90980545.04394533,76099651.33666992,249384845.73364255,87003704.07104492
3296,3296,3303,18598.0,68,84643603.32489014,76441452.9800415,250271224.0219116,85923479.0802002
3297,3297,3304,18834.0,64,86555520.05767822,81930896.7590332,258173309.32617188,91310668.9453125
3298,3298,3305,18600.0,64,89243877.41088867,82485313.41552734,294198875.4272461,90151939.39208984
3299,3299,3306,18204.0,63,90746764.18304443,80410800.93383789,227583772.65930176,89369869.23217773
3300,3300,3307,18818.0,68,85476808.54797363,78910099.02954102,248333469.39086917,87452053.07006836
3301,3301,3308,18637.0,67,87569456.10046387,78039854.04968262,237764570.23620605,86455871.58203125
3302,3302,3309,18495.0,70,86377255.4397583,78156269.07348633,356238926.8875122,87589221.9543457
3303,3303,3310,17992.0,64,91054612.159729,79430428.50494385,256938908.57696533,87798968.31512451
3304,3304,3311,17713.0,66,93465152.74047852,75406589.50805664,313222553.2531738,84960559.8449707
3305,3305,3312,17560.0,63,88878334.04541016,72308054.92401123,274913143.157959,81475293.15948486
3306,3306,3313,17829.0,69,87496311.18774414,73390254.97436523,219822078.704834,83690624.23706055
3307,3307,3314,17700.0,61,83287467.95654297,74817363.73901367,246249034.8815918,84708801.26953125
3308,3308,3315,17971.0,62,84352689.74304199,78334369.65942383,281278684.61608887,89891695.02258301
3309,3309,3316,17941.0,62,86779232.02514648,76622544.28863525,267347373.96240237,89136315.34576416
3310,3310,3317,18761.0,69,87858498.57330322,76352897.64404297,254869080.54351807,86901983.2611084
3311,3311,3318,18600.0,62,91710948.9440918,79572772.97973633,276442909.24072266,88414192.19970703
3312,3312,3319,18600.0,63,89835119.24743652,81149894.71435547,215528263.09204105,89122421.26464844
3313,3313,3320,18591.0,63,94332478.5232544,77778308.8684082,266890349.38812256,87596916.19873047
3314,3314,3321,17308.0,77,84246003.15093994,70471633.91113281,258562751.77001956,80645565.03295898
3315,3315,3322,18197.0,78,91791002.27355956,73980375.28991699,268015754.69970703,83709888.45825195
3316,3316,3323,18220.0,63,89344461.44104004,79064488.4109497,292752119.06433105,87423754.69207764
3317,3317,3324,17708.0,61,85111553.19213867,73053049.08752441,283851694.10705566,83049194.3359375
3318,3318,3325,18435.0,86,93203626.63269044,73673703.19366455,282558191.2994385,85285693.16864014
3319,3319,3326,18270.0,61,92147915.84014893,75363559.72290039,270809535.9802246,84850965.49987793
3320,3320,3327,18327.0,67,91127157.21130373,78546956.0623169,290011766.4337158,87826006.88934326
3321,3321,3328,18225.0,67,81971915.24505615,78165886.87896729,263070568.0847168,86961394.30999756
3322,3322,3329,18150.0,74,90982977.86712646,77278190.61279297,277207515.71655273,86514576.91192627
3323,3323,3330,18345.0,64,90598455.42907716,76287818.9086914,303478824.6154785,85138498.30627441
3324,3324,3331,18358.0,62,90998321.53320312,74194290.16113281,291933979.0344238,82281040.19165039
3325,3325,3332,18706.0,70,91664460.18218994,73506355.28564453,366773649.21569824,83914538.38348389
3326,3326,3333,18512.0,71,90187963.48571776,71518704.41436768,275325805.6640625,79199786.18621826
3327,3327,3334,18151.0,79,86781132.69805908,70160333.63342285,309603971.48132324,79091393.47076416
3328,3328,3335,18243.0,93,92633552.55126952,70780837.059021,278435947.4182129,79494028.09143066
3329,3329,3336,18018.0,77,91479726.79138184,69643944.74029541,273699398.9944458,78312501.90734863
3330,3330,3337,18137.0,64,91650285.7208252,72905991.55426025,322112945.5566406,82110911.36932373
3331,3331,3338,18205.0,73,87383896.82769775,72892249.10736084,277651788.71154785,81330431.93817139
3332,3332,3339,18391.0,81,91204581.26068117,73106550.2166748,341927977.5619507,84022488.59405518
3333,3333,3340,18107.0,69,91620053.2913208,75516863.82293701,263963696.47979736,83740675.9262085
3334,3334,3341,18000.0,60,85121440.88745117,76494598.38867188,319435501.0986328,85049057.00683594
3335,3335,3342,18167.0,63,87396728.515625,76576019.28710938,253750708.5800171,86168193.81713867
3336,3336,3343,18526.0,68,97088531.49414062,77095506.66809082,294094323.15826416,86653394.69909668
3337,3337,3344,18230.0,61,88369617.4621582,79209470.74890137,241869740.48614505,86697845.45898438
3338,3338,3345,18370.0,63,90510053.63464355,78087568.28308105,250011630.05828857,85987777.70996094
3339,3339,3346,18160.0,61,81104927.06298828,76945190.4296875,266010437.01171875,84759178.1616211
3340,3340,3347,18338.0,75,85718961.71569824,71147287.36877441,302429846.76361084,79005510.3302002
3341,3341,3348,18035.0,76,78286863.32702637,69797712.3260498,283721548.08044434,76200160.0265503
3342,3342,3349,18302.0,96,55531582.832336426,60529444.69451904,231794260.0250244,67377485.27526855
3343,3343,3350,19589.0,90,102684266.09039308,82053398.13232422,299873628.616333,93149202.34680176
3344,3344,3351,18573.0,67,91741347.31292725,75969429.01611328,263513032.913208,84560131.07299805
3345,3345,3352,18440.0,85,73380798.33984375,64514626.50299072,257572859.76409912,74562550.54473877
3346,3346,3353,18519.0,77,90149814.60571288,71901992.79785156,285293173.789978,84359586.71569824
3347,3347,3354,18602.0,66,95112480.16357422,74789939.8803711,322316661.8347168,87513416.2902832
3348,3348,3355,19427.0,79,73816878.31878662,67037822.72338867,274410689.3539429,74016903.8772583
3349,3349,3356,19198.0,75,97288449.28741457,77025837.8982544,294168343.54400635,87512231.82678223
3350,3350,3357,18667.0,74,104999588.01269533,81976861.00006104,332974328.04107666,91127396.58355711
3351,3351,3358,17861.0,79,80335987.09106445,69716287.61291504,270409261.7034912,78052029.60968018
3352,3352,3359,18669.0,67,90919185.63842772,75928443.9086914,290372002.60162354,90146341.32385254
3353,3353,3360,18123.0,69,71950722.69439697,69757335.6628418,302683402.0614624,79712571.144104
3354,3354,3361,18391.0,75,98572118.75915527,83465446.47216797,341094804.76379395,95376750.94604492
3355,3355,3362,17991.0,75,94254714.012146,72479402.54211426,297700982.09381104,81405057.90710449
3356,3356,3363,17825.0,62,88453648.5671997,72909060.47821045,296287551.8798828,81045576.09558105
3357,3357,3364,18116.0,82,83610238.07525635,73611566.5435791,274321025.8483887,84111429.21447754
3358,3358,3365,18738.0,79,98188540.4586792,78999609.94720459,319810495.3765869,88464514.73236084
3359,3359,3366,18275.0,63,90027374.26757812,75902286.52954102,328748268.1274414,85028747.55859375
3360,3360,3367,17905.0,80,84338041.30554199,79030530.92956543,281495218.27697754,90254226.68457033
3361,3361,3368,17920.0,76,89982452.39257812,73922790.52734375,291214910.50720215,81143607.1395874
3362,3362,3369,19193.0,83,90922952.65197754,76813658.71429443,295602275.8483887,85981226.92108154
3363,3363,3370,18314.0,62,83401268.0053711,76020671.84448242,263184051.51367188,83237446.78497314
3364,3364,3371,18107.0,79,88693539.6194458,73363564.49127197,313585165.0238037,81219601.63116455
3365,3365,3372,18115.0,100,85512785.91156006,72715189.93377686,264296118.7362671,84989720.34454346
3366,3366,3373,18349.0,67,107537214.2791748,80447311.40136719,347727733.61206055,90725693.70269775
3367,3367,3374,18355.0,93,95665236.4730835,73221543.31207275,296975763.32092285,81543833.73260498
3368,3368,3375,18314.0,79,85603970.52764893,70453460.69335938,304152738.571167,81675748.82507324
3369,3369,3376,18095.0,67,88514236.45019531,71974982.26165771,266896858.21533203,80702073.097229
3370,3370,3377,18197.0,79,80785717.96417236,72120106.69708252,297956837.65411377,82908943.17626953
3371,3371,3378,18735.0,76,70545368.19458008,72294031.14318848,235674434.66186523,79854014.39666748
3372,3372,3379,18929.0,64,79993356.70471191,79023734.0927124,253976709.36584476,87909408.56933594
3373,3373,3380,18829.0,70,65219264.98413086,75725639.34326172,246331974.98321533,84811619.75860596
3374,3374,3381,18735.0,67,55233068.46618652,71610029.22058105,241183425.9033203,81500036.23962402
3375,3375,3382,18437.0,75,61416325.56915283,68317864.41802979,219267492.29431152,74554049.49188232
3376,3376,3383,18909.0,85,83024112.70141602,70207867.62237549,301679224.96795654,81562139.5111084
3377,3377,3384,18906.0,68,84858924.86572266,71870844.84100342,284102371.2158203,80217228.88946533
3378,3378,3385,18011.0,71,57028352.73742676,65077665.32897949,196789995.19348145,70479637.1459961
3379,3379,3386,18002.0,72,71549005.50842285,62819254.87518311,242416482.92541504,67276313.78173828
3380,3380,3387,18980.0,98,79645412.44506836,70556446.07543945,277060647.0108032,82555918.69354248
3381,3381,3388,18821.0,74,92735896.11053468,79278603.55377197,321550732.61260986,85362154.96063232
3382,3382,3389,18306.0,70,104041011.81030272,77743051.52893066,303022366.5237427,84002614.97497559
3383,3383,3390,17870.0,68,67633740.42510986,69522539.13879395,209404901.5045166,74560718.53637695
3384,3384,3391,17935.0,66,61242681.5032959,66941494.94171143,214192621.2310791,72579596.51947021
3385,3385,3392,19286.0,80,81774199.48577881,78987819.67163086,266408871.6506958,87218405.72357178
3386,3386,3393,18923.0,79,80407368.65997314,76131633.75854492,305755670.5474853,88656278.61022949
3387,3387,3394,16604.0,103,82961434.36431885,70837602.61535645,260281003.9520264,76835761.07025146
3388,3388,3395,15087.0,63,71932491.30249023,66339230.53741455,266504744.5297241,74880172.72949219
3389,3389,3396,15035.0,56,79697638.51165771,67206449.50866699,220599621.7727661,72590167.99926758
3390,3390,3397,15015.0,60,75931358.33740234,60018412.590026855,230168099.40338132,72932065.96374512
3391,3391,3398,16843.0,64,85074183.4640503,62822042.46520996,264180219.65026852,71335940.36102295
3392,3392,3399,17109.0,76,79101311.68365479,56294148.4451294,258505426.40686035,62923824.310302734
3393,3393,3400,18122.0,85,87151992.79785156,56588060.37902832,260315924.6444702,61185466.76635742
3394,3394,3401,18150.0,64,83918088.91296387,56522966.384887695,254513080.59692383,61549339.2944336
3395,3395,3402,18349.0,80,82073884.01031494,53583762.16888428,288277090.07263184,62015279.76989746
3396,3396,3403,18472.0,75,96112398.147583,61473297.11914063,276201302.52838135,66270523.07128906
3397,3397,3404,18060.0,87,88697106.36138916,56640426.63574219,269123606.68182373,64136001.58691406
3398,3398,3405,17934.0,98,83136854.17175293,56954824.44763184,283362788.2003784,66573937.41607666
3399,3399,3406,18568.0,96,89669081.68792725,62513247.4899292,250665528.29742432,67894786.8347168
3400,3400,3407,15860.0,78,76585384.36889648,55536866.18804932,260586456.29882807,64410586.3571167
3401,3401,3408,16257.0,65,89454812.04986572,59275176.04827881,280600606.91833496,65416867.25616455
3402,3402,3409,16286.0,66,98514613.1515503,53185673.71368408,278604544.6395874,58016792.29736328
3403,3403,3410,17546.0,76,57249907.49359131,49418958.66394043,239487096.78649905,59699564.933776855
3404,3404,3411,18057.0,69,80429369.92645264,59122058.8684082,305658756.2561035,65192679.4052124
3405,3405,3412,18051.0,84,79697215.08026123,60242511.74926758,273716464.9963379,65774380.683898926
3406,3406,3413,17940.0,73,83565157.89031982,62211707.11517334,258870693.2067871,69313525.19989014
3407,3407,3414,18405.0,69,87830952.64434814,62497821.80786133,312969252.58636475,72380108.83331299
3408,3408,3415,17860.0,74,104527860.64147948,54589739.79949951,371497532.84454346,65718841.552734375
3409,3409,3416,17900.0,83,74971574.7833252,50715558.05206299,275286186.2182617,58651721.9543457
3410,3410,3417,18065.0,86,54502960.205078125,46639044.76165772,231860974.3118286,53059778.21350098
3411,3411,3418,18543.0,74,62783314.70489502,47579715.728759766,234869669.9142456,51531511.306762695
3412,3412,3419,17172.0,84,76707954.40673828,47588656.42547608,238759170.53222656,52200345.03936768
3413,3413,3420,17057.0,71,78838269.23370361,49731441.497802734,220474339.4851685,53890809.05914307
3414,3414,3421,16224.0,60,70527428.62701416,47497382.164001465,224117470.741272,51016102.79083252
3415,3415,3422,16065.0,77,73451411.24725342,48359517.097473145,197226140.97595212,51046211.24267578
3416,3416,3423,16362.0,63,83611604.69055176,55465950.01220703,250522361.7553711,61276122.09320068
3417,3417,3424,19046.0,81,124568126.6784668,83242243.76678467,427579010.0097656,92063471.79412842
3418,3418,3425,18149.0,70,114605031.01348875,80534076.69067383,430158614.1586304,83931571.0067749
3419,3419,3426,18595.0,73,117273483.2763672,88434139.25170898,425657419.2047119,99574293.13659668
3420,3420,3427,18173.0,67,114256742.477417,84306251.5258789,433732395.1721192,90386987.68615724
3421,3421,3428,17854.0,66,100428705.2154541,67251835.82305908,316224720.0012207,81062927.24609375
3422,3422,3429,18353.0,102,106890017.50946043,68606958.38928223,273574811.9354248,77315964.6987915
3423,3423,3430,18760.0,97,115241933.82263184,76113392.82989502,324808996.2005615,84880820.27435303
3424,3424,3431,17900.0,83,100385890.96069336,66941101.07421875,326723720.5505371,79401479.72106934
3425,3425,3432,16779.0,75,95926318.16864014,69533403.39660645,316491180.4199219,76795629.50134277
3426,3426,3433,16477.0,65,97213753.70025636,69590735.43548584,263387629.50897217,75557779.31213379
3427,3427,3434,16079.0,69,95890609.74121094,68526404.38079834,250853058.81500244,74176390.64788818
3428,3428,3435,16567.0,68,103978962.8982544,68857388.49639893,278480646.13342285,75057479.85839844
3429,3429,3436,16583.0,85,87754289.6270752,65300365.44799805,249640505.79071045,72380372.04742432
3430,3430,3437,16033.0,70,77504940.9866333,56988926.88751221,220344177.24609372,62435822.48687744
3431,3431,3438,16624.0,83,85478121.75750732,56023985.86273193,242151996.61254883,62025450.70648193
3432,3432,3439,16479.0,71,90056986.80877686,60858211.517333984,242506049.15618896,69028658.86688232
3433,3433,3440,15363.0,66,94860561.3708496,65387428.283691406,260495675.0869751,71041541.09954834
3434,3434,3441,15132.0,71,76046147.34649658,57802574.15771485,237516090.3930664,67655576.70593262
3435,3435,3442,17199.0,73,132386075.97351074,94756373.40545654,396891901.01623535,107797362.32757568
3436,3436,3443,16936.0,79,119734409.3322754,92284170.15075684,380765594.4824219,98466547.96600342
3437,3437,3444,17275.0,77,113127028.465271,77349194.52667236,377203981.3995361,89851821.89941406
3438,3438,3445,16245.0,72,100284648.89526369,68723170.28045654,267203663.8259888,80325960.15930176
3439,3439,3446,15352.0,62,66995424.27062988,56303188.32397461,213413667.678833,64799107.55157471
3440,3440,3447,15722.0,72,93635502.81524658,64838839.53094482,297074516.2963867,75668014.52636719
3441,3441,3448,15764.0,70,61829220.77178955,60668868.06488037,208223363.8763428,68302739.14337158
3442,3442,3449,16026.0,64,67831677.43682861,59126419.06738281,287814915.65704346,67324650.76446533
3443,3443,3450,16897.0,74,73480850.21972656,60332666.39709473,234187084.19799805,67689009.66644287
3444,3444,3451,16408.0,78,73067850.11291504,61396526.33666992,256187026.97753903,66785917.28210449
3445,3445,3452,16299.0,77,78117805.48095703,60058449.74517822,262335869.78912356,66774144.17266846
3446,3446,3453,16597.0,69,81074901.58081055,60134679.79431152,237859106.0638428,65605850.21972656
3447,3447,3454,15388.0,57,72670442.58117676,55712692.26074219,221935736.65618896,60058163.6428833
3448,3448,3455,15411.0,71,62127035.14099121,53743886.94763184,216790148.7350464,58585596.08459473
3449,3449,3456,16770.0,81,90740441.32232666,64014455.795288086,280902488.7084961,70547492.98095703
3450,3450,3457,15756.0,68,95914999.00817873,65181190.490722656,229035032.27233887,68963955.87921143
3451,3451,3458,16013.0,55,75305969.23828125,59752490.99731445,262407936.0961914,71294052.12402344
3452,3452,3459,17529.0,81,80350073.81439209,84104522.70507812,320154270.17211914,96975029.94537354
3453,3453,3460,17671.0,68,115361785.88867188,85279910.08758545,340384311.6760254,102372828.48358154
3454,3454,3461,17127.0,58,111132015.22827148,94298362.7319336,299364505.76782227,100623744.9645996
3455,3455,3462,16625.0,66,75712416.64886475,65909739.49432373,283558536.529541,82905366.89758301
3456,3456,3463,16643.0,78,68309619.90356445,54049358.36791992,247916387.5579834,62833690.64331055
3457,3457,3464,16501.0,90,67468105.31616211,58130319.595336914,284202328.6819458,67831517.21954346
3458,3458,3465,17112.0,59,102456562.04223631,64352195.739746094,330110317.2302246,72504697.79968262
3459,3459,3466,16335.0,91,72897767.06695557,54120342.25463867,248999064.4454956,62860127.449035645
3460,3460,3467,16097.0,91,44831424.713134766,48604644.77539063,179289130.21087646,54456419.94476318
3461,3461,3468,16261.0,82,35549653.05328369,45261306.76269531,179876562.11853027,50343516.34979248
3462,3462,3469,17279.0,77,86798165.3213501,58540897.369384766,304672265.0527954,67090288.162231445
3463,3463,3470,16351.0,90,63217816.35284424,49120455.74188232,256806207.65686035,57718484.87854004
3464,3464,3471,14703.0,68,47437657.35626221,42644374.84741211,180516028.40423584,46076222.41973877
3465,3465,3472,16796.0,113,55790379.52423096,49540162.08648682,213192556.3812256,55193401.33666992
3466,3466,3473,16464.0,77,60762532.234191895,52702507.01904297,230299761.77215576,62425194.74029541
3467,3467,3474,15673.0,63,77828497.88665771,55100361.824035645,230136874.1989136,60404423.71368408
3468,3468,3475,16141.0,84,67381979.94232178,51886802.67333984,265359864.23492432,62680092.81158447
3469,3469,3476,16928.0,80,97245269.77539062,76720246.31500244,374148017.8833008,91656169.89135742
3470,3470,3477,18139.0,101,124153706.55059814,93732015.6097412,344674272.53723145,100412989.61639404
3471,3471,3478,18338.0,102,124633978.84368896,100359636.3067627,378943820.95336914,111131987.57171632
3472,3472,3479,18869.0,81,138100428.5812378,96666376.1138916,403848364.8300171,109308696.74682616
3473,3473,3480,18672.0,116,129557118.41583252,94034064.29290771,459891695.022583,113220721.244812
3474,3474,3481,18416.0,80,123691408.15734863,89604575.15716553,376204823.4939575,110816953.65905762
3475,3475,3482,19654.0,70,146260765.0756836,110368164.0625,405138187.40844727,122827037.8112793
3476,3476,3483,18930.0,64,147824230.1940918,108060804.36706544,433116762.1612549,116084360.12268066
3477,3477,3484,18640.0,77,139077907.56225586,96324418.06793211,368921162.6052856,107667491.9128418
3478,3478,3485,18685.0,94,134805564.8803711,95390608.78753662,419207236.289978,106614298.8204956
3479,3479,3486,18815.0,126,132561735.15319824,89625359.53521729,415064818.3822632,102537959.09881592
3480,3480,3487,17988.0,81,103711236.00006104,69064255.7144165,358405537.60528564,84127507.20977783
3481,3481,3488,17812.0,74,112667034.14916992,67907788.27667236,362511165.6188965,86035653.11431885
3482,3482,3489,16941.0,75,98056072.23510742,60146483.42132568,277477298.73657227,67147837.63885498
3483,3483,3490,16747.0,66,120143610.95428468,68367897.0336914,292671784.40093994,74385046.00524902
3484,3484,3491,16640.0,81,102651868.82019044,62680992.12646485,307206673.62213135,70888355.25512695
3485,3485,3492,15986.0,57,106945330.619812,56161957.74078369,285739046.09680176,61176423.07281494
3486,3486,3493,16319.0,71,109237006.18743896,57400146.484375,308538832.66448975,61991839.40887451
3487,3487,3494,16235.0,77,101780767.4407959,54561284.06524658,297511940.9561157,59146142.95959473
3488,3488,3495,16674.0,99,91318960.18981934,50323127.74658203,258073126.7929077,58014081.00128174
3489,3489,3496,17228.0,79,95642048.8357544,51602116.58477783,269344097.1374512,55868308.06732178
3490,3490,3497,17439.0,92,90564455.98602296,51515849.11346436,254297629.35638428,56314461.70806885
3491,3491,3498,17128.0,64,89192367.55371094,52640002.25067139,277550743.10302734,57766564.36920166
3492,3492,3499,16778.0,65,72542528.15246582,51142922.40142822,222885302.5436401,55997167.58728027
3493,3493,3500,16703.0,71,60041337.96691895,51110061.64550781,210086500.16784668,56743606.56738281
3494,3494,3501,16683.0,67,57217574.11956787,49301691.05529785,191062822.34191892,54127090.45410156
3495,3495,3502,16441.0,66,42869579.31518555,47457660.67504883,181389055.2520752,51541903.495788574
3496,3496,3503,16637.0,76,57645778.65600586,47973891.25823975,206661077.49938965,54090017.31872559
3497,3497,3504,17490.0,74,75077233.31451416,59673041.343688965,258836210.2508545,65731464.38598633
3498,3498,3505,16164.0,88,64294746.39892578,49325757.02667236,261879685.4019165,60044829.36859131
3499,3499,3506,16249.0,92,67668852.80609131,47165010.45227051,235754599.57122803,50862276.07727051
3500,3500,3507,15882.0,68,69760563.85040283,47820542.335510254,215190155.9829712,51797159.19494629
3501,3501,3508,15923.0,82,55428610.80169678,46206321.716308594,190674498.55804443,50742938.99536133
3502,3502,3509,15333.0,68,61520308.49456787,51962546.34857178,192650075.9124756,56706931.11419678
3503,3503,3510,15566.0,71,64805892.94433594,51481752.39562988,189730895.04241943,55705248.83270264
3504,3504,3511,15634.0,78,69019775.390625,52379184.72290039,237638916.9692993,58038221.35925293
3505,3505,3512,15990.0,60,61079211.23504639,53699560.16540527,204295131.6833496,58833435.05859375
3506,3506,3513,15847.0,59,54436594.00939941,51107931.13708496,196273022.6516724,55286825.18005371
3507,3507,3514,16166.0,75,55825798.988342285,51197957.0388794,180223595.6192017,54755218.505859375
3508,3508,3515,15795.0,63,65580509.185791016,51177255.63049317,207030965.8050537,54945302.00958252
3509,3509,3516,17845.0,99,88830493.92700195,63896982.19299317,256493142.12799072,69346913.33770752
3510,3510,3517,17087.0,72,94150022.50671388,63490229.60662842,235781493.18695068,69461249.35150146
3511,3511,3518,16908.0,68,92037957.19146729,59615174.29351807,261726183.8912964,64918300.62866211
3512,3512,3519,16771.0,75,91269039.15405272,61434186.935424805,262747841.835022,69887831.68792725
3513,3513,3520,17228.0,87,83319064.14031982,61805680.27496338,239372426.98669437,68074194.90814209
3514,3514,3521,16552.0,88,77544407.84454346,60104952.81219482,262983196.2585449,66707819.93865967
3515,3515,3522,16804.0,73,86310375.21362305,59653088.56964111,240498385.42938232,68050013.5421753
3516,3516,3523,15773.0,81,83417128.56292725,55604413.03253174,238171301.84173584,62868057.25097656
3517,3517,3524,15539.0,70,77621712.68463135,53902458.19091797,228520365.7150269,60268943.78662109
3518,3518,3525,15775.0,79,68269323.34899902,49896055.22155762,221268331.52771,55780506.1340332
3519,3519,3526,15353.0,63,59456350.326538086,49794325.828552246,161266434.66949463,54122265.81573486
3520,3520,3527,15242.0,66,47559531.21185303,49550559.997558594,197009232.52105716,55267615.31829834
3521,3521,3528,16370.0,62,59087937.355041504,52859102.24914551,217134344.10095212,57931320.19042969
3522,3522,3529,16392.0,66,65861103.05786133,54168727.87475586,264585301.39923096,62114251.136779785
3523,3523,3530,16672.0,62,65963294.02923584,55401517.86804199,246954511.64245605,60971462.24975586
3524,3524,3531,16419.0,70,65564866.06597901,52656102.18048096,249588852.88238525,58181307.79266357
3525,3525,3532,17808.0,91,72148764.61029053,61041381.8359375,274006527.9006958,68051848.41156006
3526,3526,3533,16321.0,68,63463788.986206055,54048071.86126709,224449440.9561157,59183341.02630615
3527,3527,3534,16787.0,74,78846418.3807373,55849575.996398926,278007637.0239258,61695447.92175293
3528,3528,3535,17143.0,85,81113434.79156494,57882924.07989502,679816205.9783936,66399597.16796875
3529,3529,3536,17613.0,75,91992464.06555176,64976901.05438232,290263010.97869873,72568327.90374756
3530,3530,3537,17443.0,99,86290878.29589844,62005149.841308594,289298974.9908447,69691664.69573975
3531,3531,3538,17745.0,75,102750162.1246338,65857909.20257568,311895690.91796875,74004865.6463623
3532,3532,3539,17794.0,76,95481842.04101562,62975107.19299317,313639081.95495605,72543034.55352783
3533,3533,3540,17472.0,82,98531510.35308838,65008829.11682129,322689057.3501587,75518241.88232422
3534,3534,3541,17107.0,60,100252352.71453856,63285220.1461792,273253263.47351074,70418791.77093506
3535,3535,3542,17100.0,57,99892616.27197266,64146709.44213867,247633266.4489746,72562980.65185547
3536,3536,3543,16938.0,69,95342155.45654295,61646899.22332764,278276638.03100586,69124077.79693604
3537,3537,3544,16284.0,81,95624274.2538452,60075753.2119751,293632627.4871826,66562616.3482666
3538,3538,3545,17125.0,98,95166143.4173584,66243658.0657959,313200798.034668,76338417.05322266
3539,3539,3546,16652.0,86,94042128.56292725,63727435.11199951,280489210.1287842,70443498.6114502
3540,3540,3547,16442.0,71,92412260.055542,64009342.19360352,316202429.77142334,73720938.68255615
3541,3541,3548,16754.0,71,90388107.29980467,70677841.18652344,278641116.14227295,81078304.29077148
3542,3542,3549,16173.0,56,84896633.14819336,68234399.79553223,255753021.2402344,76022789.00146484
3543,3543,3550,16386.0,66,87078847.88513184,70234025.9552002,268044758.7966919,79577448.84490967
3544,3544,3551,16200.0,54,84825897.21679688,68300628.66210938,301516342.16308594,79325294.4946289
3545,3545,3552,16327.0,61,93380913.73443604,68539269.44732666,311026315.6890869,81324801.44500732
3546,3546,3553,16939.0,65,91150050.16326904,69416287.42218018,280446793.5562134,81990001.6784668
3547,3547,3554,16996.0,62,88826464.65301514,78318762.77923584,260297879.2190552,88286834.71679688
3548,3548,3555,16621.0,81,91077133.17871094,74952347.75543213,288031428.3370972,85170540.80963135
3549,3549,3556,16493.0,57,88242016.79229736,76294374.46594238,278813220.0241089,85708066.94030762
3550,3550,3557,16346.0,62,94453081.13098145,75006384.84954834,308734702.1102905,85519622.80273438
3551,3551,3558,16050.0,56,92703174.59106444,75664102.55432129,277380111.69433594,85272718.42956543
3552,3552,3559,15904.0,54,93338298.79760742,75542030.33447266,300884056.0913086,84327949.52392578
3553,3553,3560,15281.0,57,90552822.11303712,73177417.75512695,284920269.0124512,82024692.53540039
3554,3554,3561,16737.0,63,94499843.59741212,75164414.40582275,299075790.40527344,84712868.69049072
3555,3555,3562,16290.0,61,86013618.46923828,71015972.13745117,328724518.77593994,81377315.52124023
3556,3556,3563,16913.0,61,88364477.15759277,74388954.16259766,303613078.1173706,87179107.66601562
3557,3557,3564,16798.0,89,84310995.10192871,75600809.09729004,317993352.89001465,87332836.15112305
3558,3558,3565,17297.0,67,91673829.07867432,83770781.51702881,277812925.3387451,96205203.05633543
3559,3559,3566,17133.0,61,93352482.79571532,78609630.5847168,294008960.7238769,96436782.83691406
3560,3560,3567,16697.0,88,88135698.31848145,72142122.26867676,334911132.8125,83798616.40930176
3561,3561,3568,17028.0,90,93175142.288208,72114257.8125,308472367.2866821,82036193.84765625
3562,3562,3569,16526.0,98,92496208.19091795,75111608.50524902,311479622.84088135,86029605.86547852
3563,3563,3570,15822.0,58,82511898.9944458,73372605.3237915,291524621.963501,83981587.40997314
3564,3564,3571,16041.0,55,76037731.1706543,71927253.72314453,280933914.1845703,82060729.98046875
3565,3565,3572,15646.0,53,73098411.5600586,71006259.91821289,289692298.88916016,81398548.1262207
3566,3566,3573,16186.0,61,74265099.52545166,73436873.43597412,286357115.74554443,83448171.61560059
3567,3567,3574,16983.0,73,71018832.20672607,75880719.18487549,255613399.50561523,87321188.92669678
3568,3568,3575,16717.0,66,80656002.99835205,77960107.80334473,278659507.75146484,88600481.0333252
3569,3569,3576,16911.0,73,90067422.86682129,73261454.58221436,307411037.4450684,88419154.1671753
3570,3570,3577,17073.0,79,88519824.02801514,76617869.37713623,330681571.9604492,89339497.56622314
3571,3571,3578,16800.0,56,87277793.88427734,77936267.8527832,300907516.4794922,89150047.3022461
3572,3572,3579,16800.0,59,93471254.34875488,76783061.98120117,310115703.5827637,85892517.08984375
3573,3573,3580,16536.0,60,90445547.10388184,75133209.22851562,296757678.9855957,85122465.13366699
3574,3574,3581,16224.0,58,79709712.98217773,72148033.14208984,331570209.5031738,81950336.45629883
3575,3575,3582,16269.0,71,90116230.01098631,71430239.6774292,302997813.2247925,80340943.33648682
3576,3576,3583,16038.0,73,89679492.95043945,70310041.4276123,314005854.6066284,79496297.83630371
3577,3577,3584,15978.0,64,90923688.8885498,74397702.21710205,271676403.9993286,85219270.70617676
3578,3578,3585,16030.0,67,91758273.12469482,75366135.597229,298249279.0222168,88216779.7088623
3579,3579,3586,15931.0,66,83581270.21789551,73347192.76428223,285161723.13690186,86605738.63983154
3580,3580,3587,16285.0,64,89533990.85998535,71168215.75164795,297296128.27301025,80802389.14489746
3581,3581,3588,15689.0,62,90320295.3338623,71760456.08520508,339730168.34259033,81855630.87463379
3582,3582,3589,16165.0,58,91790990.82946776,77648005.48553467,294776679.9926758,88595341.68243408
3583,3583,3590,15757.0,63,90108210.56365968,71811157.2265625,351430747.98583984,84232339.85900879
3584,3584,3591,15904.0,67,90771567.34466553,69985246.6583252,301172204.9713135,80694823.26507568
3585,3585,3592,15865.0,69,79908973.69384766,67925946.23565674,284071461.67755127,79550014.49584961
3586,3586,3593,16241.0,59,88142910.00366211,68571256.63757324,265774060.2493286,79342533.11157227
3587,3587,3594,16775.0,57,88235893.24951172,72859111.78588867,267428283.69140625,81026693.34411621
3588,3588,3595,17310.0,89,78875266.07513428,71972706.79473877,292409232.1395874,79820219.03991699
3589,3589,3596,17286.0,84,79680521.01135254,69980442.04711914,296928053.855896,79443412.78076172
3590,3590,3597,17002.0,113,89055705.0704956,70809870.71990967,330603983.87908936,80720168.1137085
3591,3591,3598,16515.0,63,90639287.9486084,72582128.52478027,342760835.647583,81361005.78308105
3592,3592,3599,16190.0,61,82940642.35687256,70269953.72772217,264462181.0913086,79004194.25964355
3593,3593,3600,16755.0,65,86752411.84234619,70647021.29364014,293409141.54052734,80698046.68426514
3594,3594,3601,16372.0,56,83329584.1217041,69884017.94433594,304744205.4748535,79457317.35229492
3595,3595,3602,17410.0,76,73241867.06542969,71657163.61999512,308326743.1259155,81480857.8491211
3596,3596,3603,17858.0,73,64201582.90863037,71083264.35089111,343863221.16851807,79093942.64221191
3597,3597,3604,17650.0,74,91748731.61315918,72817008.97216797,316479044.9142456,82278795.24230957
3598,3598,3605,17526.0,65,94286355.01861572,73960980.41534424,321909219.7418213,82447296.14257812
3599,3599,3606,16942.0,76,91974736.21368408,72501806.25915527,325405277.25219727,81756060.60028076
3600,3600,3607,16800.0,56,68464851.37939453,67617702.48413086,311316204.0710449,79804515.83862305
3601,3601,3608,16800.0,56,93324851.9897461,72429084.77783203,321651077.2705078,81219577.78930664
3602,3602,3609,16525.0,63,84713768.0053711,68367734.90905762,540903877.2583008,75546548.84338379
3603,3603,3610,16616.0,68,80489708.90045166,64441554.06951904,266213516.2353516,77265050.88806152
3604,3604,3611,16390.0,63,90744597.43499756,70107770.9197998,269950002.6702881,78848568.9163208
3605,3605,3612,15987.0,86,90995789.52789308,63713148.11706543,265975628.85284424,72490756.03485107
3606,3606,3613,16041.0,66,85915157.31811523,62213403.70178223,264176904.67834476,73748382.56835938
3607,3607,3614,16642.0,78,94585012.43591309,66954169.27337647,401175465.58380127,77781713.48571777
3608,3608,3615,16246.0,61,96363924.02648926,65697141.64733887,380484547.61505127,74859375.0
3609,3609,3616,15995.0,59,89158604.6218872,63796368.59893799,294857096.6720581,74046129.22668457
3610,3610,3617,16689.0,82,94559788.70391846,68223857.87963867,270092574.1195679,76226400.37536621
3611,3611,3618,16310.0,85,54320004.4631958,60135494.23217773,232030612.94555664,68139998.43597412
3612,3612,3619,16903.0,60,67899379.73022461,62087733.26873779,314869263.6489868,75684459.6862793
3613,3613,3620,17328.0,105,96380620.00274658,67536986.35101318,328735301.01776123,78531114.57824707
3614,3614,3621,17347.0,72,87087668.41888428,62238707.54241943,281205265.045166,70420557.02209473
3615,3615,3622,17528.0,102,82577151.29852295,62525427.81829834,276240617.7520752,72095188.14086914
3616,3616,3623,18278.0,77,91646512.98522948,67967223.16741943,283853071.2127685,75905519.48547363
3617,3617,3624,17408.0,72,93980537.41455078,68544503.2119751,263753562.9272461,77335135.4598999
3618,3618,3625,17189.0,80,94367746.3531494,69382722.85461426,282010217.666626,82384707.4508667
3619,3619,3626,17107.0,68,91289020.53833008,71506870.26977539,281528825.7598877,83245439.52941895
3620,3620,3627,17053.0,74,92739160.53771973,65339859.00878906,276579222.6791382,73679336.54785156
3621,3621,3628,16572.0,56,93245847.70202637,65933097.83935547,307536586.7614746,75657417.29736328
3622,3622,3629,17028.0,58,93358285.90393066,69714660.64453125,303508037.5671387,80375679.01611328
3623,3623,3630,16800.0,57,93178319.93103027,70200222.01538086,322796470.64208984,78835136.41357422
3624,3624,3631,16611.0,62,84861053.46679688,68050651.55029297,315348152.16064453,78007468.22357178
3625,3625,3632,17774.0,80,94717317.58117676,74297352.79083252,314554219.24591064,85009650.23040771
3626,3626,3633,17787.0,70,94203713.41705322,71602052.68859863,298036926.26953125,81654785.15625
3627,3627,3634,17553.0,73,90178483.00933838,65731301.30767822,317193665.5044556,72577002.52532959
3628,3628,3635,17177.0,68,79233685.49346924,63332783.699035645,265663253.7841797,72102446.55609131
3629,3629,3636,18447.0,92,70140012.74108887,65789280.89141846,309064866.065979,78070034.98077393
3630,3630,3637,17990.0,66,85015573.50158691,68683452.60620117,342302986.14501953,79187541.96166992
3631,3631,3638,18428.0,81,88158610.3439331,74746843.3380127,279316836.3571167,84141753.19671631
3632,3632,3639,18481.0,75,84655208.58764648,72151323.31848145,273031181.3354492,87449394.22607422
3633,3633,3640,18502.0,66,82127210.61706543,68690661.43035889,294691421.50878906,77718816.75720215
3634,3634,3641,17904.0,65,61963794.70825195,66347061.15722656,272143587.1124268,75087454.7958374
3635,3635,3642,18888.0,81,77320624.35150146,71196823.12011719,305290942.19207764,81919240.95153809
3636,3636,3643,19283.0,76,97544171.333313,78201462.7456665,323851018.90563965,89629151.34429932
3637,3637,3644,18858.0,69,97269315.71960448,78844625.47302246,341554634.0942383,90654283.52355956
3638,3638,3645,18565.0,71,99871423.72131348,81982486.72485352,268928209.3048096,92279096.60339355
3639,3639,3646,17688.0,82,89716897.96447754,70654449.46289062,268152847.29003903,78652553.55834961
3640,3640,3647,17443.0,85,88248080.25360107,69195522.30834961,283915707.5881958,79530045.50933838
3641,3641,3648,17169.0,71,86494334.22088623,69203637.12310791,254572866.4398193,77663874.62615967
3642,3642,3649,17251.0,67,89875529.2892456,69678321.8383789,267335208.89282227,77341926.57470703
3643,3643,3650,17128.0,70,84884845.73364258,69218739.50958252,215401096.3439941,76794913.29193115
3644,3644,3651,17176.0,70,79607347.48840332,69757798.19488525,294277968.40667725,77880765.91491699
3645,3645,3652,18089.0,109,90097791.67175291,70919743.53790283,340227788.9251709,78686562.53814697
3646,3646,3653,18003.0,83,92778617.85888672,72176452.63671875,290535909.65271,79592089.65301514
3647,3647,3654,18064.0,97,84465485.57281494,72123459.815979,249597897.52960205,80308504.10461426
3648,3648,3655,18770.0,75,91386993.40820312,71775783.53881836,323017380.7144165,82386307.71636963
3649,3649,3656,19036.0,69,100428474.42626952,77206761.36016846,322460659.0270996,88164294.24285889
3650,3650,3657,18900.0,64,97474012.37487791,75046752.9296875,381854248.046875,87215183.25805664
3651,3651,3658,18549.0,73,91152753.82995604,71567363.73901367,322317390.44189453,82270028.11431885
3652,3652,3659,17803.0,79,85478067.39807129,61627442.35992432,316288593.2922363,69857457.1609497
3653,3653,3660,18056.0,65,93525431.6329956,62554525.37536621,239904738.4262085,67990400.31433105
3654,3654,3661,17783.0,71,90233654.97589111,59655003.54766846,284041059.4940185,66991056.44226074
3655,3655,3662,17700.0,59,89514827.72827148,60732364.654541016,280506706.23779297,68330097.19848633
3656,3656,3663,17700.0,60,95421953.20129396,65347909.92736816,255749130.24902344,74741420.74584961
3657,3657,3664,17484.0,59,90039474.48730469,68525737.76245117,265464817.04711917,78354450.22583008
3658,3658,3665,18086.0,67,84567352.29492188,69720850.94451904,297410530.09033203,79746470.45135498
3659,3659,3666,18134.0,64,94787503.24249268,70760375.02288818,276077179.90875244,82179977.41699219
3660,3660,3667,17726.0,60,91654094.69604492,68586963.65356445,244508741.37878415,77062194.82421875
3661,3661,3668,18274.0,62,91896829.60510254,70049032.21130371,278872804.64172363,80121400.83312988
3662,3662,3669,17782.0,67,85099788.66577148,66990777.01568604,294552034.37805176,75108957.29064941
3663,3663,3670,17908.0,65,71414462.08953857,63850262.64190674,247577075.95825195,70215853.69110107
3664,3664,3671,18748.0,79,85556960.105896,73105800.62866211,269967999.458313,80032621.38366699
3665,3665,3672,18891.0,78,84152220.72601318,76194882.3928833,283618505.4779053,89180252.07519531
3666,3666,3673,18951.0,75,95064257.62176514,77499578.47595215,320960788.72680664,90860684.39483644
3667,3667,3674,19662.0,77,95222425.46081544,81426316.2612915,313535230.6365967,99418097.49603271
3668,3668,3675,19617.0,69,116695749.28283691,93032279.96826172,347994710.9222412,103033994.67468262
3669,3669,3676,19203.0,68,80981465.33966064,73646442.41333008,275883098.6022949,88895382.88116455
3670,3670,3677,19888.0,79,123144634.24682616,88710878.37219238,361170471.1914063,103954499.24468994
3671,3671,3678,20032.0,70,101117351.53198242,85224925.99487305,372994907.3791504,104461826.32446288
3672,3672,3679,19591.0,77,107749083.51898192,86356338.50097656,418518718.7194824,96709942.817688
3673,3673,3680,19275.0,85,95115822.79205322,79023901.93939209,385921125.4119873,93669985.7711792
3674,3674,3681,19830.0,68,100604144.09637453,89575180.05371094,354533118.24798584,98770704.26940918
3675,3675,3682,19309.0,70,93810761.4517212,86830788.61236572,331151480.67474365,94361955.6427002
3676,3676,3683,19677.0,72,106876947.4029541,93561753.27301024,343376214.9810791,101530865.66925047
3677,3677,3684,19343.0,65,103670333.86230467,89099704.74243164,560777057.6477051,98037700.65307616
3678,3678,3685,19794.0,77,88732281.68487549,90162569.99969482,363004482.2692871,103483203.88793944
3679,3679,3686,19531.0,68,100782787.32299805,86072299.95727539,313049297.3327637,94884330.74951172
3680,3680,3687,20103.0,84,103018097.87750244,90397080.42144775,365336045.26519775,105327058.79211426
3681,3681,3688,19035.0,88,108637120.2468872,93213678.35998537,322653544.4259644,102504903.79333496
3682,3682,3689,19347.0,78,100357515.335083,96253089.90478516,416414023.399353,113703660.96496582
3683,3683,3690,20057.0,72,131658203.125,108851181.98394775,395408073.42529297,122042698.86016846
3684,3684,3691,19814.0,73,118814274.78790285,94100788.11645508,442395707.1304321,115796326.63726808
3685,3685,3692,20669.0,84,134228236.1984253,93482586.86065674,456034745.2163696,116028091.43066406
3686,3686,3693,19588.0,89,102421258.9263916,75188103.67584229,345604751.58691406,90893334.38873293
3687,3687,3694,20807.0,85,120073017.12036131,86580288.88702393,516274766.9219971,108097515.10620116
3688,3688,3695,21446.0,87,136483978.27148438,96658180.2368164,694562453.2699585,122876667.9763794
3689,3689,3696,20864.0,75,135914516.4489746,100052089.69116212,411220558.1665039,120027938.84277344
3690,3690,3697,20719.0,81,137166417.1218872,96149606.70471191,486205326.0803223,114255612.37335204
3691,3691,3698,20776.0,77,127682588.57727052,87335884.09423828,455282389.6408081,115281448.3642578
3692,3692,3699,20339.0,72,135542660.7131958,90688022.6135254,522266853.33251953,106842370.98693848
3693,3693,3700,20822.0,88,100983847.61810304,86900970.45898438,336840299.60632324,104044481.27746582
3694,3694,3701,20736.0,73,71912549.97253418,75928943.6340332,317974624.63378906,96702136.9934082
3695,3695,3702,20757.0,75,93023852.34832764,86639930.72509766,340558060.6460571,100028890.6097412
3696,3696,3703,19627.0,89,54144045.82977295,66755233.76464844,249812069.8928833,81516671.1807251
3697,3697,3704,20068.0,82,77879664.42108154,69449992.1798706,268212976.45568848,82213351.24969482
3698,3698,3705,20361.0,78,108120537.75787354,82165192.60406494,454400373.4588623,95392905.23529053
3699,3699,3706,18932.0,85,95213986.39678957,71180544.85321045,393419758.7966919,84630310.05859375
3700,3700,3707,19460.0,76,108059802.05535889,80948540.68756104,368971686.3632202,90055526.73339844
3701,3701,3708,19801.0,88,92366267.20428468,80040848.73199463,372788362.50305176,88817479.13360596
3702,3702,3709,19800.0,69,75339864.73083496,73476730.34667969,284111591.3391113,82170711.51733398
3703,3703,3710,19800.0,68,72671357.15484619,75070529.93774414,298219559.6694946,88007766.72363281
3704,3704,3711,19536.0,71,111591313.36212158,80962684.63134766,375396737.09869385,87480413.43688965
3705,3705,3712,20068.0,69,132986403.465271,85124465.94238281,392520602.2262573,92793939.5904541
3706,3706,3713,18856.0,76,99099264.14489746,72186755.18035889,319453604.69818115,79973076.82037354
3707,3707,3714,19257.0,73,67845254.89807129,66041918.75457764,248664172.1725464,78752555.84716797
3708,3708,3715,19569.0,70,73414664.26849365,82782424.92675781,292822208.404541,100039549.82757568
3709,3709,3716,19234.0,84,108441631.31713869,95863045.69244383,355491416.93115234,107563128.47137453
3710,3710,3717,19368.0,70,125178688.0493164,105998829.84161375,374754445.0759888,112991120.33843994
3711,3711,3718,19284.0,71,122379771.23260498,101947002.41088869,371701662.0635986,114345119.47631836
3712,3712,3719,18875.0,80,104259692.19207764,89443333.62579346,299572953.2241821,101337162.97149658
3713,3713,3720,17659.0,69,52793193.81713867,65845425.605773926,310459852.2186279,84874794.96002197
3714,3714,3721,19403.0,81,73154006.0043335,73911610.60333252,307549338.3407593,91964927.67333984
3715,3715,3722,18912.0,88,98704576.49230956,82227421.76055908,314550914.7644043,92890182.4951172
3716,3716,3723,19478.0,77,105313809.39483644,88032821.65527344,308668406.48651123,100129418.37310793
3717,3717,3724,20142.0,71,104589829.44488524,89846500.39672852,364372872.3526001,103332099.91455078
3718,3718,3725,19556.0,70,103390757.56072998,87431259.15527344,330607130.0506592,99294624.32861328
3719,3719,3726,19513.0,82,78233449.93591309,75823822.02148438,343326852.7984619,93919816.9708252
3720,3720,3727,20163.0,87,108056924.81994627,98080329.89501952,1206793282.50885,113543400.76446532
3721,3721,3728,19430.0,66,119885420.79925536,104627674.1027832,395625495.9106445,113657850.26550291
3722,3722,3729,19378.0,79,111851585.3881836,98374693.87054443,391925931.930542,114399887.08496094
3723,3723,3730,19071.0,77,76655520.43914795,94673707.00836182,329077354.43115234,116246520.04241943
3724,3724,3731,18879.0,83,71503108.97827148,90429909.70611572,367897814.7506714,111020102.50091553
3725,3725,3732,18593.0,66,104362237.93029784,107686649.32250977,349342237.4725342,115451398.8494873
3726,3726,3733,18652.0,63,115499488.8305664,108763881.6833496,426367958.06884766,115925594.32983398
3727,3727,3734,19170.0,66,87016189.57519531,98069568.6340332,325059139.251709,117765029.90722656
3728,3728,3735,18130.0,81,52957811.35559082,77763341.90368652,180347419.73876956,87287110.32867432
3729,3729,3736,17959.0,68,40027669.90661621,70882555.00793457,190170418.73931885,75652655.60150146
3730,3730,3737,19419.0,86,87612641.33453369,86441126.8234253,355814815.52124023,95633360.86273192
3731,3731,3738,19114.0,72,84451543.8079834,82806840.89660645,319075323.1048584,93989176.7501831
3732,3732,3739,19627.0,74,81340688.70544434,81586140.6326294,349815159.79766846,88948558.80737305
3733,3733,3740,19550.0,70,89964087.48626709,76721197.1282959,381212828.63616943,89386371.61254883
3734,3734,3741,19294.0,70,100830210.68572998,67600449.56207275,341782302.8564453,79959950.44708252
3735,3735,3742,18120.0,82,83896565.4373169,60544670.10498047,268614825.24871826,65976540.56549072
3736,3736,3743,18284.0,75,100563034.0576172,69764696.12121582,341737213.1347656,82341931.34307861
3737,3737,3744,17771.0,73,101437869.07196043,69857152.93884277,319861725.80718994,85932062.14904785
3738,3738,3745,17729.0,73,106432367.3248291,72023205.75714111,343201560.0204468,87371791.83959961
3739,3739,3746,18024.0,71,83573620.79620361,68430194.85473633,318926078.7963867,80141920.08972168
3740,3740,3747,20246.0,82,110735031.12792967,83706819.53430176,432954442.9779053,97099471.09222412
3741,3741,3748,19835.0,83,99671516.41845705,79449132.91931152,376406766.8914795,96590750.6942749
3742,3742,3749,19292.0,81,106188360.2142334,77027525.90179443,389316538.81073,90692076.68304443
3743,3743,3750,19236.0,79,86829364.77661133,73500469.20776367,331371940.61279297,90440217.97180176
3744,3744,3751,19578.0,78,96041434.2880249,80041788.10119629,376429061.8896485,95983745.57495116
3745,3745,3752,19890.0,79,91650514.60266112,78163302.42156982,363372409.82055664,88791106.22406006
3746,3746,3753,19354.0,65,95657234.19189452,77598846.43554688,319883159.6374512,85914348.60229492
3747,3747,3754,19645.0,77,71731719.01702881,77719802.85644531,310375380.51605225,92608428.95507812
3748,3748,3755,19691.0,73,81722627.63977051,82891692.16156006,326902323.72283936,93610744.47631836
3749,3749,3756,19074.0,79,60039426.80358887,67226325.03509521,290191408.15734863,81653156.28051758
3750,3750,3757,20488.0,74,116215104.10308838,97135690.68908691,384086317.0623779,111634267.80700684
3751,3751,3758,19786.0,76,103944553.37524414,88059538.84124756,358641910.5529785,106262889.86206056
3752,3752,3759,20213.0,77,87349764.82391357,81699833.86993408,411364251.1367798,100656210.89935304
3753,3753,3760,19755.0,76,113174392.70019533,91659099.57885742,383931995.3918457,100306356.43005373
3754,3754,3761,19304.0,104,99133979.79736328,74735771.17919922,352248960.4949951,89902405.73883057
3755,3755,3762,20379.0,91,111452688.21716309,93048447.60894775,418392633.4381104,108177273.75030518
3756,3756,3763,19750.0,74,106825990.67687988,93425727.84423828,381373376.8463135,106828582.76367188
3757,3757,3764,19404.0,74,94583543.77746582,85485899.92523193,318368712.42523193,96909261.7034912
3758,3758,3765,19304.0,68,71710210.8001709,77169420.24230957,297929187.7746582,87357639.31274414
3759,3759,3766,19843.0,96,83649179.45861816,75598741.53137207,331674035.07232666,93337316.51306152
3760,3760,3767,19781.0,88,119563026.42822266,88337162.01782227,389856986.0458374,102728058.81500244
3761,3761,3768,20031.0,88,105395277.97698976,87999355.31616211,397117694.8547363,104338518.1427002
3762,3762,3769,19071.0,88,96215027.80914308,78651604.65240479,319572485.9237671,87360885.62011719
3763,3763,3770,19657.0,70,88379818.9163208,84179847.71728516,310739730.83496094,95240695.95336914
3764,3764,3771,19313.0,86,74622175.2166748,72992861.7477417,326267667.77038574,93949598.31237791
3765,3765,3772,18589.0,70,35616051.67388916,65464537.62054443,223266352.65350345,72311056.13708496
3766,3766,3773,20353.0,89,78368917.46520996,89406623.84033203,389975790.977478,103181821.82312012
3767,3767,3774,19535.0,72,85451614.37988281,84232214.92767334,354225111.0076904,100359253.88336182
3768,3768,3775,19414.0,83,72699184.41772461,73892498.01635742,342893406.86798096,93252515.79284668
3769,3769,3776,20158.0,78,103697523.11706544,88924579.62036133,376330173.4924317,103780864.71557616
3770,3770,3777,18665.0,86,70748123.16894531,72116371.15478516,291809093.4753418,86879766.4642334
3771,3771,3778,19872.0,91,73197810.17303467,76068715.09552002,315689964.2944336,86887682.91473389
3772,3772,3779,19698.0,80,67508236.8850708,80485979.0802002,345142349.24316406,91484716.41540527
3773,3773,3780,19228.0,77,102252860.0692749,87964309.69238281,388116899.4903565,95923751.83105467
3774,3774,3781,18865.0,73,90500797.27172852,82900741.57714844,325202381.1340332,98175403.5949707
3775,3775,3782,19777.0,76,106266391.7541504,91175728.7979126,411945933.34198,107360168.45703124
3776,3776,3783,18682.0,83,62699378.96728516,64145495.41473389,274553164.4821167,70515855.78918457
3777,3777,3784,19035.0,88,75121771.81243896,64326773.64349365,295334829.33044434,72649812.69836426
3778,3778,3785,19320.0,79,69355279.92248535,67307120.32318115,275991047.8591919,76369669.9142456
3779,3779,3786,19476.0,83,69130638.1225586,71541421.89025879,284900110.244751,81054753.30352783
3780,3780,3787,19280.0,66,70003952.02636719,73650436.40136719,262668273.92578125,83381618.49975586
3781,3781,3788,19290.0,86,71191075.3250122,72073983.19244385,250788960.4568481,83626054.76379395
3782,3782,3789,19219.0,68,88741850.85296631,77495715.14129639,296431634.9029541,85679685.59265137
3783,3783,3790,19112.0,68,96887276.6494751,77737060.546875,344371222.4960327,86709518.43261719
3784,3784,3791,18800.0,72,65215548.515319824,69177105.90362549,233424008.3694458,74155131.34002686
3785,3785,3792,18980.0,74,51857768.058776855,66467777.25219727,254296748.16131592,72618397.71270752
3786,3786,3793,18657.0,65,63080011.36779785,67320075.03509521,267578865.05126956,74935809.13543701
3787,3787,3794,19656.0,75,93550776.48162842,82710298.53820801,320498804.0924072,96780111.3128662
3788,3788,3795,19044.0,78,90445762.63427734,77306432.72399902,265450871.46759036,88526681.90002441
3789,3789,3796,19005.0,72,80708762.16888428,71968626.02233887,285779377.9373169,87387668.60961914
3790,3790,3797,18892.0,70,69562242.50793457,69404505.7296753,238834577.5604248,76348550.79650879
3791,3791,3798,19442.0,86,85137809.75341797,73881101.60827637,282868065.8340454,84194815.63568115
3792,3792,3799,19131.0,68,77083474.15924072,73072233.20007324,297848838.80615234,84410448.07434082
3793,3793,3800,19218.0,83,59649276.73339844,73133915.90118408,263462426.1856079,81752676.01013184
3794,3794,3801,19234.0,67,64646745.681762695,68992860.79406738,254402981.75811768,76962781.90612793
3795,3795,3802,19047.0,65,77594295.50170898,71241768.8369751,270966127.3956299,77237923.62213135
3796,3796,3803,18635.0,76,87523505.21087646,68297333.71734619,313477483.74938965,77473440.17028809
3797,3797,3804,18936.0,71,82687885.28442383,69157177.92510986,287809208.8699341,78317435.2645874
3798,3798,3805,18690.0,66,66065593.71948242,70118157.38677979,237290660.8581543,78893051.14746094
3799,3799,3806,18491.0,65,66734158.515930176,66968990.32592773,227745563.50708008,75986722.94616699
3800,3800,3807,19608.0,77,97849666.59545898,79511730.1940918,351558199.8825073,92780003.54766846
3801,3801,3808,18962.0,75,65103108.406066895,67400277.13775635,238532239.91394043,75265868.18695068
3802,3802,3809,18691.0,68,63408157.34863281,64987554.5501709,230044123.6495972,72570169.44885254
3803,3803,3810,19341.0,80,83617421.15020752,75540589.33258057,257788617.13409424,86997284.88922119
3804,3804,3811,19093.0,75,73828715.32440186,72659304.61883545,286803631.78253174,88538943.29071045
3805,3805,3812,18600.0,88,60817429.542541504,68592806.81610107,230755067.82531735,75888218.8796997
3806,3806,3813,19184.0,75,64547599.79248047,68122698.78387451,244004239.08233643,74611705.7800293
3807,3807,3814,18879.0,63,78607852.93579102,70880493.1640625,271826831.8176269,79767883.30078125
3808,3808,3815,18795.0,80,83668692.58880615,75157702.44598389,312275743.4844971,84840676.30767822
3809,3809,3816,19496.0,73,109602868.08013916,82916462.8982544,305525173.18725586,91387299.53765868
3810,3810,3817,18666.0,75,76629177.09350586,80030683.51745605,299078942.2988892,95480772.97210692
3811,3811,3818,18714.0,65,87515749.93133545,85466106.41479492,309995254.5166016,100887695.3125
3812,3812,3819,19237.0,73,91854717.25463869,78216874.12261963,279572639.46533203,89865306.85424805
3813,3813,3820,19070.0,79,84030831.3369751,81889745.71228027,270514573.097229,92629754.06646729
3814,3814,3821,19048.0,71,98591457.36694336,82072275.16174316,278398589.1342163,92253926.27716064
3815,3815,3822,19188.0,83,97729726.79138184,85834797.8591919,293900816.91741943,96507414.81781006
3816,3816,3823,18117.0,63,89916814.80407715,77859165.19165039,682744579.3151855,88735670.08972168
3817,3817,3824,18888.0,69,94854891.77703856,81492740.63110352,323682894.7067261,89941761.0168457
3818,3818,3825,18473.0,65,101077538.4902954,82164022.44567871,303879337.310791,92167953.49121094
3819,3819,3826,19315.0,73,91398975.37231444,78045828.8192749,307315843.5821533,95490020.75195312
3820,3820,3827,19375.0,77,87208295.82214355,75818682.67059326,302392212.8677368,87980586.05194092
3821,3821,3828,19371.0,69,108708547.59216309,80617102.62298584,273860853.1951904,91234603.88183594
3822,3822,3829,19068.0,78,101639402.38952637,79426329.61273193,358109143.2571411,93854691.50543211
3823,3823,3830,18856.0,73,86108698.84490967,77032917.02270508,267254814.1479492,94804153.4423828
3824,3824,3831,18855.0,73,92524895.6680298,79300744.05670166,258265919.68536377,86108494.75860596
3825,3825,3832,18786.0,82,92910053.25317384,79383132.93457031,298433531.76116943,85677706.71844482
3826,3826,3833,18812.0,73,73850891.11328125,69908611.29760742,272238143.92089844,77764662.74261475
3827,3827,3834,19283.0,88,93718390.46478271,75640240.66925049,298648963.92822266,84488146.78192139
3828,3828,3835,18266.0,90,91162946.7010498,73812194.82421875,260840920.4483032,88396278.38134766
3829,3829,3836,18043.0,76,89048798.56109619,77279747.00927734,318602399.8260498,91221618.65234376
3830,3830,3837,17880.0,72,86681229.59136963,71817754.7454834,267883229.25567627,83809981.34613037
3831,3831,3838,17815.0,73,85564460.75439453,71366724.96795654,281510323.5244751,84157835.96038818
3832,3832,3839,18101.0,65,94830774.30725098,70072251.31988525,265429290.7714844,80265521.04949951
3833,3833,3840,17750.0,70,96759438.51470947,73972670.55511475,247199557.30438232,83066599.84588623
3834,3834,3841,17250.0,74,92191961.28845216,76205469.13146973,263922828.6743164,90511738.77716064
3835,3835,3842,17443.0,70,99577492.71392822,82056075.09613037,251615118.0267334,91573257.44628906
3836,3836,3843,17130.0,73,98811436.6531372,73866363.52539062,262404740.33355716,84936838.15002441
3837,3837,3844,17015.0,73,98975261.68823242,75177205.0857544,263891371.72698972,85388877.86865234
3838,3838,3845,16791.0,65,98912697.79205322,74592531.20422363,239852516.1743164,83728199.95880127
3839,3839,3846,16792.0,63,98194593.42956544,75492309.5703125,231242507.9345703,86367240.90576172
3840,3840,3847,16800.0,56,98628902.43530272,78441238.40332031,264851188.659668,86983108.52050781
3841,3841,3848,16800.0,56,95557880.40161131,81291961.66992188,274060821.5332031,92477130.88989258
3842,3842,3849,16652.0,57,97503471.37451172,76438694.00024414,266284553.52783203,90051387.78686523
3843,3843,3850,16948.0,60,98972143.17321776,78332242.01202393,238918851.852417,87421852.1118164
3844,3844,3851,16800.0,61,98440122.60437012,78014137.2680664,296541652.67944336,86500997.54333496
3845,3845,3852,17047.0,58,97362609.86328124,77600135.80322266,275176490.7836914,87015666.96166992
3846,3846,3853,16970.0,62,96582874.2980957,76238807.67822266,290976062.7746582,86514276.5045166
3847,3847,3854,17053.0,62,93584637.64190674,81703812.59918213,248340427.39868164,91415623.66485596
3848,3848,3855,17314.0,59,97421180.72509766,77406105.0415039,306127231.5979004,95198101.04370116
3849,3849,3856,16881.0,64,92614203.45306396,69720376.96838379,306656581.8786621,78950807.57141113
3850,3850,3857,17117.0,80,80026578.90319824,66656902.31323242,291989616.39404297,78380297.66082764
3851,3851,3858,16916.0,61,87973842.62084961,68321911.81182861,297831752.7770996,80518399.23858643
3852,3852,3859,18311.0,69,94794885.63537598,78806920.0515747,310186135.2920532,92885597.2290039
3853,3853,3860,17965.0,65,97823142.05169678,83243736.26708984,295394740.1046753,94674535.75134276
3854,3854,3861,17706.0,64,99723838.80615234,79697647.09472656,242606712.3413086,88694824.21875
3855,3855,3862,17536.0,69,97284996.98638916,75579896.92687988,256251760.4827881,83330990.7913208
3856,3856,3863,17128.0,77,96721372.60437012,73801974.29656982,273468791.0079956,83964680.6716919
3857,3857,3864,16768.0,63,94027667.99926758,73215399.74212646,258003002.16674805,84122141.83807373
3858,3858,3865,16993.0,76,92952814.10217284,77060271.26312256,252639232.63549805,89978456.49719238
3859,3859,3866,17287.0,59,94873791.69464111,71768103.59954834,433664222.7172852,88924758.91113281
3860,3860,3867,16843.0,72,93232618.33190918,72935716.62902832,250209348.67858887,83356325.14953613
3861,3861,3868,17485.0,60,92373451.23291016,78270309.44824219,268881565.09399414,88968727.1118164
3862,3862,3869,17100.0,57,93799781.7993164,75442028.0456543,236485576.62963867,86305618.28613281
3863,3863,3870,16821.0,61,92521161.07940674,74079277.99224854,245648254.39453125,85495111.4654541
3864,3864,3871,16800.0,56,93597507.47680664,74720764.16015625,289993000.0305176,84169292.44995117
3865,3865,3872,16800.0,56,93493652.34375,77023315.4296875,246962928.77197263,85375499.7253418
3866,3866,3873,16724.0,56,92371562.95776369,74843208.31298828,270491500.8544922,82385673.52294922
3867,3867,3874,16771.0,76,94203139.30511476,74410360.33630371,260373376.84631348,84584300.99487305
3868,3868,3875,16810.0,63,91260252.95257568,76382287.02545166,248802315.7119751,84646790.50445557
3869,3869,3876,17059.0,71,94955529.21295166,72059933.66241455,246354118.347168,83379354.47692871
3870,3870,3877,17133.0,68,91619901.65710448,72700131.4163208,260179052.35290527,82581589.6987915
3871,3871,3878,16617.0,72,91991492.27142334,72543100.35705566,262513033.86688232,82721038.81835938
3872,3872,3879,17054.0,87,98300303.45916748,75891946.79260254,270918751.71661377,85744513.51165771
3873,3873,3880,16961.0,69,96122733.1161499,74086371.42181396,313092499.7329712,84107610.70251465
3874,3874,3881,17679.0,71,97885372.16186523,74910256.38580322,266044401.16882324,84813385.00976562
3875,3875,3882,16931.0,60,94390796.66137695,74798136.7111206,280646810.5316162,86219349.86114502
3876,3876,3883,17328.0,62,97744531.63146973,79557372.09320068,309294944.7631836,91392231.94122314
3877,3877,3884,17699.0,62,96757312.7746582,76702158.92791748,267086643.2189941,87352647.78137207
3878,3878,3885,17446.0,65,96733289.71862791,77392120.36132812,249240798.9501953,85769046.78344727
3879,3879,3886,17667.0,82,92311387.06207275,71522004.12750244,313599874.49646,85226305.96160889
3880,3880,3887,17594.0,62,90364299.77416992,75151850.70037842,276328716.2780762,83857468.6050415
3881,3881,3888,17806.0,63,90358398.4375,74700635.91003418,329332691.1926269,84390575.40893555
3882,3882,3889,18110.0,71,101172429.08477785,81630043.02978516,288449396.13342285,91256991.38641356
3883,3883,3890,17751.0,69,98564166.06903076,78518342.97180176,273391401.29089355,86044719.69604492
3884,3884,3891,18179.0,84,98710290.90881348,73781081.199646,267412103.6529541,82706480.02624512
3885,3885,3892,17912.0,66,97488660.81237791,74428774.8336792,252909484.86328125,81764903.06854248
3886,3886,3893,17594.0,69,97057061.19537354,77224088.66882324,291940509.7961426,86359918.59436035
3887,3887,3894,17218.0,69,98909436.22589111,76631098.74725342,271344429.0161133,86485044.47937012
3888,3888,3895,17421.0,70,96001327.51464844,76329019.54650879,268756575.5844116,86799009.32312012
3889,3889,3896,17452.0,68,97143281.93664552,78614721.29821777,252824056.6253662,88366418.83850098
3890,3890,3897,17606.0,65,94611026.76391602,79112065.31524658,279408941.2689209,87985783.57696533
3891,3891,3898,17178.0,65,91594745.63598631,75933457.37457275,250095119.4763184,87531029.70123291
3892,3892,3899,16777.0,58,89432805.06134033,73322383.88061523,277723075.8666992,84975631.71386719
3893,3893,3900,16928.0,83,92151959.41925047,70791213.0355835,283255825.9963989,79063215.2557373
3894,3894,3901,16689.0,80,88757952.69012451,69105913.16223145,274630925.17852783,80321304.32128906
3895,3895,3902,17066.0,80,74366785.04943848,62161059.37957764,290692157.7453613,73091451.64489746
3896,3896,3903,16962.0,60,85814027.78625488,64494180.67932129,267492017.74597168,77602390.28930664
3897,3897,3904,18052.0,79,101582451.82037354,77060864.44854736,283381701.4694214,89226888.65661621
3898,3898,3905,17446.0,63,98861189.84222412,76911931.99157715,262986455.9173584,87537540.43579102
3899,3899,3906,17400.0,58,98351383.20922852,77550601.95922852,261265754.69970703,86440086.3647461
3900,3900,3907,17400.0,58,96597862.24365234,75284671.78344727,318023872.3754883,86453533.17260742
3901,3901,3908,17300.0,61,91933025.36010742,76679046.63085938,295697887.4206543,87050731.65893555
3902,3902,3909,17500.0,59,97955894.47021484,80304813.38500977,237404918.6706543,88991928.10058594
3903,3903,3910,16688.0,71,91686761.8560791,71619400.02441406,269866228.1036377,83897725.10528564
3904,3904,3911,16362.0,64,91162146.56829834,66782439.23187256,310101909.6374512,79478722.57232666
3905,3905,3912,16720.0,60,95431728.36303712,75650381.08825684,273352418.89953613,88098464.012146
3906,3906,3913,16547.0,56,91958206.1767578,74070508.95690918,303190635.68115234,85850484.84802246
3907,3907,3914,16488.0,67,83531365.39459229,69525978.0883789,256207850.4562378,82270705.2230835
3908,3908,3915,16500.0,57,94007557.86895752,71889129.63867188,269751065.2542114,79694503.78417969
3909,3909,3916,16501.0,59,96261580.46722412,70737210.27374268,297558094.0246582,79589041.7098999
3910,3910,3917,17276.0,65,94874304.77142334,72750636.10076904,323613396.6445923,81923089.02740479
3911,3911,3918,17191.0,62,90956475.25787354,70614383.69750977,273745168.6859131,78365228.6529541
3912,3912,3919,17100.0,57,84213066.10107422,68714046.47827148,287700176.2390137,77129173.2788086
3913,3913,3920,17100.0,58,94491219.52056883,70964813.23242188,270522952.07977295,78137350.08239746
3914,3914,3921,17030.0,57,96461238.86108398,71677379.6081543,301176509.85717773,79493370.05615234
3915,3915,3922,16812.0,80,96250387.19177246,68911527.63366699,296167416.5725708,81430698.39477539
3916,3916,3923,16821.0,75,98023261.07025146,72776410.10284424,289892319.67926025,84254066.46728516
3917,3917,3924,16856.0,73,96299566.2689209,68068754.19616699,287443233.48999023,78922877.31170654
3918,3918,3925,16975.0,65,99171489.71557616,73384040.83251953,293797653.1982422,82295139.31274414
3919,3919,3926,16668.0,58,93220920.56274414,72670829.77294922,288301834.1064453,82220682.14416504
3920,3920,3927,16683.0,66,72658453.94134521,68460503.57818604,260832633.972168,79218008.99505615
3921,3921,3928,16976.0,68,41976454.734802246,63964236.25946045,166135218.6203003,70810528.75518799
3922,3922,3929,17880.0,77,51173163.414001465,65725923.53820801,183380049.70550537,71312716.48406982
3923,3923,3930,18318.0,68,53074949.26452637,66568880.08117676,277913617.13409424,76242646.21734619
3924,3924,3931,19421.0,74,93885882.37762453,81844180.1071167,460351194.38171387,99569969.1772461
3925,3925,3932,18705.0,68,111925184.24987791,85003491.40167236,347127835.2737427,97764086.72332764
3926,3926,3933,19000.0,66,109289340.9729004,88917274.47509766,296994419.0979004,97495910.64453124
3927,3927,3934,17151.0,96,88522750.85449219,66658776.28326416,302825145.72143555,75274921.41723633
3928,3928,3935,17573.0,87,88749453.5446167,67756636.61956787,299222715.3778076,77207737.92266846
3929,3929,3936,17274.0,78,80352561.9506836,62523960.11352539,285159416.19873047,70124135.01739502
3930,3930,3937,17195.0,87,93390602.1118164,65277401.9241333,311685836.7919922,75445367.81311035
3931,3931,3938,17317.0,79,86451265.33508301,67041854.85839844,302913761.138916,77770272.25494385
3932,3932,3939,17848.0,76,90739526.74865724,71680156.70776367,268501473.42681885,81515774.72686768
3933,3933,3940,17729.0,72,95692673.6831665,70973766.3269043,276370866.7755127,80172976.49383545
3934,3934,3941,18047.0,87,91793302.53601074,66773620.60546875,285706713.67645264,74861748.69537354
3935,3935,3942,18828.0,79,82443511.00921631,61707976.34124756,283025131.22558594,70916289.32952881
3936,3936,3943,18736.0,77,91125768.66149902,62793974.87640381,265464076.9958496,69946575.16479492
3937,3937,3944,19076.0,78,87760036.46850586,65550815.58227539,296667728.42407227,72625200.27160645
3938,3938,3945,18045.0,71,83573435.78338623,63657238.0065918,233588405.6091309,71390294.0750122
3939,3939,3946,18964.0,109,97796547.88970947,70159585.95275879,297048973.0834961,81666255.95092773
3940,3940,3947,18771.0,75,96216478.34777832,70083056.44989014,265665254.5928955,79846240.99731445
3941,3941,3948,18600.0,62,95945262.90893556,71459197.99804688,252079296.11206052,81187248.22998047
3942,3942,3949,18598.0,69,86120066.64276123,65972206.115722656,273738330.84106445,74174300.19378662
3943,3943,3950,18580.0,68,82765541.07666016,60297689.43786621,277842361.4501953,73702857.9711914
3944,3944,3951,17695.0,99,87293658.25653076,70171319.00787354,272558352.47039795,83127564.43023682
3945,3945,3952,17617.0,67,92450943.94683838,73641452.78930664,303605149.269104,86990479.46929932
3946,3946,3953,17875.0,66,90939509.39178468,70116217.61322021,259311679.8400879,77558272.36175537
3947,3947,3954,17700.0,59,86909866.33300781,68465709.6862793,319050121.30737305,78980541.22924805
3948,3948,3955,17390.0,69,78275974.27368164,67974379.53948975,230862150.19226077,75999469.75708008
3949,3949,3956,18270.0,75,59669589.04266357,71513038.6352539,303257897.37701416,86321536.06414795
3950,3950,3957,18719.0,83,91284936.90490724,77146052.36053467,362212450.98114014,91836696.62475586
3951,3951,3958,17916.0,73,97248834.60998537,74254861.83166504,309572278.9764404,84544880.8670044
3952,3952,3959,17835.0,71,93540523.52905272,69336574.55444336,287318429.9468994,78500167.84667969
3953,3953,3960,17755.0,88,94468630.79071043,61152653.69415283,265075605.39245605,69731291.77093506
3954,3954,3961,17335.0,66,97278970.7183838,62907770.15686035,268672939.3005371,71167217.25463867
3955,3955,3962,17875.0,65,97074855.80444336,66261424.06463623,244786239.62402344,73868520.73669434
3956,3956,3963,18105.0,62,91022721.29058838,64088137.62664795,266629268.64624023,71688705.44433594
3957,3957,3964,17892.0,84,87823686.59973145,63678497.314453125,273389563.56048584,70799402.23693848
3958,3958,3965,17909.0,67,95199436.18774414,66405494.689941406,251906163.2156372,74511929.51202393
3959,3959,3966,18166.0,69,94239374.1607666,66956759.452819824,292156604.7668457,76200033.18786621
3960,3960,3967,17913.0,70,82951589.58435059,63751355.17120361,277523927.68859863,70945816.99371338
3961,3961,3968,18476.0,93,79536740.30303955,64544167.51861572,259598647.11761475,74074950.21820068
3962,3962,3969,18702.0,67,85414862.63275146,71743553.1616211,321248058.3190918,76997903.82385254
3963,3963,3970,19900.0,108,89768006.32476807,76277646.0647583,387735325.8132935,89494854.92706299
3964,3964,3971,20053.0,74,96395148.27728271,76599739.07470703,339341387.74871826,88825050.3540039
3965,3965,3972,20077.0,69,99238332.74841309,75929744.72045898,336033939.36157227,87682155.60913086
3966,3966,3973,19893.0,71,87947639.46533203,68436201.09558105,330041116.71447754,85169570.92285156
3967,3967,3974,20233.0,74,99932263.3743286,75491810.79864502,317192028.0456543,85647077.5604248
3968,3968,3975,20203.0,73,82264154.4342041,71253837.58544922,298243283.27178955,84952629.08935547
3969,3969,3976,20097.0,69,85391796.11206055,70360202.78930664,331973980.9036255,85257511.13891602
3970,3970,3977,20210.0,68,103865432.7392578,75630798.33984375,362634057.9986572,88127460.47973633
3971,3971,3978,19892.0,68,82234599.11346436,69282345.77178955,350068576.81274414,90150245.6665039
3972,3972,3979,20199.0,75,88918624.87792969,81465463.63830566,352510378.83758545,97286864.28070068
3973,3973,3980,20107.0,72,105129592.8955078,86613213.53912354,340696495.05615234,95701158.52355956
3974,3974,3981,20185.0,69,95866149.90234376,88313350.67749023,319600070.95336914,97727313.99536131
3975,3975,3982,20068.0,68,93363212.58544922,84323558.80737305,319344749.4506836,95390228.27148438
3976,3976,3983,20010.0,69,83082241.05834961,78695285.79711914,322662727.35595703,90967437.74414062
3977,3977,3984,20432.0,73,87866199.4934082,85696656.22711182,374701309.2041016,102039052.00958252
3978,3978,3985,19794.0,75,100334947.58605956,86070314.40734863,346754700.6607056,98056502.34222412
3979,3979,3986,20145.0,88,98262889.86206056,87373482.7041626,352818965.91186523,100465469.36035156
3980,3980,3987,20323.0,71,108168952.94189452,91673578.2623291,317247677.80303955,101030960.0830078
3981,3981,3988,20136.0,69,96546646.11816406,94067031.86035156,357966827.3925781,105929786.6821289
3982,3982,3989,20100.0,67,110070705.41381836,97387790.67993164,378812026.9775391,105828952.78930664
3983,3983,3990,20048.0,69,96159757.61413574,92525716.7816162,332006267.5476074,106555624.00817873
3984,3984,3991,20152.0,69,113940273.28491212,95418743.13354492,381887111.6638184,107123153.68652344
3985,3985,3992,19826.0,69,85722520.82824707,78207344.05517578,360908592.2241211,96287113.18969728
3986,3986,3993,20033.0,81,87666839.59960938,77984112.73956299,337358291.62597656,91460253.71551514
3987,3987,3994,19374.0,77,60481517.79174805,75167412.75787354,243684844.97070312,84406963.34838867
3988,3988,3995,19571.0,78,63189615.24963379,76663180.35125732,282487963.67645264,91351057.0526123
3989,3989,3996,18827.0,89,113553050.04119872,85092652.32086182,416568272.5906372,93748620.98693848
3990,3990,3997,19749.0,87,115193055.15289308,94141016.96014404,430486985.206604,110145350.4562378
3991,3991,3998,19411.0,89,109520381.92749023,86950593.94836426,402358485.2218628,103197256.08825684
3992,3992,3999,18261.0,87,86866787.91046143,74820808.41064453,313083839.4165039,91779406.5475464
3993,3993,4000,18596.0,87,108637887.0010376,88985600.47149658,343618812.5610352,101917041.77856444
3994,3994,4001,18386.0,90,99202079.77294922,82215865.13519287,310493534.0881348,89586850.1663208
3995,3995,4002,18205.0,68,84129528.99932861,74221049.30877686,344234985.3515625,81584349.63226318
3996,3996,4003,19118.0,79,88684180.25970459,81869311.33270264,273915477.75268555,91613727.56958008
3997,3997,4004,19302.0,85,92214294.43359376,81831493.37768555,303358925.819397,91851387.02392578
3998,3998,4005,18629.0,89,73683358.19244385,80113614.08233643,263418830.87158203,88550441.74194336
3999,3999,4006,18853.0,89,67274011.61193848,81006928.44390869,267370401.3824463,88198431.96868896
4000,4000,4007,20195.0,92,72312452.31628418,83938307.762146,306264010.4293823,95809307.09838869
4001,4001,4008,19302.0,96,76678157.80639648,85205279.35028076,313030909.53826904,96289347.6486206
4002,4002,4009,19575.0,70,102605930.32836914,91925326.34735107,357315422.05810547,105224946.02203368
4003,4003,4010,19662.0,68,77322338.10424805,80697907.44781494,298462955.4748535,94942265.51055908
4004,4004,4011,20671.0,82,94974502.56347656,90693492.8894043,397008918.76220703,102171542.16766356
4005,4005,4012,19559.0,74,79605722.42736816,80304959.29718018,326187344.5510864,91938022.6135254
4006,4006,4013,19633.0,81,88369829.17785645,80172767.63916016,362596191.40625,95906019.21081544
4007,4007,4014,20476.0,93,83354156.49414062,81421573.63891602,323367292.4041748,94846467.97180176
4008,4008,4015,20971.0,85,96116771.69799805,87862789.15405273,385310941.696167,102920963.28735352
4009,4009,4016,20839.0,86,70772527.69470215,82834316.25366211,403274794.57855225,107070568.0847168
4010,4010,4017,19693.0,91,91063584.32769775,83692615.5090332,366754489.8986816,104534677.50549316
4011,4011,4018,19275.0,76,98747923.85101318,98451500.89263916,388082493.78204346,113233888.62609863
4012,4012,4019,18364.0,68,106298281.6696167,93194420.81451416,353991940.49835205,105271035.19439696
4013,4013,4020,18487.0,81,106150003.43322754,88606728.55377197,387331207.2753906,104182808.8760376
4014,4014,4021,18681.0,79,89106268.88275146,81323165.89355469,329758071.89941406,97847646.71325684
4015,4015,4022,18740.0,98,87033316.61224365,88908544.54040527,371648546.2188721,106194437.02697754
4016,4016,4023,18537.0,87,109610623.35968018,90342213.63067628,309301870.34606934,102847280.50231934
4017,4017,4024,19370.0,74,113083387.37487791,98335030.5557251,407261585.2355957,115446198.46343994
4018,4018,4025,19309.0,83,94152699.47052002,83622729.30145264,338372024.5361328,100259378.43322754
4019,4019,4026,19143.0,66,114317855.83496094,90525108.33740234,367396427.154541,104477714.53857422
4020,4020,4027,18612.0,81,84056382.17926025,71492433.54797363,321356703.75823975,91155091.28570557
4021,4021,4028,19867.0,85,127373256.6833496,94444838.52386476,416536019.3252564,109456390.38085938
4022,4022,4029,19881.0,88,98502508.16345216,83666567.8024292,391716004.3716431,99568582.53479004
4023,4023,4030,20850.0,97,96146063.80462646,84331315.04058838,385929477.6916504,104685438.15612791
4024,4024,4031,20915.0,77,108535252.57110596,91726458.54949953,397894614.2196655,109815292.35839844
4025,4025,4032,21399.0,91,97438003.54003906,84386567.11578369,414527281.76116943,110191529.27398682
4026,4026,4033,21420.0,95,126701326.37023926,97513289.45159912,428619529.7241211,112582162.85705566
4027,4027,4034,20678.0,79,115980597.49603271,91067317.96264648,395070094.1085816,104702505.11169434
4028,4028,4035,21450.0,97,92230745.31555176,89988756.17980957,404876406.6696167,123463489.5324707
4029,4029,4036,21805.0,85,116706289.29138184,98162498.4741211,437114089.9658203,119233556.74743652
4030,4030,4037,21524.0,80,82090550.42266846,85749368.66760254,387139816.2841797,112624243.73626707
4031,4031,4038,21890.0,80,134803656.57806396,102171864.50958252,522930012.7029419,121633381.8435669
4032,4032,4039,21244.0,85,90136806.48803712,82810159.68322754,427083244.32373047,109334863.66271973
4033,4033,4040,21718.0,79,137856731.41479492,104512578.01055908,525502864.8376465,120631009.10186768
4034,4034,4041,21483.0,85,126174121.85668944,96010568.6187744,431889550.2090454,116252115.2496338
4035,4035,4042,21031.0,88,100507822.99041748,84078174.59106445,401084551.8112183,107869200.70648192
4036,4036,4043,20795.0,83,114604540.82489014,87375676.15509033,434409501.0757446,106162999.1531372
4037,4037,4044,20467.0,79,96922085.76202393,80042116.16516113,372968113.89923096,99693178.17687988
4038,4038,4045,20714.0,92,88452565.19317627,79514753.3416748,334996686.9354248,99577230.4534912
4039,4039,4046,20621.0,84,114271773.33831789,87910925.86517334,392676540.3747559,103961147.3083496
4040,4040,4047,20355.0,95,93843621.25396729,79481794.3572998,358536715.5075073,100046728.13415527
4041,4041,4048,20256.0,97,112536389.35089111,82443477.63061523,399551818.84765625,103190937.99591064
4042,4042,4049,21115.0,86,132572995.18585204,95191434.86022948,401646757.1258545,110470824.24163818
4043,4043,4050,20599.0,75,120214819.90814207,91393399.23858644,428506558.4182739,114542362.21313477
4044,4044,4051,19977.0,84,113067827.22473145,90102283.4777832,347278766.6320801,105791319.84710692
4045,4045,4052,19985.0,90,100104767.79937744,90862244.60601808,392867131.2332153,111254410.74371338
4046,4046,4053,18877.0,76,100237809.18121338,85294283.86688232,353164305.6869507,100646942.13867188
4047,4047,4054,19205.0,76,108404055.59539796,92068651.19934082,325194921.4935303,104094987.8692627
4048,4048,4055,19290.0,74,99817958.83178712,93298958.77838136,335218002.31933594,104092301.36871338
4049,4049,4056,19644.0,68,100213697.43347168,92895870.20874023,353846317.29125977,114707332.61108398
4050,4050,4057,20288.0,74,87255402.56500244,83976967.81158447,315202966.6900635,100198807.71636964
4051,4051,4058,20518.0,77,104374446.86889648,86932872.7722168,404949236.869812,103396987.91503906
4052,4052,4059,20291.0,89,122228013.03863524,91960288.04779053,450010285.3775024,111631762.50457764
4053,4053,4060,21090.0,87,95373750.68664552,91224937.43896484,370499723.4344482,108857810.9741211
4054,4054,4061,20875.0,73,88640697.47924805,91481349.94506836,354046569.82421875,108075342.17834473
4055,4055,4062,19755.0,80,86173707.96203613,87417475.70037842,333233962.059021,101307182.31201172
4056,4056,4063,20625.0,88,92593322.75390624,92718722.34344482,389067673.6831665,106351025.58135986
4057,4057,4064,20319.0,97,92922147.75085448,90023894.30999756,362825516.7007446,105772295.95184326
4058,4058,4065,19294.0,94,89513721.46606445,86188362.12158203,416651606.5597534,108974058.15124512
4059,4059,4066,19846.0,84,111688136.10076904,90431001.663208,391443042.75512695,104323855.40008543
4060,4060,4067,19846.0,72,97070045.4711914,91291388.51165771,384053902.6260376,105855936.05041504
4061,4061,4068,20659.0,100,108993539.81018066,94901387.21466064,437555897.7127075,111314785.00366212
4062,4062,4069,20566.0,89,101034322.73864746,92550580.97839355,420091807.3654175,108473041.53442384
4063,4063,4070,20155.0,83,91212365.15045166,89702038.76495361,362570448.8754273,108071401.59606934
4064,4064,4071,19798.0,85,60577421.18835449,77531806.94580078,309211548.8052368,94204169.27337646
4065,4065,4072,19842.0,118,82671995.16296387,85584828.37677002,372590148.9257813,97699113.8458252
4066,4066,4073,19838.0,85,105915133.47625732,88059644.69909668,411027364.73083496,104523481.36901855
4067,4067,4074,20613.0,79,119776894.56939696,93974704.74243164,462917564.3920898,112743401.5274048
4068,4068,4075,19746.0,93,83214455.60455322,76239014.62554932,347878210.067749,89640690.80352783
4069,4069,4076,19872.0,90,77145816.80297852,75712615.96679688,415416130.065918,95836211.2045288
4070,4070,4077,19005.0,86,88802797.31750488,77202081.68029785,310148885.7269287,89333698.27270508
4071,4071,4078,19069.0,81,92194756.50787354,79447530.74645996,289429492.95043945,90816706.65740968
4072,4072,4079,20065.0,73,79144691.46728516,79878045.08209229,284587875.36621094,95576149.94049072
4073,4073,4080,19633.0,82,59177066.80297852,65742174.14855957,266730384.82666016,75112500.19073486
4074,4074,4081,19965.0,75,106507460.59417725,80210524.559021,308750370.0256348,87411453.24707031
4075,4075,4082,19776.0,79,101192633.6288452,75564465.52276611,384750144.9584961,86006349.56359863
4076,4076,4083,18289.0,84,99931878.0899048,78357380.8670044,297169109.3444824,84261871.33789062
4077,4077,4084,19106.0,95,81452569.00787354,73228285.78948975,309504747.3907471,89913023.94866943
4078,4078,4085,18581.0,83,65236443.519592285,73507850.64697266,215339927.67333984,87588480.94940186
4079,4079,4086,20580.0,79,105640911.10229492,98887564.65911864,372378656.3873291,122314474.10583496
4080,4080,4087,19545.0,73,114649990.08178712,95604748.72589111,342916578.2928467,113066584.58709715
4081,4081,4088,20081.0,71,116397113.80004884,96753916.74041748,330410202.0263672,106511746.40655518
4082,4082,4089,19325.0,76,99079813.00354004,89168610.57281494,297618634.223938,99514561.6531372
4083,4083,4090,19692.0,80,105009139.06097412,86774859.42840576,334585292.8161621,99724877.35748293
4084,4084,4091,19198.0,78,98046194.07653809,75430359.84039307,362211807.25097656,91089835.16693117
4085,4085,4092,17982.0,74,88136580.46722412,73860518.45550537,245428507.8048706,82082017.89855957
4086,4086,4093,18828.0,67,84450286.86523438,74523661.61346436,302448009.4909668,92960097.31292725
4087,4087,4094,19139.0,68,111135384.55963136,88268672.94311523,305464714.05029297,96002407.0739746
4088,4088,4095,19178.0,78,108540121.0784912,86185111.99951172,321722072.6013184,98239310.2645874
4089,4089,4096,19478.0,79,108978345.87097168,84781556.12945557,346810144.4244385,97151848.7930298
4090,4090,4097,19254.0,93,97678904.53338625,80373993.87359619,317201495.17059326,88478880.88226318
4091,4091,4098,20114.0,76,119586738.58642578,95261459.35058594,332691397.66693115,107364785.19439696
4092,4092,4099,19147.0,71,92869826.3168335,81701684.95178223,345356401.44348145,100368986.12976074
4093,4093,4100,19117.0,89,87875349.99847412,71096435.546875,286799767.49420166,78293113.7084961
4094,4094,4101,19937.0,87,108710342.40722656,80746434.21173096,342074386.5966797,93094049.45373537
4095,4095,4102,19367.0,76,92654664.03961182,76849493.0267334,318815930.3665161,90597652.43530272
4096,4096,4103,19581.0,77,93833522.79663086,79492760.65826416,299514407.15789795,91298213.95874023
4097,4097,4104,18491.0,71,87885392.18902588,71501526.83258057,286155379.2953491,79374245.64361572
4098,4098,4105,18161.0,62,91897468.56689452,70561960.22033691,252983695.98388672,80342010.49804688
4099,4099,4106,18377.0,64,90360418.31970216,75054910.65979004,233199688.911438,82484083.17565918
4100,4100,4107,19076.0,71,92440711.02142334,72541152.00042725,281831370.35369873,80157070.15991211
4101,4101,4108,18791.0,73,86370156.28814697,73238162.04071045,277270528.79333496,78471547.12677002
4102,4102,4109,18557.0,66,77939851.76086426,67942866.32537842,247716681.4804077,75073217.39196777
4103,4103,4110,19163.0,69,75614884.37652588,72137590.4083252,276529818.5348511,79207509.99450684
4104,4104,4111,18956.0,68,74540302.27661133,68961351.39465332,607151568.4127808,74531856.53686523
4105,4105,4112,18894.0,69,81552366.25671387,69894191.74194336,269015142.4407959,77691880.22613525
4106,4106,4113,18968.0,65,84072124.48120117,73842651.3671875,272012874.6032715,85936832.42797852
4107,4107,4114,18765.0,64,83983131.4086914,73966941.8334961,273364437.1032715,85237140.65551758
4108,4108,4115,18939.0,66,80684108.73413086,69507184.02862549,270297882.0800781,75840435.98175049
4109,4109,4116,18755.0,68,71101222.99194336,69437846.18377686,264711579.3228149,77183528.90014648
4110,4110,4117,18796.0,68,63885162.353515625,67928706.16912842,219739482.87963867,74170583.72497559
4111,4111,4118,18695.0,64,69043737.41149902,70991119.38476562,276462253.57055664,78263957.97729492
4112,4112,4119,18513.0,70,73537988.66271973,75757772.44567871,271775572.77679443,83172598.83880615
4113,4113,4120,18358.0,81,67496945.38116455,69859728.81317139,249931926.7272949,76892497.0626831
4114,4114,4121,19182.0,75,75956320.76263428,70813487.05291748,264307155.6091309,80140717.50640869
4115,4115,4122,18932.0,83,70375443.45855713,71685610.7711792,291674098.01483154,80606131.5536499
4116,4116,4123,19461.0,71,96333217.6208496,84148294.44885254,292990680.6945801,92846870.42236328
4117,4117,4124,18674.0,70,69860906.60095215,73864774.70397949,258756773.94866943,84869068.14575195
4118,4118,4125,18817.0,76,76286148.07128906,73261762.61901855,291002540.5883789,82437051.77307129
4119,4119,4126,18945.0,74,87397699.3560791,77037876.12915039,308023326.8737793,89795308.11309814
4120,4120,4127,18600.0,62,72031402.58789062,77067089.08081055,262052536.0107422,89409542.08374023
4121,4121,4128,18962.0,65,80343841.55273438,72987110.13793945,274611228.9428711,82543682.09838867
4122,4122,4129,18618.0,64,79704410.55297852,69904685.9741211,313947032.9284668,78627494.81201172
4123,4123,4130,18911.0,71,94791508.67462158,75190237.04528809,269893347.74017334,85535659.79003906
4124,4124,4131,19174.0,65,90751254.08172607,81739416.12243652,295099993.7057495,92264734.26818848
4125,4125,4132,18900.0,65,91896884.91821288,78518249.51171875,301428050.99487305,89376285.55297852
4126,4126,4133,18900.0,63,89479351.04370117,77296257.01904297,290502262.1154785,85778045.65429688
4127,4127,4134,18900.0,63,81229019.16503906,75417709.35058594,317772674.5605469,82874679.56542969
4128,4128,4135,18777.0,64,79836455.34515381,74566192.62695312,301380174.6368408,85369752.88391113
4129,4129,4136,19023.0,66,93355032.9208374,79570186.61499023,270814744.9493408,89781961.44104004
4130,4130,4137,18900.0,63,88653945.92285156,84574985.50415039,301857376.0986328,95312976.8371582
4131,4131,4138,18900.0,63,93234157.56225586,80288887.02392578,295479583.7402344,94068717.95654295
4132,4132,4139,18852.0,63,92518249.51171876,79770011.90185547,302543540.95458984,89835582.7331543
4133,4133,4140,18677.0,72,90393375.39672852,76471982.0022583,259850875.8544922,84863471.98486328
4134,4134,4141,19003.0,77,84324796.67663574,75038922.30987549,284666893.0053711,86290444.37408447
4135,4135,4142,18903.0,69,92490265.84625244,82923600.19683838,247620648.38409424,93202923.77471924
4136,4136,4143,18900.0,63,93191242.21801758,78048706.0546875,292929553.9855957,92112064.36157228
4137,4137,4144,18815.0,64,87081752.77709961,75853180.88531494,341366170.8831787,86361282.34863281
4138,4138,4145,18849.0,67,92755629.53948976,76364269.2565918,241440557.4798584,83999525.07019043
4139,4139,4146,19028.0,66,94587594.0322876,81085067.74902344,287704360.00823975,91390569.68688963
4140,4140,4147,18777.0,63,93183980.94177246,77696136.47460938,315141099.9298096,87294010.16235352
4141,4141,4148,18836.0,74,83930942.53540039,77898343.08624268,271741892.81463623,87022521.97265625
4142,4142,4149,18758.0,75,87160196.30432129,75460676.1932373,301303223.6099243,83150584.22088623
4143,4143,4150,19154.0,65,97768832.20672607,79110401.15356445,275626781.46362305,88724464.4165039
4144,4144,4151,18797.0,63,94255840.30151369,81516090.3930664,286209156.0363769,91908630.37109376
4145,4145,4152,19001.0,67,98932900.42877196,77687798.50006104,269782398.2238769,91250849.72381592
4146,4146,4153,18626.0,63,95998088.83666992,73831394.19555664,279042415.6188965,80810321.80786133
4147,4147,4154,18933.0,72,98120698.928833,76739751.8157959,261949859.61914065,85287876.12915039
4148,4148,4155,19140.0,66,100117984.77172852,78204792.02270508,254356739.04418945,86899417.87719727
4149,4149,4156,18657.0,64,93722316.74194336,75866590.49987793,303879253.3874512,85673383.71276855
4150,4150,4157,18353.0,73,90089761.7340088,82839165.68756104,266372332.572937,93271504.40216064
4151,4151,4158,18829.0,65,92759147.64404295,81661920.54748535,259851722.7172852,94803867.34008788
4152,4152,4159,18750.0,63,92734050.75073242,80419635.77270508,242726325.98876956,89087104.79736328
4153,4153,4160,18600.0,62,91087818.14575195,80171012.87841797,260010051.7272949,90260982.51342772
4154,4154,4161,18600.0,62,86215209.9609375,79391098.02246094,287275600.4333496,89310836.79199219
4155,4155,4162,18503.0,62,93252658.84399414,77965835.57128906,286074150.0854492,88779529.5715332
4156,4156,4163,18128.0,78,91139663.69628906,73447004.3182373,278100460.05249023,81996176.71966553
4157,4157,4164,18447.0,65,92682476.04370116,77595379.82940674,257037448.88305664,88286492.34771729
4158,4158,4165,18014.0,63,92748771.66748048,77424087.52441406,281121627.8076172,86518135.07080078
4159,4159,4166,18602.0,82,94322643.2800293,76502581.59637451,259892550.4684448,84020061.49291992
4160,4160,4167,18443.0,67,92336396.2173462,76818445.20568848,297724081.0394287,85290250.77819824
4161,4161,4168,18805.0,66,92674977.30255128,76663900.37536621,294744579.31518555,84656505.5847168
4162,4162,4169,18954.0,67,93722259.52148438,77095893.85986328,298646052.36053467,84897207.26013184
4163,4163,4170,18900.0,63,95775318.14575195,76527214.05029297,265389060.9741211,82998561.85913086
4164,4164,4171,18900.0,63,96134948.73046876,78304767.60864258,246129226.6845703,87312412.26196289
4165,4165,4172,18900.0,65,97057868.95751952,79786815.64331055,261466804.50439453,87803771.97265625
4166,4166,4173,18602.0,63,91919296.26464844,76498054.50439453,257760093.68896484,85155963.89770508
4167,4167,4174,18809.0,72,85088694.57244873,74104778.28979492,271901165.0085449,82417547.22595215
4168,4168,4175,18600.0,62,73381805.41992188,73879909.51538086,293727493.2861328,82677555.08422852
4169,4169,4176,19073.0,71,84308641.43371582,74952639.57977295,301553726.19628906,86237902.64129639
4170,4170,4177,19487.0,69,112679756.16455078,85823005.67626953,337742656.7077637,95379085.54077148
4171,4171,4178,18891.0,70,99452181.81610107,79245104.78973389,300801087.3794556,87517913.81835938
4172,4172,4179,19036.0,64,96864624.0234375,81381958.0078125,278410041.80908203,91835472.1069336
4173,4173,4180,18628.0,64,91957065.5822754,77727151.87072754,266713926.3153076,87392684.93652344
4174,4174,4181,19013.0,72,89285177.23083496,77441107.74993896,296540092.4682617,87947349.54833984
4175,4175,4182,19014.0,65,95902355.1940918,78517017.36450195,253059993.74389648,85687400.8178711
4176,4176,4183,18908.0,64,94772205.3527832,76879447.93701172,266578678.13110352,89719917.29736328
4177,4177,4184,18814.0,69,92595442.77191162,75437405.58624268,252194165.22979736,83754034.0423584
4178,4178,4185,18731.0,65,93682167.05322266,73577411.65161133,311361717.2241211,81848579.40673828
4179,4179,4186,19009.0,70,96360664.36767578,72141548.15673828,279661510.4675293,80127309.79919434
4180,4180,4187,19044.0,65,99147789.00146484,74306213.37890625,266670288.0859375,82396545.41015625
4181,4181,4188,18903.0,67,97001037.59765624,72469949.72229004,267516258.2397461,81700167.65594482
4182,4182,4189,18736.0,63,95349384.30786131,71215591.43066406,261613189.6972656,78811038.97094727
4183,4183,4190,18827.0,66,99809167.86193848,70237113.95263672,312203332.901001,75514106.75048828
4184,4184,4191,19137.0,70,97828180.31311037,70154817.58117676,255845749.8550415,79064325.3326416
4185,4185,4192,18900.0,64,98843078.61328124,72499568.93920898,239861686.70654297,78888977.05078125
4186,4186,4193,18900.0,63,98015785.21728516,72222518.92089844,243463325.50048828,80400180.81665039
4187,4187,4194,18757.0,65,94059856.41479492,71144092.55981445,277506483.0780029,78717525.48217773
4188,4188,4195,19043.0,64,97048080.44433594,71773918.15185547,257399085.9985352,79249633.7890625
4189,4189,4196,18900.0,64,94150959.01489258,69478511.81030273,278660228.72924805,75844245.91064453
4190,4190,4197,18900.0,63,93150329.58984376,67636585.2355957,255097103.11889648,77178955.078125
4191,4191,4198,18443.0,75,94934228.89709473,68830829.62036133,301237148.2849121,76684591.29333496
4192,4192,4199,18883.0,66,96003469.46716309,75454903.6026001,264662921.9055176,83849671.36383057
4193,4193,4200,18600.0,63,92928161.62109376,78480854.03442383,264257564.54467773,89103107.45239258
4194,4194,4201,18600.0,62,88947772.97973633,82701873.77929688,261349296.56982425,92131805.41992188
4195,4195,4202,18600.0,62,93656730.65185548,77403831.4819336,275084209.4421387,85703372.95532227
4196,4196,4203,18600.0,62,96495151.5197754,78666114.8071289,307226657.86743164,86536788.94042969
4197,4197,4204,18600.0,65,90507484.43603516,78079788.20800781,266192667.0074463,87729087.82958984
4198,4198,4205,17906.0,62,73142646.78955078,73730998.99291992,246440504.07409668,82510391.23535156
4199,4199,4206,18872.0,70,63435756.68334961,76853792.19055176,230557190.89508057,86550651.55029297
4200,4200,4207,18538.0,67,74969075.2029419,72551309.58557129,243466634.7503662,81680368.42346191
4201,4201,4208,19425.0,70,104469311.71417236,86063394.54650879,352024820.3277588,95944971.08459473
4202,4202,4209,19072.0,65,104129638.671875,82351409.91210938,321996650.6958008,91896099.09057616
4203,4203,4210,19328.0,67,109696455.00183104,85058114.05181885,289157577.51464844,92664069.1757202
4204,4204,4211,18467.0,75,80563664.43634033,75486474.99084473,279071189.8803711,89395052.90985107
4205,4205,4212,18792.0,70,93995580.67321776,78935791.96929932,307831920.6237793,90054940.22369385
4206,4206,4213,18205.0,65,81986095.4284668,72513116.83654785,268008979.79736328,80568817.13867188
4207,4207,4214,18826.0,64,84591567.99316406,72137756.34765625,295795852.6611328,83706996.91772461
4208,4208,4215,18652.0,65,93406150.8178711,72730439.18609619,271867824.55444336,80742478.3706665
4209,4209,4216,18615.0,67,93495298.38562012,74189961.43341064,320385501.86157227,83711092.94891357
4210,4210,4217,18629.0,64,91384146.69036864,75546932.22045898,259113674.1638184,81994739.5324707
4211,4211,4218,19153.0,66,82023928.64227295,76183500.28991699,273710336.68518066,83276168.82324219
4212,4212,4219,18733.0,73,89258886.33728027,73974181.17523193,269353199.95880127,83629158.97369385
4213,4213,4220,18487.0,62,88478729.24804688,76459682.46459961,254572254.1809082,84548789.97802734
4214,4214,4221,18713.0,63,73263645.17211914,74335971.83227539,293131824.4934082,84278747.55859375
4215,4215,4222,18463.0,68,87978933.33435059,73218574.52392578,407660179.1381836,78886714.93530273
4216,4216,4223,19929.0,75,106015544.89135742,84383012.77160645,401144880.2947998,93887795.44830322
4217,4217,4224,18760.0,72,81183643.34106445,71005852.69927979,301731093.40667725,80331961.6317749
4218,4218,4225,19323.0,76,88160387.03918457,71285219.19250488,247280564.3081665,80024182.31964111
4219,4219,4226,18781.0,65,89500954.62799072,71486463.54675293,300156000.1373291,79717178.34472656
4220,4220,4227,19319.0,72,85535843.84918213,71365227.69927979,255651512.1459961,79576203.34625244
4221,4221,4228,18868.0,63,90529457.09228516,71576828.00292969,265280048.37036133,80538505.55419922
4222,4222,4229,18938.0,73,75270707.13043213,68863474.84588623,254641907.6919556,78383887.29095459
4223,4223,4230,18652.0,67,73794218.06335449,66754756.92749024,255615821.8383789,74868484.49707031
4224,4224,4231,19148.0,66,78835729.59899902,67683238.9831543,246745084.76257324,74983425.14038086
4225,4225,4232,18900.0,63,71876907.34863281,68073749.54223633,265598201.75170895,76822757.72094727
4226,4226,4233,18850.0,63,78602790.83251953,68435764.31274414,280252361.2976074,74764251.70898438
4227,4227,4234,18841.0,64,62046890.25878906,69603260.99395752,239662368.7744141,77731314.65911865
4228,4228,4235,18688.0,72,88477819.44274902,69661128.04412842,300579044.342041,78739281.65435791
4229,4229,4236,19204.0,91,88757776.26037598,70456723.2131958,278200639.72473145,80611639.02282715
4230,4230,4237,19166.0,69,88316210.74676514,76659195.89996338,327571204.18548584,87614114.76135254
4231,4231,4238,18756.0,68,74791986.4654541,73444775.58135986,289935211.1816406,91533458.7097168
4232,4232,4239,18898.0,69,73960401.53503418,77579751.96838379,322632304.19158936,89237585.06774902
4233,4233,4240,19021.0,70,90080106.73522948,80246757.50732422,292763877.86865234,94774400.71105956
4234,4234,4241,18890.0,74,95568283.08105467,74831111.90795898,322681109.42840576,83925595.2835083
4235,4235,4242,19320.0,68,84771123.8861084,77231534.00421143,291011219.0246582,88305878.63922119
4236,4236,4243,18707.0,68,64169657.70721436,73053187.3703003,248956041.3360596,80440955.16204834
4237,4237,4244,19188.0,72,81144227.02789307,74318191.52832031,293367380.1422119,85166360.85510254
4238,4238,4245,18722.0,67,85467255.59234619,77526415.82489014,272692242.6223755,88354422.5692749
4239,4239,4246,19035.0,70,89475865.3640747,79629927.63519287,297335074.42474365,93425324.44000244
4240,4240,4247,18753.0,80,90866542.81616212,73990141.86859131,292029239.654541,83245908.73718262
4241,4241,4248,20200.0,79,82789956.09283447,72429795.26519775,301007784.8434448,87572563.17138672
4242,4242,4249,19589.0,71,87896396.63696289,75470956.80236816,349985637.6647949,89045892.7154541
4243,4243,4250,18379.0,77,90797834.3963623,69732171.05865479,290950237.2741699,77282090.18707275
4244,4244,4251,18855.0,69,76011782.6461792,70227007.86590576,255852027.8930664,80867357.25402832
4245,4245,4252,18765.0,68,76970738.4109497,74978704.45251465,265498964.3096924,82745944.02313232
4246,4246,4253,18694.0,69,85797826.76696777,74632395.74432373,276227793.6935425,80731078.14788818
4247,4247,4254,18910.0,64,88156202.31628418,76078990.9362793,270192276.00097656,83508605.95703125
4248,4248,4255,18988.0,65,54914049.14855957,74753548.62213135,237494924.5452881,81839612.00714111
4249,4249,4256,18900.0,63,67418289.18457031,75145339.96582031,252346229.55322263,81167221.06933594
4250,4250,4257,18815.0,68,63352720.26062012,72505435.94360352,291171286.5829468,77465191.84112549
4251,4251,4258,18914.0,70,53207394.59991455,70939467.43011475,230147800.44555664,75860865.59295654
4252,4252,4259,18803.0,67,48945291.51916504,68281165.12298584,199918487.54882807,73113359.45129395
4253,4253,4260,19049.0,66,41464905.73883057,68846220.01647949,234558594.70367432,74639449.11956787
4254,4254,4261,18900.0,65,46241825.103759766,67568866.72973633,226320766.4489746,72294826.50756836
4255,4255,4262,18900.0,63,58231544.494628906,66645240.783691406,214128684.9975586,73293972.01538086
4256,4256,4263,18746.0,65,44768452.64434815,66041652.67944336,218208657.26470947,71261198.04382324
4257,4257,4264,19428.0,71,70397850.0366211,71451287.26959229,260251873.01635745,78693500.51879883
4258,4258,4265,19105.0,66,47710849.76196289,66816814.42260742,238425323.48632807,74981521.60644531
4259,4259,4266,19172.0,66,71605810.16540527,74141078.94897461,244249546.0510254,82575031.28051758
4260,4260,4267,19312.0,71,73144570.35064697,72607190.13214111,263588166.23687744,82850893.9743042
4261,4261,4268,19200.0,64,68642520.90454102,77490520.47729492,276870059.967041,83225727.08129883
4262,4262,4269,19022.0,65,64573884.96398926,72824623.10791016,243207832.33642575,82255432.12890625
4263,4263,4270,19710.0,76,75215931.89239502,80928507.8048706,304518509.8648071,92885735.5117798
4264,4264,4271,19130.0,65,84313947.6776123,84621923.44665527,294742603.30200195,90331748.96240234
4265,4265,4272,20229.0,76,100809535.9802246,87650886.53564453,379021984.1003418,100029062.27111816
4266,4266,4273,19646.0,68,93014272.68981934,84692363.73901367,340940563.2019043,101595878.60107422
4267,4267,4274,19388.0,70,95918312.0727539,76838914.87121582,349501631.7367554,91916328.43017578
4268,4268,4275,18090.0,91,63678857.80334473,72779471.3973999,308708243.3700561,87405615.80657959
4269,4269,4276,19247.0,92,110813068.38989258,80680944.44274902,402036811.8286133,93115557.67059326
4270,4270,4277,19525.0,84,114607595.4437256,83157292.36602783,446031806.9458008,97660283.08868408
4271,4271,4278,19184.0,74,84864844.32220459,73511870.38421631,379270845.413208,87435997.96295166
4272,4272,4279,20063.0,81,103169629.09698486,86418251.03759766,360523256.3018799,103556473.73199464
4273,4273,4280,20465.0,78,112251703.2623291,91241817.47436523,454947643.2800293,103395125.38909912
4274,4274,4281,19084.0,94,92762090.6829834,76578250.88500977,311559679.9850464,92813515.66314696
4275,4275,4282,20467.0,91,112024861.3357544,87989046.09680176,390319599.1516113,103630758.28552246
4276,4276,4283,19904.0,82,100980535.50720216,81468905.44891357,379647651.6723633,96307019.2337036
4277,4277,4284,19096.0,75,85418517.11273193,71433077.81219482,294848907.4707031,82590593.3380127
4278,4278,4285,19544.0,81,88882747.65014648,74198651.31378174,326864523.8876343,87410214.4241333
4279,4279,4286,19086.0,64,102789859.77172852,78327026.3671875,277183364.86816406,87164142.60864258
4280,4280,4287,19244.0,65,101092731.47583008,76071033.4777832,324031414.0319824,87425022.12524414
4281,4281,4288,18981.0,78,79038193.70269775,70631064.41497803,266420115.47088623,78924942.97027588
4282,4282,4289,19441.0,77,82787611.00769043,73557496.07086182,424654189.1098023,86052035.33172607
4283,4283,4290,19200.0,66,88941692.35229492,74091712.95166016,337980846.4050293,85900947.57080078
4284,4284,4291,19628.0,73,95014701.84326172,77505082.13043213,347122125.62561035,93133610.72540285
4285,4285,4292,18615.0,82,77933804.51202393,67889771.46148682,308832482.33795166,77285987.8540039
4286,4286,4293,18845.0,88,77815496.44470215,70491615.29541016,294484109.87854004,83467401.5045166
4287,4287,4294,19249.0,67,100853708.26721191,82916479.11071777,357702110.29052734,94298604.96520996
4288,4288,4295,19426.0,74,112710945.12939452,85845105.17120361,386935596.46606445,97556837.08190918
4289,4289,4296,19510.0,71,93130733.48999023,84426903.72467041,320579454.4219971,99329390.52581789
4290,4290,4297,18803.0,68,87129648.20861816,79179032.32574463,296415115.3564453,96134291.64886476
4291,4291,4298,19113.0,77,88133958.81652832,76466987.60986328,332854426.38397217,88296315.19317627
4292,4292,4299,18782.0,80,96007381.43920898,74320923.80523682,334301832.1990967,85200956.34460449
4293,4293,4300,18950.0,82,100859290.12298584,77689022.06420898,311137801.1703491,87160881.04248047
4294,4294,4301,18489.0,64,98612266.54052734,73949245.45288086,330248859.4055176,83512786.86523438
4295,4295,4302,18041.0,73,72708493.23272705,70354231.83441162,240316996.57440183,80869669.9142456
4296,4296,4303,18330.0,64,67912868.49975586,68576515.1977539,280455928.80249023,79844390.86914062
4297,4297,4304,18626.0,69,111245829.58221436,85518753.05175781,424600501.0604858,100671703.33862305
4298,4298,4305,18950.0,72,101132664.68048096,81946156.50177002,331952886.5814209,91975272.1786499
4299,4299,4306,18565.0,66,97082977.29492188,79455732.34558105,315866176.6052246,94170745.84960938
4300,4300,4307,19224.0,67,103801018.7149048,85786096.57287598,333783823.01330566,98736339.5690918
4301,4301,4308,18837.0,65,100159487.7243042,74562553.40576172,333604913.71154785,88891929.62646484
4302,4302,4309,19760.0,70,95675164.22271729,86098276.13830566,345984884.26208496,102044576.64489746
4303,4303,4310,19627.0,66,103306827.54516602,89371486.66381836,333372920.98999023,98137561.7980957
4304,4304,4311,19384.0,67,101825260.16235352,85803131.10351562,332438598.6328125,98089534.75952148
4305,4305,4312,19443.0,72,99292344.09332275,91582699.7756958,324180971.1456299,105805917.73986816
4306,4306,4313,19271.0,73,89929217.33856201,89307794.57092285,307944790.8401489,105177234.6496582
4307,4307,4314,19201.0,67,76066482.54394531,86520532.60803223,311108943.939209,96060626.98364258
4308,4308,4315,19462.0,67,82978488.92211914,87531062.12615967,333982669.83032227,100489266.39556883
4309,4309,4316,19336.0,67,81697582.24487305,89107081.41326904,359799517.6315308,101135601.99737547
4310,4310,4317,19125.0,74,86979993.82019043,90935317.03948976,356031669.6166992,109411022.1862793
4311,4311,4318,19034.0,74,84908989.90631104,88243661.88049316,340536229.133606,97815993.309021
4312,4312,4319,18851.0,71,80005335.8078003,86289768.21899414,313909381.8664551,96174825.66833496
4313,4313,4320,19027.0,77,84043430.32836914,89940378.18908691,329329878.8070679,103755722.99957275
4314,4314,4321,17909.0,66,84916161.53717041,86483632.08770752,316295128.82232666,101225832.93914796
4315,4315,4322,18825.0,78,86240570.06835938,73494002.34222412,273776567.45910645,83342828.75061035
4316,4316,4323,18401.0,93,62769123.07739258,67402675.62866211,252035732.2692871,77150635.71929932
4317,4317,4324,18112.0,81,63702260.01739502,66436784.744262695,265660663.60473636,73528946.87652588
4318,4318,4325,16770.0,69,61356451.988220215,61672086.71569824,217087248.80218503,66226282.11975098
4319,4319,4326,18722.0,75,92681424.14093018,73221533.77532959,328118610.3820801,86129386.90185547
4320,4320,4327,18122.0,82,87674028.39660645,77248142.24243164,290891806.602478,90166138.64898682
4321,4321,4328,18641.0,85,86234896.65985107,83279655.45654297,351128432.27386475,97261059.76104736
4322,4322,4329,18361.0,63,69003215.78979492,86593856.81152344,334932836.5325928,96664630.88989258
4323,4323,4330,18839.0,66,108838744.16351318,89620611.1907959,422789809.22698975,103496517.18139648
4324,4324,4331,18820.0,70,86822030.06744385,93174745.55969238,471380687.7136231,103481157.30285645
4325,4325,4332,19207.0,66,74507312.7746582,90172302.24609376,347081912.9943848,110320396.42333984
4326,4326,4333,18953.0,71,78159158.70666504,91642244.33898926,312501205.44433594,107087320.3277588
4327,4327,4334,19235.0,68,72778045.65429688,85004465.10314941,303574676.5136719,100774931.9076538
4328,4328,4335,19139.0,64,85984425.54473877,85299048.42376709,328791084.2895508,100180319.78607178
4329,4329,4336,19326.0,86,97679591.17889404,91005873.68011476,343329315.1855469,103360286.71264648
4330,4330,4337,19517.0,82,100787055.01556396,95469687.46185304,395225841.5222168,114220020.29418944
4331,4331,4338,19515.0,68,118534244.53735352,105674228.66821288,389629592.8955078,121330165.86303712
4332,4332,4339,19370.0,67,84788457.8704834,88854421.61560059,385372905.7312012,110411470.413208
4333,4333,4340,19889.0,93,99192675.59051514,94625237.4649048,416253036.4990234,111842403.41186523
4334,4334,4341,19102.0,73,121736064.91088869,101866498.94714355,435723591.8045044,112632802.00958252
4335,4335,4342,19139.0,69,97746608.73413086,91171890.25878906,370296428.6804199,108903636.93237305
4336,4336,4343,18781.0,86,84995808.6013794,90600599.28894044,334906115.5319214,106892483.71124268
4337,4337,4344,17968.0,80,89320530.89141846,93851058.95996094,357864356.9946289,104423645.01953124
4338,4338,4345,17909.0,61,105940507.88879396,104443429.9468994,363197284.6984863,118053415.29846191
4339,4339,4346,18668.0,69,105823049.54528809,98865781.78405762,377928473.4725952,115963867.1875
4340,4340,4347,18015.0,71,95032416.34368896,83627284.0499878,398718348.5031128,101485989.57061768
4341,4341,4348,18881.0,80,112980184.55505373,99388070.10650636,530452205.657959,114252126.6937256
4342,4342,4349,18614.0,64,125701054.57305908,105776309.96704102,457449938.7741089,114387451.171875
4343,4343,4350,18313.0,76,108698311.8057251,90049244.88067627,409388820.64819336,107682149.88708496
4344,4344,4351,18733.0,85,97938753.12805176,81132510.1852417,392461765.2893066,105971363.06762695
4345,4345,4352,18520.0,71,115796681.40411375,95654520.03479004,366094792.36602783,109502107.62023926
4346,4346,4353,18613.0,70,115905243.8735962,95475422.8591919,404901082.9925537,119821407.31811523
4347,4347,4354,18716.0,79,117836920.7382202,91242218.97125244,356961474.41864014,104697443.00842284
4348,4348,4355,18107.0,71,113305426.5975952,86851045.60852051,311575790.40527344,99446510.3149414
4349,4349,4356,18551.0,81,103587656.97479248,80964082.71789551,378330652.2369385,96878089.90478516
4350,4350,4357,18364.0,87,120918154.7164917,92195318.2220459,389962080.0018311,98099191.6656494
4351,4351,4358,19209.0,80,126130749.7024536,91514105.79681396,386467771.53015137,98618031.50177002
4352,4352,4359,19331.0,68,110926448.82202148,85354660.03417969,368872886.6577149,102316120.14770508
4353,4353,4360,18781.0,82,99409312.24822998,79300973.89221191,302776405.33447266,91656382.56072998
4354,4354,4361,20561.0,98,87911765.09857178,76835708.61816406,405952418.32733154,96222849.84588625
4355,4355,4362,19055.0,75,89818112.37335205,76063843.72711182,323210983.2763672,87069463.7298584
4356,4356,4363,19419.0,73,100116209.03015137,80309338.56964111,350762022.0184326,92893867.49267578
4357,4357,4364,19503.0,78,88514657.02056885,77075741.7678833,309689513.20648193,88303997.03979492
4358,4358,4365,19669.0,84,97383753.7765503,80244329.45251465,379082674.02648926,98110054.01611328
4359,4359,4366,19661.0,74,116799263.00048828,89507148.74267578,338350523.94866943,98116047.8591919
4360,4360,4367,19292.0,76,85460409.16442871,79884974.4796753,325466657.6385498,92392725.94451904
4361,4361,4368,18824.0,80,80553387.64190674,71034153.93829346,291363650.32196045,89637909.88922119
4362,4362,4369,19090.0,79,96488012.31384276,82286985.39733887,348120657.9208374,93676651.95465088
4363,4363,4370,18416.0,70,96189247.13134766,81498935.69946289,341318788.5284424,90153476.71508788
4364,4364,4371,18097.0,69,113865988.73138428,79198555.9463501,344968173.9807129,86547855.37719727
4365,4365,4372,18008.0,66,119340962.40997314,78958674.43084717,362140674.59106445,87443582.53479004
4366,4366,4373,18087.0,84,64502205.84869385,61842604.637146,305633646.01135254,74297477.72216797
4367,4367,4374,17278.0,87,53339988.708496094,59144136.42883301,232781978.60717773,66859997.74932861
4368,4368,4375,16682.0,74,74036885.26153564,62097666.74041748,270021526.3366699,67068750.38146973
4369,4369,4376,18660.0,81,91448168.75457764,76656085.01434326,294067932.12890625,87080987.93029785
4370,4370,4377,18415.0,79,106785857.20062256,79236968.99414062,373298580.1696777,91728105.54504396
4371,4371,4378,18026.0,74,115453337.66937256,83685577.39257812,338412894.2489624,94298867.22564696
4372,4372,4379,17928.0,69,99366557.12127686,69160226.82189941,305996278.7628174,81773311.61499023
4373,4373,4380,19842.0,80,117787773.13232422,80629454.61273193,412534379.9591065,94769396.7819214
4374,4374,4381,19122.0,76,112030405.04455566,79910568.23730469,357420349.1210937,87404321.67053223
4375,4375,4382,19274.0,73,103227311.13433838,75767140.38848877,372203351.020813,95269447.32666016
4376,4376,4383,19032.0,82,114139028.54919434,81928767.20428467,313345118.52264404,94924419.40307616
4377,4377,4384,19326.0,79,98252779.96063232,70467171.66900635,315076998.7106323,88838341.71295166
4378,4378,4385,19642.0,70,115174592.97180176,77544260.02502441,302785294.5327759,87195261.00158691
4379,4379,4386,19793.0,75,114210700.98876952,80744349.4796753,316479503.6315918,93957865.71502686
4380,4380,4387,19684.0,68,112726522.44567873,80484092.71240234,308814554.21447754,92345176.69677734
4381,4381,4388,19491.0,72,117596380.23376463,84257345.19958496,295562973.97613525,96754676.81884766
4382,4382,4389,20120.0,81,118519083.02307127,85936125.75531006,333313418.3883667,100870355.6060791
4383,4383,4390,19570.0,71,114977101.32598875,77614263.5345459,336300835.60943604,91722967.14782716
4384,4384,4391,19190.0,73,99159129.14276125,74812455.17730713,276660793.30444336,90151543.61724854
4385,4385,4392,18643.0,72,103878428.45916748,76510113.71612549,269042871.4752197,88899924.27825928
4386,4386,4393,19660.0,78,108075329.7805786,76310032.84454346,275030646.3241577,87207060.81390381
4387,4387,4394,19353.0,77,103126802.444458,74840319.63348389,310186533.9279175,84082244.87304688
4388,4388,4395,19639.0,74,101894837.37945557,79565936.08856201,315925583.8394165,87307655.33447266
4389,4389,4396,19383.0,68,101506320.95336914,82201698.30322266,320108840.9423828,92130737.3046875
4390,4390,4397,19216.0,85,106969936.3708496,80820109.3673706,325258899.6887207,92359905.24291992
4391,4391,4398,19826.0,78,115775855.06439207,84521446.22802734,329825934.4100952,95135124.20654295
4392,4392,4399,19338.0,73,110375317.57354736,76187359.80987549,865761907.5775146,93954642.2958374
4393,4393,4400,19846.0,81,121305745.1248169,81516573.90594482,305942874.90844727,95173334.1217041
4394,4394,4401,19416.0,72,105856033.32519533,75759207.7255249,337015686.98883057,91502462.38708496
4395,4395,4402,19285.0,80,101657543.18237305,72943358.42132568,284642057.41882324,83746625.90026855
4396,4396,4403,18710.0,73,108901628.4942627,76745392.79937744,313551587.10479736,90737372.39837646
4397,4397,4404,18784.0,75,121955535.88867188,79451581.95495605,317135814.66674805,89017004.96673584
4398,4398,4405,18669.0,81,118516514.7781372,77952224.73144531,314310674.6673584,88416681.28967285
4399,4399,4406,17560.0,80,101693396.56829834,68904952.04925537,316937979.69818115,77205907.82165527
4400,4400,4407,19417.0,97,104878384.59014893,71945729.25567627,356771391.8685913,89639684.67712402
4401,4401,4408,18471.0,77,106083728.7902832,74336050.98724365,292426320.0759888,86845467.56744385
4402,4402,4409,19695.0,84,115499005.317688,84741907.11975098,365224905.0140381,98147159.57641602
4403,4403,4410,18431.0,95,106204390.52581789,76951993.94226074,337787987.7090454,92531381.60705566
4404,4404,4411,18421.0,88,115757767.67730711,81551109.31396484,327039209.3658447,90969934.46350098
4405,4405,4412,17530.0,76,91317668.91479492,70198855.40008545,278676311.4929199,81966382.98034668
4406,4406,4413,17179.0,65,83795948.98223877,74725689.88800049,276836942.6727295,85684074.40185547
4407,4407,4414,17893.0,72,94528992.65289308,77164640.42663574,309287682.53326416,90836508.75091553
4408,4408,4415,16986.0,72,79513059.61608887,71898726.46331787,279810720.4437256,82855322.83782959
4409,4409,4416,17211.0,64,89325969.69604492,73397420.88317871,297707596.7788696,84797252.6550293
4410,4410,4417,17831.0,64,94025432.58666992,74332304.00085449,289446197.5097656,84711854.93469238
4411,4411,4418,17466.0,67,92351068.4967041,74348722.45788574,271730461.12060547,83329640.38848877
4412,4412,4419,16997.0,69,95254585.26611328,74913164.13879395,297325494.7662353,81920823.097229
4413,4413,4420,16652.0,85,92876063.3468628,69233662.60528564,303674733.16192627,79661101.34124756
4414,4414,4421,16782.0,75,95603981.97174072,74784866.33300781,273843646.0494995,85909649.84893799
4415,4415,4422,16945.0,61,98801137.92419434,77184356.68945312,280628787.9943848,89437698.36425781
4416,4416,4423,17083.0,68,97494510.65063477,77676081.65740967,264211666.10717773,85644331.93206787
4417,4417,4424,17286.0,66,87581344.60449219,76109515.19012451,292298078.5369873,86687346.45843506
4418,4418,4425,17970.0,68,85651714.32495117,74339055.06134033,291084835.05249023,84663088.79852295
4419,4419,4426,17446.0,85,89552042.00744629,70178208.35113525,266057507.5149536,78294774.05548096
4420,4420,4427,17017.0,78,89643112.18261719,69676847.45788574,260949748.99291992,77228872.29919434
4421,4421,4428,17161.0,70,93315793.03741457,75977874.75585938,242613740.9210205,88192502.97546387
4422,4422,4429,17174.0,67,92117146.4920044,79568196.2966919,226222679.1381836,91957924.84283447
4423,4423,4430,17189.0,78,96092237.47253418,75016673.08807373,262326908.11157227,83234432.22045898
4424,4424,4431,16983.0,64,90678500.17547607,73180100.440979,299522453.30810547,81481661.79656982
4425,4425,4432,17011.0,68,91576116.56188963,69768045.42541504,325588190.0787353,81242813.11035156
4426,4426,4433,17183.0,76,98082199.09667967,73547288.89465332,309402056.6940308,83767000.19836426
4427,4427,4434,17072.0,66,96895748.13842772,75420842.17071533,266741413.11645508,83893697.73864746
4428,4428,4435,16590.0,73,91491295.81451416,71343016.62445068,273009889.60266113,83527235.98480225
4429,4429,4436,17461.0,71,98583506.58416748,81177984.2376709,227894740.1046753,91107890.12908936
4430,4430,4437,16702.0,62,90241947.17407228,70882742.8817749,272461034.7747803,80887575.14953613
4431,4431,4438,17461.0,69,96277364.73083496,76913427.35290527,388236046.7910767,86196618.08013916
4432,4432,4439,17096.0,63,96697736.7401123,78057566.64276123,325996931.0760498,87706511.49749756
4433,4433,4440,17429.0,67,96841713.90533447,74500538.82598877,267853036.8804932,81549818.03894043
4434,4434,4441,17008.0,65,94896415.71044922,73759505.27191162,279493177.4139404,82965592.38433838
4435,4435,4442,16999.0,60,93156661.98730467,75784793.85375977,292625720.9777832,89119400.02441406
4436,4436,4443,17193.0,64,92736864.08996582,80043934.82208252,274825798.034668,90753640.17486572
4437,4437,4444,16578.0,67,94226234.43603516,74469181.06079102,273319257.73620605,87869796.75292969
4438,4438,4445,17335.0,64,95915550.2319336,75195701.5991211,264248241.42456052,85551094.05517578
4439,4439,4446,17100.0,57,94751930.2368164,77842426.30004883,249098396.30126956,84928035.73608398
4440,4440,4447,17100.0,60,98233019.8287964,78300308.22753906,249062295.9136963,86953203.20129395
4441,4441,4448,16745.0,58,97452659.6069336,77716602.32543945,243277400.97045895,85429100.0366211
4442,4442,4449,17329.0,62,97073881.149292,78137039.18457031,267443592.0715332,86773483.27636719
4443,4443,4450,17046.0,66,90272119.52209473,73329649.92523193,239338703.1555176,83078585.62469482
4444,4444,4451,17217.0,60,96211504.93621826,77500722.88513184,255210453.03344727,86290012.35961914
4445,4445,4452,17678.0,63,93940949.44000244,77529850.00610352,267917810.44006348,86373067.85583496
4446,4446,4453,17703.0,63,95408069.6105957,77085924.14855957,264509769.43969727,85613407.13500977
4447,4447,4454,18005.0,61,95751777.64892578,78748115.53955078,278741607.6660156,88789073.9440918
4448,4448,4455,17744.0,73,96221259.11712646,75151738.16680908,255817940.7119751,86928046.22650146
4449,4449,4456,17700.0,59,96536636.35253906,78586006.16455078,229718112.94555664,88037109.375
4450,4450,4457,17452.0,59,94581825.25634766,77607109.06982422,261335941.31469727,86826267.24243164
4451,4451,4458,17473.0,68,98082826.61437988,76836418.15185547,257853107.45239255,86500373.84033203
4452,4452,4459,17556.0,64,91940696.7163086,75054640.7699585,309367374.420166,83714874.26757812
4453,4453,4460,17546.0,66,98745716.0949707,76042783.73718262,249304105.758667,84380382.5378418
4454,4454,4461,17248.0,58,98028706.55059814,77949567.7947998,239449945.4498291,85529444.69451904
4455,4455,4462,17174.0,70,97422430.03845216,75787250.51879883,246391840.93475345,85106039.04724121
4456,4456,4463,17100.0,57,96838188.17138672,74568843.84155273,257896327.9724121,83730697.63183594
4457,4457,4464,17427.0,62,96475070.95336914,75363118.1716919,246156581.8786621,83982469.55871582
4458,4458,4465,17267.0,58,95170841.21704102,76620998.38256836,294874427.79541016,86033222.19848633
4459,4459,4466,17450.0,65,98173531.5322876,81038124.08447266,265703647.6135254,90167215.34729004
4460,4460,4467,17372.0,61,97249094.0093994,80277868.27087402,222596763.61083984,89739013.671875
4461,4461,4468,17511.0,62,99601158.14208984,81528419.4946289,269249731.0638428,91059265.13671876
4462,4462,4469,17206.0,62,97275382.99560548,79312541.96166992,244191947.9370117,88319328.30810547
4463,4463,4470,17594.0,60,99342037.20092772,83061756.1340332,273759239.19677734,92879695.89233398
4464,4464,4471,16748.0,65,96946887.9699707,77555636.40594482,254755707.7407837,84675604.82025146
4465,4465,4472,17443.0,65,97760112.76245116,77346645.35522461,241558368.68286133,85194843.29223633
4466,4466,4473,17451.0,63,97935433.38775636,78545065.87982178,295604211.807251,88101336.47918701
4467,4467,4474,17166.0,67,97658324.24163818,76233050.34637451,263724637.9852295,85083003.04412842
4468,4468,4475,16817.0,70,92750316.61987305,70972718.23883057,271402470.5886841,82106672.2869873
4469,4469,4476,17493.0,63,98667966.84265137,77531770.70617676,262140232.08618164,87066497.80273438
4470,4470,4477,17100.0,57,98231792.44995116,78820323.9440918,248242378.23486328,86716175.0793457
4471,4471,4478,16903.0,59,96586664.1998291,78126029.96826172,218941656.1126709,85066946.02966309
4472,4472,4479,17175.0,63,99400772.09472656,78186492.91992188,255787769.31762692,85587150.57373047
4473,4473,4480,17189.0,64,97708099.36523438,76371726.9897461,263978191.3757324,84109007.83538818
4474,4474,4481,17353.0,63,98284616.47033691,78886306.76269531,277347855.5679321,86493412.01782227
4475,4475,4482,17009.0,58,97393856.04858398,78468921.66137695,256070362.09106445,85902755.73730469
4476,4476,4483,17284.0,61,91784888.26751707,76488586.42578125,307128238.6779785,84431261.06262207
4477,4477,4484,17323.0,63,91649029.73175047,75095565.79589844,272955681.8008423,82412138.93890381
4478,4478,4485,17477.0,62,91242704.39147948,75043880.46264648,281571319.5800781,82728872.29919434
4479,4479,4486,17371.0,69,95199997.9019165,74171334.2666626,271563735.96191406,83638902.66418457
4480,4480,4487,16600.0,67,95804258.34655762,71868116.37878418,245833595.2758789,78823174.47662354
4481,4481,4488,16968.0,79,93884632.1105957,68790670.39489746,223563379.28771973,79224559.78393555
4482,4482,4489,16901.0,63,96852511.40594482,74653684.61608887,232224875.45013428,83153811.45477295
4483,4483,4490,16754.0,59,96599376.6784668,78110675.81176758,240966425.8956909,88749835.96801758
4484,4484,4491,17370.0,70,93532637.59613036,82760210.99090576,266682313.91906735,92533053.39813232
4485,4485,4492,17224.0,64,92092184.06677246,73318733.21533203,278493919.3725586,87268443.10760498
4486,4486,4493,17149.0,66,95406406.40258788,75683582.3059082,238535530.09033203,84746218.68133545
4487,4487,4494,17555.0,62,98761164.66522215,77912055.01556396,260751777.64892575,87775491.71447754
4488,4488,4495,17655.0,61,97403106.68945312,76730606.07910156,255302925.10986328,85463146.2097168
4489,4489,4496,17609.0,67,98823661.80419922,77155766.48712158,251673271.1791992,86656973.83880615
4490,4490,4497,17622.0,59,94156642.91381836,75661743.1640625,261842857.36083984,83246852.87475586
4491,4491,4498,17527.0,66,92261560.44006348,75233311.6531372,271945478.43933105,84782047.27172852
4492,4492,4499,17236.0,58,95639138.22174072,76830352.78320312,251925157.54699707,86538537.97912598
4493,4493,4500,17038.0,62,94747620.58258057,79765031.8145752,257509469.9859619,87631748.19946289
4494,4494,4501,17031.0,65,93952323.91357422,74223258.97216797,268074680.32836917,83095655.44128418
4495,4495,4502,17146.0,66,85930604.93469238,73708175.65917969,263984334.9456787,82297093.39141846
4496,4496,4503,17212.0,71,94246507.64465332,76452835.08300781,279500089.64538574,86297898.2925415
4497,4497,4504,17443.0,64,95565964.6987915,79136816.02478027,275401073.45581055,86566564.55993652
4498,4498,4505,17135.0,61,91476997.37548828,76858020.7824707,278785411.8347168,84175289.15405273
4499,4499,4506,17428.0,63,88056728.36303711,75139196.39587402,310931098.9379883,82887590.4083252
4500,4500,4507,17790.0,64,62369972.22900391,71795465.46936035,278550621.03271484,80300155.63964844
4501,4501,4508,17418.0,65,63375020.027160645,71178497.31445312,266338248.25286865,76162847.5189209
4502,4502,4509,18193.0,66,67428685.18829346,72999625.20599365,281487449.6459961,79622536.65924072
4503,4503,4510,18471.0,77,84789396.28601074,76156077.38494873,313071765.8996582,89419981.95648193
4504,4504,4511,18650.0,69,116491354.94232178,82897730.82733154,349505805.9692383,92522302.62756348
4505,4505,4512,19356.0,77,102775569.91577148,85761987.68615723,362835170.7458496,97944425.58288574
4506,4506,4513,19081.0,66,103918049.8123169,81972879.40979004,327952430.72509766,94177822.11303712
4507,4507,4514,18782.0,72,103388320.92285156,80792685.50872803,313655529.0222168,91594616.8899536
4508,4508,4515,17712.0,75,70633792.87719727,71390234.94720459,244463348.38867188,82146796.22650146
4509,4509,4516,18954.0,74,79351857.18536377,76494615.55480957,325742913.2461548,90212224.96032716
4510,4510,4517,18144.0,72,88665525.43640137,76684390.0680542,321022083.2824707,87284977.91290283
4511,4511,4518,17447.0,69,93897317.88635254,75869315.1473999,257331168.17474365,84824169.15893555
4512,4512,4519,17275.0,58,95514583.58764648,76180648.80371094,282208156.58569336,84193611.14501953
4513,4513,4520,18387.0,70,76319494.24743652,78825242.0425415,326525100.7080078,92596325.8743286
4514,4514,4521,17962.0,60,98771942.13867188,79795742.03491211,284656455.99365234,86685451.50756836
4515,4515,4522,17882.0,73,91938699.72229004,74400632.85827637,282901568.4127808,82975525.85601807
4516,4516,4523,17350.0,71,76466009.14001465,71940259.93347168,277151012.4206543,79689508.43811035
4517,4517,4524,17785.0,67,97739948.27270508,69857647.89581299,283971370.6970215,80185778.61785889
4518,4518,4525,17938.0,69,91784155.84564207,72349950.79040527,321793714.5233154,79863716.12548828
4519,4519,4526,17868.0,64,91816917.4194336,71126679.42047119,251990050.31585693,80106711.38763428
4520,4520,4527,18578.0,72,94183073.99749756,75661131.85882568,312160679.8171997,84930540.08483887
4521,4521,4528,18118.0,67,93437973.02246094,74852506.63757324,238091533.66088867,84251367.56896973
4522,4522,4529,17811.0,60,86419698.71520996,76790205.00183105,261990702.62908936,86827476.50146484
4523,4523,4530,17780.0,65,71133136.74926758,77850508.68988037,259645593.64318848,86526084.89990234
4524,4524,4531,17765.0,60,53274955.74951172,70546131.1340332,216989860.534668,79751739.50195312
4525,4525,4532,18376.0,63,62338413.23852539,70569616.31774902,229289630.88989255,77914005.27954102
4526,4526,4533,18956.0,65,88199916.83959961,76576349.25842285,286458999.63378906,86241222.3815918
4527,4527,4534,18951.0,65,88784839.63012695,81555324.55444336,269867315.2923584,91696594.23828124
4528,4528,4535,18540.0,65,87694843.29223633,83985712.0513916,282638034.82055664,93611324.31030272
4529,4529,4536,17747.0,70,91473796.84448242,76717100.14343262,282299726.48620605,92321694.37408447
4530,4530,4537,17489.0,59,94909191.1315918,76723014.83154297,239381198.88305664,85086528.77807617
4531,4531,4538,17739.0,79,95650732.9940796,76427917.48046875,251277976.03607175,85735132.21740723
4532,4532,4539,18149.0,71,81538644.79064941,75421548.84338379,280330740.9286499,85447162.62817383
4533,4533,4540,18026.0,73,92656004.90570068,74442487.7166748,262386301.99432373,82748222.35107422
4534,4534,4541,17993.0,72,85254824.6383667,70905778.8848877,241407373.42834476,75457331.65740967
4535,4535,4542,18907.0,83,78811026.57318115,69866077.4230957,287143714.9047852,79038314.81933594
4536,4536,4543,18568.0,89,80620665.55023193,67912100.79193115,270751948.3566284,75897032.73773193
4537,4537,4544,19229.0,75,93946497.9171753,73021424.29351807,325087677.0019531,84712664.60418701
4538,4538,4545,19075.0,75,86944878.57818604,71926984.7869873,309452873.22998047,85181518.5546875
4539,4539,4546,18891.0,67,112463994.02618408,79664831.16149902,359306331.6345215,89645416.25976562
4540,4540,4547,18219.0,70,79320816.04003906,68308223.72436523,255395201.68304443,80922838.21105957
4541,4541,4548,18776.0,75,90742562.29400636,73294779.77752686,265476285.93444824,82023777.96173096
4542,4542,4549,19012.0,88,85926697.73101807,72129884.71984863,280635129.92858887,82523900.98571777
4543,4543,4550,19106.0,82,102564286.23199464,78712135.3149414,326847154.6173096,86242250.44250488
4544,4544,4551,18919.0,69,103331818.58062744,79774821.2814331,344921710.9680176,86014708.51898193
4545,4545,4552,20027.0,84,107563550.94909668,82787223.81591797,402039584.1598511,97569437.02697754
4546,4546,4553,19517.0,66,119175922.39379884,88622356.41479492,401144756.3171387,96705936.43188477
4547,4547,4554,19475.0,81,114753742.21801758,82791684.1506958,373838109.9700928,91380261.4212036
4548,4548,4555,19344.0,82,103308791.1605835,77448266.98303223,338954730.0338745,93319015.50292967
4549,4549,4556,20041.0,81,125347931.86187744,98365303.9932251,375406114.5782471,110763130.18798828
4550,4550,4557,19793.0,78,117913495.06378174,86322642.32635498,377829269.4091797,100685560.22644044
4551,4551,4558,19367.0,79,126299179.07714844,93196506.50024414,383060727.1194458,100115247.72644044
4552,4552,4559,19652.0,99,120483829.49829102,90660536.76605225,748395933.1512451,101650727.27203368
4553,4553,4560,19696.0,83,120064855.57556152,95895021.43859863,392126293.18237305,105564145.0881958
4554,4554,4561,19640.0,69,112035059.92889404,83368973.73199463,355018485.0692749,105112962.72277832
4555,4555,4562,19399.0,69,114454285.62164308,84391721.72546387,339247705.4595947,97420591.35437012
4556,4556,4563,19490.0,67,125701084.13696288,87867809.2956543,425601257.3242188,99652389.5263672
4557,4557,4564,19457.0,68,112895492.55371094,78793964.38598633,386175388.3361816,99415378.57055664
4558,4558,4565,19601.0,70,131044247.6272583,93774147.0336914,391567264.5568848,102619297.02758788
4559,4559,4566,18915.0,72,104897021.29364014,75921525.00152588,304550338.7451172,87869430.54199219
4560,4560,4567,19191.0,72,103743968.96362305,82145789.14642334,363554268.8369751,90471771.24023438
4561,4561,4568,18607.0,76,109701515.1977539,88403212.54730225,375318869.5907593,94245604.51507568
4562,4562,4569,18752.0,63,110280977.24914552,87661855.69763184,393761463.1652832,92897871.01745604
4563,4563,4570,18996.0,71,92599822.04437256,79603510.85662842,331747776.03149414,95769728.6605835
4564,4564,4571,18754.0,73,82801255.22613525,70017785.07232666,291695658.68377686,80492468.83392334
4565,4565,4572,18837.0,66,123805724.14398192,92000349.0447998,403040239.3341065,105007997.51281738
4566,4566,4573,18815.0,68,133237651.82495116,98908767.70019533,333171521.1868286,104866208.07647704
4567,4567,4574,18455.0,63,117816001.89208984,87039699.55444336,373162975.3112793,99499721.5270996
4568,4568,4575,18724.0,65,116431083.67919922,83661010.7421875,313754596.7102051,92974224.09057616
4569,4569,4576,18496.0,63,83919354.43878174,81498569.48852539,307933715.8203125,92200471.87805176
4570,4570,4577,18947.0,75,110156225.20446776,95762113.571167,379665795.3262329,105293911.93389893
4571,4571,4578,18840.0,65,107034484.86328124,96930679.32128906,414526268.0053711,105566396.71325684
4572,4572,4579,19407.0,75,102244986.53411864,86703117.37060547,371939222.3358154,101909952.16369627
4573,4573,4580,19335.0,67,108632228.85131836,86291297.91259766,412075527.1911621,99387020.11108398
4574,4574,4581,19499.0,69,117388648.03314207,98307682.03735352,421446170.8068848,111099906.92138672
4575,4575,4582,19297.0,95,116118655.20477296,86169879.91333008,500925756.4544678,97211426.73492432
4576,4576,4583,19307.0,101,117686956.40563963,86172697.06726074,391570092.2012329,103932380.67626952
4577,4577,4584,19396.0,78,102107312.2024536,77160084.72442627,314528778.0761719,98060173.03466795
4578,4578,4585,18898.0,68,98950275.42114258,80718423.84338379,371552124.0234375,99971669.19708252
4579,4579,4586,19629.0,73,121876244.54498293,98677822.11303712,440679149.6276856,105914198.87542725
4580,4580,4587,19033.0,68,112343780.51757812,91053184.50927734,448527767.1813965,102563451.76696776
4581,4581,4588,19638.0,84,112999081.6116333,86954158.78295898,433134291.6488648,103058355.3314209
4582,4582,4589,19131.0,77,116819949.15008543,79947746.27685547,355082205.7723999,87995491.98150635
4583,4583,4590,19242.0,80,95005054.47387695,70506694.79370117,377789689.0640259,91013570.78552246
4584,4584,4591,18888.0,83,95246302.6046753,72624083.51898193,392814263.34381104,90874502.18200684
4585,4585,4592,18967.0,75,113065108.29925536,79930502.89154053,332777199.7451782,94209957.12280272
4586,4586,4593,19958.0,84,105759515.7623291,76474397.65930176,610191244.1253662,95444771.7666626
4587,4587,4594,19664.0,77,122112351.4175415,85876605.03387451,420726567.2683716,100515632.62939452
4588,4588,4595,19779.0,72,124867305.75561523,88360579.49066162,349744270.32470703,101258927.34527588
4589,4589,4596,19638.0,73,98823669.43359376,77744001.3885498,366582160.94970703,95283821.10595705
4590,4590,4597,19287.0,100,83662838.93585205,71180106.1630249,313305267.3339844,93192063.331604
4591,4591,4598,19191.0,74,110779395.1034546,89286323.54736328,389152977.9434204,107178419.11315918
4592,4592,4599,19653.0,70,125835188.86566162,96759207.7255249,394523998.2604981,105270325.66070557
4593,4593,4600,18813.0,84,87793787.00256348,79757975.5783081,334475570.67871094,101153668.40362547
4594,4594,4601,18732.0,83,73463092.80395508,76137756.34765625,325965134.6206665,92910864.83001707
4595,4595,4602,18933.0,78,114465824.12719728,93353021.6217041,423683526.03912354,106802056.31256104
4596,4596,4603,19342.0,69,132085008.62121582,103423166.2750244,440830741.8823242,110427701.95007324
4597,4597,4604,19339.0,68,118302309.9899292,90925501.8234253,417384220.123291,111897156.71539308
4598,4598,4605,18939.0,78,105579017.63916016,90396816.25366212,371797172.5463867,111417628.28826904
4599,4599,4606,18739.0,73,93314127.9220581,85942343.71185303,330326477.05078125,100796181.67877196
4600,4600,4607,19039.0,72,119811592.10205078,91457343.10150146,411838247.2991944,104764790.53497314
4601,4601,4608,19074.0,78,119076263.42773438,86892106.05621338,371251425.743103,105939888.9541626
4602,4602,4609,19172.0,71,126823898.31542967,96182188.98773192,491158283.2336426,113529775.61950684
4603,4603,4610,19002.0,66,128710777.28271484,106359081.26831056,403201951.0269165,114915787.69683838
4604,4604,4611,19166.0,68,117178183.55560304,99502437.59155272,362473454.4754028,117712368.0114746
4605,4605,4612,18789.0,68,126168157.57751463,98760816.57409668,376908109.664917,118430233.00170898
4606,4606,4613,18904.0,76,115860856.05621338,88293523.78845215,372304143.9056397,104068466.18652344
4607,4607,4614,18811.0,71,104279952.04925536,85681972.50366211,430891914.3676758,105185309.4100952
4608,4608,4615,19108.0,78,111667416.5725708,103298873.9013672,354497274.3988037,117332352.63824464
4609,4609,4616,18628.0,70,104424936.29455566,98115710.25848389,421232642.1737671,116625706.67266846
4610,4610,4617,19398.0,70,125802772.52197266,103618512.15362547,439700428.0090332,119861741.065979
4611,4611,4618,18968.0,71,120441076.27868652,98112376.21307372,490619611.7401123,107202919.96002196
4612,4612,4619,19169.0,74,118236096.38214111,92772534.37042236,507641471.86279297,108947514.53399658
4613,4613,4620,19344.0,88,111559188.84277344,101065629.00543211,385546168.32733154,116538943.29071043
4614,4614,4621,19130.0,74,113973918.91479492,106035106.65893556,404506469.7265625,115001383.7814331
4615,4615,4622,18757.0,72,97254135.13183594,95969839.09606934,373048313.14086914,108124725.34179688
4616,4616,4623,19659.0,74,96268875.12207033,89600007.05718994,386418684.9594116,102653718.94836426
4617,4617,4624,19538.0,71,104672317.5048828,93363862.991333,315733610.15319824,104163564.68200684
4618,4618,4625,19506.0,87,110085789.68048096,95735273.36120604,346384508.1329346,103617821.6934204
4619,4619,4626,20285.0,79,112923561.0961914,97991546.63085938,368522575.378418,113643011.09313963
4620,4620,4627,20159.0,74,111299920.08209229,93743793.48754884,366541040.4205322,103528331.7565918
4621,4621,4628,20159.0,76,104159489.63165285,95218948.3642578,347583110.8093262,110499090.19470216
4622,4622,4629,19874.0,79,110220117.56896973,87892988.20495605,338093263.62609863,100967401.5045166
4623,4623,4630,20271.0,77,128137913.70391846,99969695.09124756,446193128.5858154,117238280.29632568
4624,4624,4631,19315.0,87,110245932.57904053,85026175.4989624,349667003.6315918,93995696.06781006
4625,4625,4632,20039.0,80,117983607.2921753,92318261.1465454,395035191.5359497,109223710.06011964
4626,4626,4633,19610.0,72,121215268.1350708,92514385.22338869,379882930.7556152,112387168.88427734
4627,4627,4634,19366.0,71,117161695.48034668,91306264.87731934,416816742.8970337,107425671.5774536
4628,4628,4635,19722.0,74,123007568.359375,91563936.23352052,373308603.2867432,99919007.30133057
4629,4629,4636,19108.0,67,105181870.46051024,85684973.71673584,359159508.7051392,96996184.34906006
4630,4630,4637,19713.0,79,125079382.89642334,95939297.67608644,387928112.9837036,109059163.0935669
4631,4631,4638,19376.0,72,127103532.7911377,97383262.63427734,397952867.5079346,107683038.71154784
4632,4632,4639,19778.0,70,125140934.94415285,102962921.14257812,370588588.7145996,117621524.81079102
4633,4633,4640,19619.0,68,123238716.12548828,104993976.59301758,460629848.4802246,127887104.03442384
4634,4634,4641,18673.0,76,93245169.6395874,72860219.00177002,359266161.91864014,94676912.30773926
4635,4635,4642,19033.0,74,123240035.05706789,96804610.25238036,405034103.3935547,111666046.14257812
4636,4636,4643,19234.0,68,122597568.51196288,92009704.58984376,388249767.3034668,108471649.16992188
4637,4637,4644,18929.0,73,118200812.33978271,88294085.50262451,319730112.07580566,99188240.05126952
4638,4638,4645,18975.0,73,113909128.18908691,91525491.71447754,326469464.302063,107301735.87799072
4639,4639,4646,18897.0,71,112821220.39794922,89756161.6897583,351015830.99365234,99949804.30603027
4640,4640,4647,18888.0,67,110751073.83728027,86596916.19873047,350913627.6245117,101178894.04296876
4641,4641,4648,19225.0,75,118453032.49359132,90443451.88140868,372468718.5287476,101062705.99365234
4642,4642,4649,19482.0,76,114377596.85516356,84698223.11401367,387763678.5507202,104440067.29125977
4643,4643,4650,19860.0,77,116407736.77825928,94536993.0267334,370676059.7229004,112578928.94744872
4644,4644,4651,19615.0,75,108661592.48352052,96377544.40307616,382803466.796875,118158189.77355956
4645,4645,4652,19029.0,85,91636081.69555664,84423480.98754883,314210926.0559082,97391653.06091309
4646,4646,4653,18760.0,73,97178968.42956544,90057143.21136475,374056401.2527466,103938700.67596436
4647,4647,4654,20296.0,100,116997316.36047363,96085635.1852417,383222892.76123047,106514750.48065186
4648,4648,4655,19474.0,72,117652797.6989746,101125201.22528076,357213739.3951416,112190531.73065186
4649,4649,4656,19939.0,90,111031989.0975952,88631206.51245117,353696557.9986572,99234257.69805908
4650,4650,4657,19461.0,79,109602159.50012209,87246835.70861816,306099740.02838135,97443292.61779784
4651,4651,4658,18957.0,68,111644420.6237793,88045907.97424316,403950428.0090332,100079366.68395996
4652,4652,4659,18572.0,72,119078000.06866457,86398749.35150146,380147452.3544312,93921906.47125244
4653,4653,4660,19465.0,93,111975227.35595705,71143255.23376465,348059887.88604736,81199480.0567627
4654,4654,4661,19827.0,86,115022501.9454956,83436242.10357666,336253692.6269531,91174176.21612547
4655,4655,4662,19669.0,75,106249257.08770752,77194958.68682861,320182167.05322266,90283501.62506104
4656,4656,4663,19239.0,76,113744156.83746338,71510241.50848389,315144211.769104,90108886.71875
4657,4657,4664,19344.0,77,107065439.22424316,70232525.82550049,323858990.6692505,83600304.60357666
4658,4658,4665,19717.0,79,109852954.86450195,75102254.86755371,288764522.55249023,86523067.47436523
4659,4659,4666,18848.0,80,83282310.48583984,61630522.72796631,244165212.6312256,71826633.45336914
4660,4660,4667,19972.0,81,106872086.52496338,73616531.37207031,312194904.3273926,87318602.56195068
4661,4661,4668,19423.0,80,106050639.15252686,72907794.95239258,272745905.87615967,86438211.44104004
4662,4662,4669,19643.0,97,101510885.23864746,67850266.456604,271322861.6714477,76747148.51379395
4663,4663,4670,19796.0,91,107279099.4644165,72605183.6013794,306275647.1633911,87351743.69812012
4664,4664,4671,18937.0,89,99101154.32739258,72696154.59442139,301327909.4696045,88980158.80584717
4665,4665,4672,18952.0,80,95949831.00891112,68348224.63989258,279086915.96984863,85529322.62420654
4666,4666,4673,18952.0,79,89607618.33190918,62487450.59967041,261036140.44189453,73178448.67706299
4667,4667,4674,18326.0,84,107977742.1951294,75575692.17681885,264019189.83459476,85749380.11169434
4668,4668,4675,18885.0,72,107463514.32800291,79824881.5536499,303022792.8161621,92923073.76861572
4669,4669,4676,18424.0,69,77471721.64916992,63346405.98297119,252387546.53930664,74955320.35827637
4670,4670,4677,19665.0,93,105104391.09802246,72465859.41314697,320794046.40197754,84342183.11309814
4671,4671,4678,19206.0,82,95355286.59820557,64427042.00744629,269104042.05322266,76457191.46728516
4672,4672,4679,19556.0,83,99514451.98059082,78395702.36206055,292430438.9953613,91413687.70599364
4673,4673,4680,19021.0,84,100499819.7555542,77953697.20458984,298281137.46643066,91919693.94683838
4674,4674,4681,19384.0,77,104361180.30548096,78472862.24365234,424244579.3151856,87299388.88549805
4675,4675,4682,19518.0,82,113391361.23657228,79172180.17578125,357199528.69415283,88871414.18457031
4676,4676,4683,19456.0,75,102388888.35906982,79707736.01531982,352610881.8054199,97539504.0512085
4677,4677,4684,18875.0,84,98229847.90802002,76091280.93719482,270938792.22869873,89663027.7633667
4678,4678,4685,18876.0,77,98403495.78857422,72096585.27374268,279157769.20318604,82126175.88043213
4679,4679,4686,19022.0,86,92223138.8092041,75391309.73815918,297413562.7746582,90289341.9265747
4680,4680,4687,19421.0,79,96715002.05993652,79031605.72052002,838496498.1079102,90703036.30828856
4681,4681,4688,18567.0,81,84873832.70263672,69648771.28601074,263734882.35473636,82308616.6381836
4682,4682,4689,18720.0,80,89439671.51641846,77700365.06652832,281144918.44177246,91634229.66003418
4683,4683,4690,18460.0,83,93317097.6638794,77906013.48876953,256675800.32348636,83521944.99969482
4684,4684,4691,19431.0,78,113656998.63433838,91487626.07574464,299509669.30389404,99768893.24188232
4685,4685,4692,18876.0,71,101141284.94262695,81296445.84655762,294574364.6621704,94753493.309021
4686,4686,4693,19126.0,71,112619959.8312378,90591814.0411377,312450807.57141113,97449039.45922852
4687,4687,4694,19716.0,70,112123834.60998537,93930194.85473631,298519239.4256592,102144884.10949709
4688,4688,4695,19104.0,71,99250840.18707275,85456674.57580566,251036796.56982425,100319364.54772948
4689,4689,4696,18813.0,83,81811979.29382324,67545242.30957031,288920818.3288574,81930586.81488037
4690,4690,4697,19567.0,73,112787245.75042725,91176753.99780272,291593035.697937,103810434.34143066
4691,4691,4698,18618.0,75,96065997.12371826,84673943.51959229,261397586.82250977,94002094.26879884
4692,4692,4699,20121.0,85,105441592.2164917,89555819.51141357,332708879.4708252,103362730.02624512
4693,4693,4700,18871.0,81,88716347.69439697,67584924.69787598,248643388.74816892,79370216.3696289
4694,4694,4701,18784.0,65,93013229.3701172,71976440.4296875,269568431.85424805,80621540.06958008
4695,4695,4702,18596.0,69,75195044.51751709,70244780.54046631,273798912.04833984,81441540.71807861
4696,4696,4703,19120.0,71,84348745.34606934,75373038.29193115,244282592.7734375,86572367.66815186
4697,4697,4704,19091.0,67,91734237.67089844,76183933.25805664,267738212.5854492,87677947.99804688
4698,4698,4705,18637.0,63,90286766.0522461,75033414.84069824,263875129.69970703,85708569.52667236
4699,4699,4706,18479.0,78,89904431.34307861,78330073.35662842,236999393.4631348,90010054.58831787
4700,4700,4707,18710.0,70,96580056.19049072,77234628.67736816,278220932.96051025,91845319.7479248
4701,4701,4708,19041.0,80,99331688.8809204,77977499.00817871,236573664.66522217,87600376.12915039
4702,4702,4709,19050.0,64,98160552.97851562,79371356.96411133,276710987.09106445,87004280.09033203
4703,4703,4710,18767.0,64,97737739.56298828,78425643.92089844,255315986.6333008,87648567.19970703
4704,4704,4711,18909.0,65,98490909.57641602,79986125.94604492,257448879.24194336,87832183.83789062
4705,4705,4712,19024.0,65,99291374.20654295,81169406.89086914,289516513.8244629,91554576.8737793
4706,4706,4713,18626.0,63,90619766.23535156,83333070.75500488,229524738.3117676,94648784.63745116
4707,4707,4714,17868.0,77,94295004.84466553,79361348.15216064,245260336.87591556,90596576.69067384
4708,4708,4715,18102.0,72,91942797.66082764,75770139.69421387,249646842.95654297,84662837.98217773
4709,4709,4716,18409.0,74,96144067.76428224,77117637.63427734,274969328.88031006,85233811.378479
4710,4710,4717,18069.0,93,97943902.96936037,74204780.57861328,267646647.4533081,84118413.9251709
4711,4711,4718,18685.0,67,98212449.0737915,78123805.99975586,311428759.57489014,88648957.25250244
4712,4712,4719,18682.0,78,94500097.27478027,84291830.06286621,242091808.3190918,94897135.7345581
4713,4713,4720,17814.0,67,90829620.36132812,79769302.36816406,198150549.88861084,90705625.53405762
4714,4714,4721,18674.0,69,97667969.70367432,79832968.71185303,262103281.02111816,88968843.46008301
4715,4715,4722,18829.0,67,97686898.23150636,78181800.84228516,251681118.0114746,86599720.0012207
4716,4716,4723,19125.0,78,100146276.47399902,80270899.77264404,272197434.425354,88964479.44641113
4717,4717,4724,18457.0,71,93140243.53027344,79481865.88287354,227855894.08874512,90788933.75396729
4718,4718,4725,18373.0,74,93246526.71813963,81545988.08288574,199380021.09527588,92538427.35290527
4719,4719,4726,17803.0,79,92402975.08239746,74809431.0760498,264723392.48657227,84950902.93884277
4720,4720,4727,18027.0,88,97254225.730896,77348808.28857422,270933971.4050293,88800952.91137695
4721,4721,4728,17855.0,68,99845417.02270508,77195415.49682617,233140945.4345703,85538146.97265625
4722,4722,4729,17488.0,63,98642862.31994627,77861103.05786133,241513954.1625977,85244869.23217773
4723,4723,4730,17913.0,69,99945508.00323486,77121204.3762207,263508307.4569702,87546972.27478027
4724,4724,4731,17528.0,64,91148996.3531494,76976888.65661621,243431146.6217041,86765089.03503418
4725,4725,4732,17762.0,71,98888896.94213869,74544129.37164307,280510807.0373535,84731410.98022461
4726,4726,4733,17829.0,73,97226861.95373537,75797236.44256592,246912107.46765137,87251562.11853027
4727,4727,4734,18977.0,70,100754326.82037354,79067701.33972168,272590219.49768066,88898706.43615723
4728,4728,4735,18416.0,76,97618106.84204102,78214135.16998291,266603190.4220581,87769110.67962646
4729,4729,4736,18741.0,79,96336854.93469238,78666548.72894287,264039734.84039307,87820377.34985352
4730,4730,4737,18904.0,75,97799541.47338869,79585877.41851807,294635650.6347656,87070779.80041504
4731,4731,4738,18752.0,66,95631268.50128174,77784375.19073486,253271553.0395508,86922644.61517334
4732,4732,4739,18609.0,66,98296887.39776611,77641610.14556885,284521891.5939331,87828620.91064453
4733,4733,4740,19207.0,68,99076290.13061523,79622894.28710938,267558986.6638184,91524406.43310548
4734,4734,4741,18877.0,66,98975475.3112793,78866630.55419922,257234920.50170895,87907180.78613281
4735,4735,4742,18661.0,69,97399438.85803224,77697216.03393555,299675942.4209595,88586665.15350342
4736,4736,4743,18499.0,65,95891651.15356444,81693740.84472656,236348453.5217285,90220893.85986328
4737,4737,4744,18432.0,68,91888215.06500244,78875439.64385986,252225727.08129883,87693205.83343506
4738,4738,4745,18813.0,77,93601191.52069092,79940894.12689209,257830210.68573,89238368.98803711
4739,4739,4746,18192.0,73,94499249.458313,79007653.23638916,243157733.91723636,87870226.86004639
4740,4740,4747,18676.0,86,98413004.8751831,75844891.54815674,278684384.3460083,87607256.88934326
4741,4741,4748,17827.0,81,97079805.37414552,78434991.83654785,253320343.01757807,87915166.8548584
4742,4742,4749,17771.0,72,98297392.8451538,75749171.25701904,242738007.5454712,84690558.43353271
4743,4743,4750,18034.0,67,100611515.04516602,78273765.56396484,245710235.59570312,86532955.16967773
4744,4744,4751,17264.0,61,94682904.24346924,75774555.20629883,245685543.06030276,83289043.42651367
4745,4745,4752,18277.0,67,100487375.2593994,79242185.59265137,259341472.6257324,87529829.02526855
4746,4746,4753,17828.0,72,93007977.48565674,73540754.3182373,273108033.1802368,82549437.52288818
4747,4747,4754,18179.0,78,94157338.14239502,72752209.66339111,248079835.89172363,80572650.90942383
4748,4748,4755,18903.0,79,92397381.78253174,74908057.21282959,289921144.48547363,83692722.32055664
4749,4749,4756,18626.0,79,94329856.8725586,77997422.21832275,258778557.7774048,88014155.38787842
4750,4750,4757,18707.0,66,93104251.86157228,77874481.20117188,288047954.5593262,87753139.49584961
4751,4751,4758,18878.0,67,96642677.3071289,80985237.12158203,230067005.1574707,89899581.90917969
4752,4752,4759,18757.0,72,96910384.17816162,81086151.12304688,306138458.2519531,90225139.61791992
4753,4753,4760,18771.0,71,96376496.31500244,76502701.75933838,260967326.1642456,84655495.64361572
4754,4754,4761,18476.0,64,96580325.12664796,78015108.10852051,268630594.25354004,87014007.56835938
4755,4755,4762,18378.0,72,97926215.17181396,78379743.5760498,220977906.22711185,87721432.68585205
4756,4756,4763,18435.0,64,97627101.89819336,75726715.08789062,291318790.435791,85013111.11450195
4757,4757,4764,18290.0,77,92080365.18096924,74209854.12597656,258524457.93151852,80861777.30560303
4758,4758,4765,18314.0,63,93939994.81201172,72497718.81103516,279198925.01831055,82677879.3334961
4759,4759,4766,18303.0,63,94006584.16748048,74346282.95898438,253821659.0881348,81532299.04174805
4760,4760,4767,18299.0,63,94486152.64892578,76459560.39428711,256544120.78857425,86755943.29833984
4761,4761,4768,53.0,1,680938.720703125,192676.54418945312,1041625.9765625,193283.0810546875
4762,4762,4769,24786.0,127,128959080.69610596,103128111.83929443,348929830.55114746,113933493.61419678
4763,4763,4770,18434.0,72,97265309.33380128,76829926.49078369,216569868.08776852,84967247.96295166
4764,4764,4771,18695.0,66,96284622.1923828,79484928.13110352,238880397.7966309,88634891.51000977
4765,4765,4772,18680.0,66,95810638.42773438,80527545.92895508,263868770.59936523,89500289.91699219
4766,4766,4773,17892.0,65,93068206.78710938,76962387.08496094,339414459.2285156,86077117.91992188
4767,4767,4774,18855.0,68,88410597.8012085,78207713.12713623,266279169.0826416,86430528.64074707
4768,4768,4775,18252.0,64,72035648.34594727,72810260.77270508,226000370.0256348,78426029.20532227
4769,4769,4776,19131.0,73,78277999.87792969,75036122.32208252,293351016.998291,84187742.23327637
4770,4770,4777,19224.0,75,95953501.70135498,79534811.01989746,256979843.13964844,87957609.17663574
4771,4771,4778,18678.0,85,88492161.75079346,78762848.85406494,256335550.30822757,88279552.4597168
4772,4772,4779,18521.0,87,84249007.22503662,83195077.89611816,289871520.9960937,90786715.50750732
4773,4773,4780,17799.0,81,78779629.70733643,69771726.60827637,251705443.3822632,80765505.79071045
4774,4774,4781,18359.0,77,93464626.31225586,72081768.98956299,293737722.3968506,82182969.09332275
4775,4775,4782,18628.0,85,92376996.99401855,71840006.8283081,229262997.6272583,82105065.34576416
4776,4776,4783,18662.0,70,93780059.81445312,75463898.65875244,277134619.7128296,83745957.37457275
4777,4777,4784,18388.0,79,74362310.4095459,69784904.47998047,242202241.897583,80858274.45983887
4778,4778,4785,19043.0,69,90924321.17462158,73418705.94024658,271009144.78302,82982089.04266357
4779,4779,4786,18796.0,70,92400526.04675291,72950250.62561035,290473152.16064453,81227359.77172852
4780,4780,4787,19103.0,75,99416890.14434814,78989357.94830322,385079203.6056519,88231036.18621826
4781,4781,4788,18633.0,75,88748999.59564209,79185805.32073975,269143864.63165283,89520189.28527832
4782,4782,4789,18188.0,70,88147295.95184326,73859460.83068848,259697154.9987793,86805718.42193604
4783,4783,4790,18321.0,80,89653496.74224854,72330404.28161621,282664695.7397461,80348418.23577881
4784,4784,4791,18342.0,75,95763681.41174316,75358577.72827148,292745819.0917969,83440328.59802246
4785,4785,4792,18030.0,70,90420465.46936037,75271658.8973999,267679700.85144043,83321173.66790771
4786,4786,4793,18420.0,64,78293403.62548828,74988584.51843262,255675121.30737305,84560581.20727539
4787,4787,4794,18848.0,70,85299102.78320312,75422808.64715576,264935684.2041016,82710701.94244385
4788,4788,4795,18945.0,67,89724456.78710938,77117918.01452637,233817329.40673828,86587123.87084961
4789,4789,4796,18890.0,65,85272172.92785645,73971656.7993164,253017211.9140625,81222110.74829102
4790,4790,4797,18952.0,67,93064323.42529295,73886100.76904297,254064231.8725586,81883453.36914062
4791,4791,4798,18900.0,66,94608821.86889648,76353847.50366211,251765029.90722656,83506282.80639648
4792,4792,4799,18770.0,64,93186744.6899414,77529964.44702148,301202003.4790039,85987106.32324219
4793,4793,4800,18871.0,65,90816116.3330078,76254688.26293945,310174221.0388184,86108882.90405273
4794,4794,4801,19359.0,76,101177999.49645996,78219118.11828613,268038866.0430908,87457319.25964355
4795,4795,4802,18171.0,84,92446913.71917725,74206820.48797607,309335778.2363892,83586096.76361084
4796,4796,4803,18015.0,71,94631916.04614258,75085263.2522583,283032175.0640869,83947115.89813232
4797,4797,4804,18522.0,87,84444508.55255127,74496498.10791016,310092714.3096924,88801785.46905518
4798,4798,4805,18127.0,68,99885355.94940186,80340242.38586426,287424119.9493408,88160937.30926514
4799,4799,4806,17550.0,70,84770900.72631836,74168331.14624023,249024104.1183472,82792898.17810059
4800,4800,4807,18014.0,67,77257259.36889648,73498385.42938232,247960910.79711917,80503796.57745361
4801,4801,4808,17808.0,74,81842772.48382568,74667475.70037842,273142348.28948975,81951132.77435303
4802,4802,4809,19681.0,78,99534612.65563963,82168712.6159668,319258821.4874268,92585607.52868652
4803,4803,4810,18042.0,75,50295710.56365967,73469113.34991455,223240593.9102173,82429271.69799805
4804,4804,4811,18849.0,85,45721436.50054932,72650424.00360107,274658412.9333496,82204953.19366455
4805,4805,4812,18488.0,107,77733933.4487915,75661038.39874268,266939642.90618896,82267704.01000977
4806,4806,4813,18443.0,80,82323219.2993164,76310956.00128174,306732179.64172363,83492375.37384033
4807,4807,4814,18662.0,94,72935130.11932373,75493417.73986816,295848362.92266846,85981899.26147461
4808,4808,4815,19039.0,82,79441632.27081299,79396116.25671387,248231723.7854004,86925785.06469727
4809,4809,4816,17703.0,81,68909301.7578125,70404946.32720947,260687792.77801517,80162142.75360107
4810,4810,4817,18651.0,83,85631221.77124023,72857466.69769287,274220254.8980713,80344038.96331787
4811,4811,4818,18643.0,81,82838640.2130127,77138241.7678833,266954961.7767334,85584547.04284668
4812,4812,4819,18679.0,104,91475679.397583,82574884.41467285,280519336.70043945,90688587.1887207
4813,4813,4820,17941.0,78,65949011.80267334,76106771.46911621,286210244.178772,89341485.97717285
4814,4814,4821,18497.0,86,71058792.11425781,76147778.51104736,268538150.7873535,83510649.68109131
4815,4815,4822,18506.0,96,83581654.54864502,73969145.77484131,273308289.52789307,81800691.60461426
4816,4816,4823,18941.0,101,94539493.56079102,81095094.68078613,298278843.8796997,90685010.91003418
4817,4817,4824,18507.0,70,89803462.02850342,80171854.97283936,305360207.5576782,89770787.2390747
4818,4818,4825,18444.0,69,79338882.44628906,79411980.62896729,325724386.21521,93633244.51446532
4819,4819,4826,18021.0,69,80292428.97033691,77378802.29949951,281600016.5939331,88269924.16381836
4820,4820,4827,18496.0,73,91705986.02294922,80305113.79241943,284180501.9378662,87914084.43450928
4821,4821,4828,18846.0,75,83588438.03405762,78171001.43432617,269080432.8918457,86548513.41247559
4822,4822,4829,18493.0,78,76373470.30639648,75774786.94915771,269218698.5015869,84931241.98913574
4823,4823,4830,18641.0,77,95816777.22930908,78084361.07635498,293472215.6524658,86735851.2878418
4824,4824,4831,18862.0,94,100119007.1105957,80150176.04827881,296005550.3845215,88848174.09515381
4825,4825,4832,18097.0,76,82761293.41125488,75579785.34698486,492703562.7365112,83610336.30371094
4826,4826,4833,18028.0,71,74228379.24957275,71789904.59442139,242885890.96069336,80628860.47363281
4827,4827,4834,18131.0,65,66202541.35131836,70238586.42578125,225139350.89111328,77574230.1940918
4828,4828,4835,17529.0,69,64784787.17803955,67372045.51696777,192702929.49676517,73452974.31945801
4829,4829,4836,18555.0,69,83499519.34814453,78216319.08416748,298263116.83654785,92646902.0843506
4830,4830,4837,18760.0,69,97588891.98303224,81571243.28613281,342584872.2457886,89890187.26348877
4831,4831,4838,19002.0,91,84093427.65808105,69497733.1161499,281836082.4584961,77246582.03125
4832,4832,4839,19167.0,77,76017127.03704834,76115420.3414917,290820068.359375,86275963.78326416
4833,4833,4840,19634.0,73,92009860.99243164,80056300.16326904,293736869.8120117,88984980.58319092
4834,4834,4841,19586.0,83,96154297.82867432,84511047.36328125,339593576.4312744,95802912.71209715
4835,4835,4842,19129.0,68,101775780.6777954,87107984.54284668,333901674.2706299,98644773.48327637
4836,4836,4843,20289.0,86,98217900.27618408,89558587.07427979,316483742.7139282,99316341.40014648
4837,4837,4844,19086.0,71,89637323.3795166,78451234.81750488,301230197.90649414,90013819.69451904
4838,4838,4845,20670.0,75,99747497.55859376,84375996.58966064,337442947.3876953,100265358.92486572
4839,4839,4846,19840.0,73,92801567.07763672,79157508.85009766,300809226.9897461,92281288.14697266
4840,4840,4847,20140.0,91,93915899.2767334,79506619.45343018,326643481.25457764,96970046.99707033
4841,4841,4848,19645.0,72,94938531.87561037,80212754.24957275,309528413.772583,91894942.28363036
4842,4842,4849,19812.0,78,93921493.53027344,83884934.425354,325195407.86743164,99775538.44451904
4843,4843,4850,19830.0,73,104345279.69360352,82599283.21838379,330309015.27404785,94236492.15698242
4844,4844,4851,19249.0,82,101448907.85217284,85256451.60675049,304009460.44921875,99509835.2432251
4845,4845,4852,18669.0,97,114829829.21600342,82120207.78656006,336054235.458374,88192130.08880615
4846,4846,4853,18591.0,76,108625258.44573976,82340112.68615723,329957022.66693115,101823468.208313
4847,4847,4854,19781.0,86,121615832.3287964,92713946.34246826,434142479.8965454,113493866.9204712
4848,4848,4855,19798.0,76,118780917.16766356,101658938.40789796,437047663.68865967,121195427.89459229
4849,4849,4856,18830.0,70,114578768.73016356,94930780.4107666,420505849.8382568,114145755.76782228
4850,4850,4857,20097.0,89,88901728.63006592,84768239.97497559,386856162.071228,117697955.13153076
4851,4851,4858,19882.0,78,138090214.72930908,109633664.13116457,440449787.1398926,119633028.03039552
4852,4852,4859,19061.0,75,133474515.914917,95532670.02105711,418310892.10510254,117500006.6757202
4853,4853,4860,19567.0,73,134434803.96270752,105521339.4165039,396832285.8810425,117234596.2524414
4854,4854,4861,19449.0,78,114898224.83062744,94573943.13812256,366353220.9396362,113463436.12670898
4855,4855,4862,18790.0,70,114911653.51867676,88824389.45770264,365715709.6862793,99938352.58483888
4856,4856,4863,19478.0,100,113360456.4666748,85568395.61462402,412089873.3139038,109969641.68548584
4857,4857,4864,20384.0,73,149077068.32885742,110599163.05541992,477721630.0964356,125076141.35742188
4858,4858,4865,19118.0,84,105775063.51470947,85236520.76721191,367512879.3716431,109919381.1416626
4859,4859,4866,19947.0,81,126014652.25219728,91966810.22644044,401452306.7474365,116880286.21673584
4860,4860,4867,20006.0,71,146273670.1965332,114424442.29125977,455361888.8854981,125446281.43310548
4861,4861,4868,19163.0,84,117010532.3791504,91642234.8022461,418175323.4863281,110322253.22723389
4862,4862,4869,20124.0,84,136201339.7216797,99025180.8166504,448604685.78338623,112894450.1876831
4863,4863,4870,20093.0,108,115436877.2506714,88455766.67785645,403233511.92474365,116546930.31311037
4864,4864,4871,20129.0,79,136808468.81866455,101614989.28070068,442153308.8684082,123060397.14813232
4865,4865,4872,19252.0,82,102390517.23480225,79422409.05761719,394624030.1132202,102786015.51055908
4866,4866,4873,20253.0,91,133683006.2866211,96828190.80352785,464819347.3815918,117961455.3451538
4867,4867,4874,19569.0,75,129433840.75164796,95325217.24700928,450981310.8444214,114489172.93548584
4868,4868,4875,19787.0,81,121000943.18389893,96249433.51745604,450150652.885437,123212814.33105467
4869,4869,4876,19778.0,73,124841120.71990968,98885074.61547852,363638151.1688232,114903123.85559082
4870,4870,4877,19779.0,80,137159860.6109619,107584187.5076294,436087511.0626221,122340166.09191896
4871,4871,4878,18867.0,73,130312415.12298584,95229692.45910645,413376807.2128296,112566699.02801514
4872,4872,4879,19364.0,78,107684894.56176758,90953228.95050047,380535196.3043213,108436753.27301024
4873,4873,4880,19865.0,78,116468538.28430176,88348556.51855469,365756259.9182129,114171915.05432127
4874,4874,4881,19340.0,77,104769484.5199585,81548416.13769531,360742763.5192871,99159572.60131836
4875,4875,4882,20348.0,108,123358632.08770752,94860005.37872314,431776071.5484619,114364231.10961914
4876,4876,4883,19558.0,81,142882364.2730713,104096589.08843994,408484905.2429199,114565670.96710204
4877,4877,4884,19680.0,88,120036244.39239502,95685928.34472656,391162576.67541504,120195868.49212646
4878,4878,4885,19862.0,87,113563978.19519044,88695569.03839111,322296073.9135742,104343322.75390624
4879,4879,4886,20367.0,84,126788805.00793456,95420752.5253296,440253567.6956177,108745418.54858398
4880,4880,4887,20441.0,89,111571617.12646484,93395323.75335692,372064601.89819336,106966459.274292
4881,4881,4888,19491.0,93,98255678.17687988,90212007.522583,384431516.64733887,104359702.11029053
4882,4882,4889,18437.0,70,112304485.32104492,97763396.26312256,387670776.3671875,107470656.3949585
4883,4883,4890,18136.0,112,115607402.80151369,94767950.0579834,390734778.40423584,102701489.44854736
4884,4884,4891,17500.0,66,92738959.31243896,78769710.54077148,307395617.4850464,93474578.85742188
4885,4885,4892,18630.0,97,98968648.91052246,77956562.99591064,329155552.8640747,85826954.84161377
4886,4886,4893,18954.0,87,129654013.63372804,88546080.58929443,377878692.6269531,101457567.21496582
4887,4887,4894,19249.0,87,113424227.71453856,78692318.9163208,319227531.43310547,95631847.3815918
4888,4888,4895,19051.0,78,101361171.72241212,66222353.9352417,372889696.1212158,79455241.2033081
4889,4889,4896,19394.0,93,106077486.038208,71372359.27581787,287539069.1757202,77446522.71270752
4890,4890,4897,18777.0,68,99020818.71032716,71563720.703125,307923666.0003662,77875470.16143799
4891,4891,4898,19611.0,82,125155255.317688,94562445.64056396,348385983.46710205,106362690.92559814
4892,4892,4899,19406.0,70,115484569.54956056,89516472.81646729,330497995.3765869,100880608.5586548
4893,4893,4900,19530.0,75,101583582.8781128,86468082.42797852,297866886.138916,91590662.9562378
4894,4894,4901,19567.0,82,107529259.68170166,87780888.55743408,293808584.21325684,92165846.824646
4895,4895,4902,20336.0,79,105260864.2578125,86050874.71008301,355254853.2485962,104818889.61791992
4896,4896,4903,20251.0,84,116651235.58044434,89914709.09118652,671586694.7174072,108548882.48443604
4897,4897,4904,20107.0,75,114229639.05334473,87196159.36279297,349697233.20007324,105709046.36383057
4898,4898,4905,20086.0,71,124243625.64086914,94977752.68554688,429705101.0131836,109147968.29223631
4899,4899,4906,19406.0,74,127564887.04681396,99936805.72509766,334848574.6383667,105475559.23461914
4900,4900,4907,19470.0,72,125752437.59155272,94306056.97631836,390657309.5321655,108433578.49121094
4901,4901,4908,19592.0,70,131113980.29327393,104568014.14489746,363896970.74890137,111350839.61486816
4902,4902,4909,18848.0,66,119014237.40386964,89257070.54138184,362721466.0644531,102899261.47460938
4903,4903,4910,19096.0,81,112419498.44360352,80138708.11462402,361512022.0184326,89634578.70483398
4904,4904,4911,19411.0,83,105603299.14093018,83251093.86444092,395889126.7776489,95825368.8812256
4905,4905,4912,18971.0,67,103431453.70483398,82731216.43066406,323756813.0493164,94010940.5517578
4906,4906,4913,19836.0,80,125611901.28326416,94455097.19848631,351774445.53375244,106734780.31158447
4907,4907,4914,18854.0,78,96185144.42443848,79182856.55975342,309915725.7080078,93010261.53564452
4908,4908,4915,20004.0,91,117570480.34667967,89475174.90386963,387150466.9189453,105748743.05725098
4909,4909,4916,19621.0,76,126968893.05114746,94789482.11669922,330624940.8721924,106127164.84069824
4910,4910,4917,19279.0,81,111623423.57635498,81217316.62750244,406121650.6958008,95967330.9326172
4911,4911,4918,19123.0,94,112557596.20666504,78879722.59521484,327255551.3381958,94252387.04681396
4912,4912,4919,19139.0,91,101192373.27575684,77163858.41369629,353953800.201416,96797199.24926758
4913,4913,4920,18727.0,71,121644686.69891356,88837205.88684082,309663860.3210449,96586863.51776125
4914,4914,4921,18884.0,67,123733455.65795898,87052045.82214355,367290935.5163574,99125808.71582033
4915,4915,4922,18924.0,68,105125097.27478027,89022174.83520508,396659330.368042,102231014.25170898
4916,4916,4923,19498.0,79,116019521.71325684,91956614.49432372,379863951.6830444,105096165.65704346
4917,4917,4924,19417.0,69,126821475.98266602,94053417.20581056,342057182.3120117,104164558.41064452
4918,4918,4925,18760.0,79,121232322.6928711,93842148.78082275,389474158.28704834,102094538.68865968
4919,4919,4926,18979.0,68,107992754.93621826,84290277.4810791,377776691.4367676,98449390.41137695
4920,4920,4927,19783.0,81,110753925.32348631,88179471.01593018,339220180.5114746,102690008.16345216
4921,4921,4928,19327.0,67,129963474.27368164,95539587.02087402,346588975.9063721,103444078.44543456
4922,4922,4929,18318.0,78,106270440.10162354,81490176.2008667,334574962.6159668,94223530.76934814
4923,4923,4930,19672.0,85,95368869.78149414,83842247.00927734,324010252.9525757,99402676.58233644
4924,4924,4931,19333.0,82,109746548.65264893,90741661.07177734,321843090.05737305,102042293.54858398
4925,4925,4932,18121.0,76,113728797.91259766,89709786.4151001,327616772.6516724,97887678.1463623
4926,4926,4933,18429.0,90,91242888.45062256,73873805.04608154,283725756.64520264,82931682.58666992
4927,4927,4934,18893.0,90,67444489.47906494,72636329.6508789,257874056.81610107,88002735.13793945
4928,4928,4935,18284.0,83,95634884.83428957,83014474.86877441,345841928.48205566,92547906.87561037
4929,4929,4936,18394.0,76,100371249.19891356,78309664.72625732,303291424.75128174,83273303.9855957
4930,4930,4937,19473.0,77,92089959.14459229,76720046.99707031,325141450.881958,88712749.48120117
4931,4931,4938,19602.0,94,89961351.39465332,75175341.60614014,287713217.7352905,81819372.17712402
4932,4932,4939,19352.0,78,108773983.9553833,80216049.19433594,290787617.68341064,86763677.5970459
4933,4933,4940,19172.0,85,112368094.4442749,81609515.19012451,322795228.9581299,89457097.05352783
4934,4934,4941,18967.0,74,103867280.00640868,78813318.25256348,314020171.1654663,89222173.6907959
4935,4935,4942,18838.0,71,69745408.0581665,69956574.44000244,228670341.4916992,77567235.94665527
4936,4936,4943,18786.0,84,75808642.38739014,66750990.867614746,251864931.10656735,74625318.52722168
4937,4937,4944,18243.0,68,81555311.20300293,64720695.49560547,247162254.3334961,73472368.24035645
4938,4938,4945,20081.0,88,92406346.32110596,71404241.56188965,280091544.1513061,80619108.20007324
4939,4939,4946,18693.0,84,81868721.00830078,66873156.54754639,225798836.70806885,73030302.04772949
4940,4940,4947,18997.0,81,81643571.8536377,68247462.27264404,268950766.5634155,75755849.83825684
4941,4941,4948,18338.0,78,78731265.0680542,64639011.38305664,237824787.13989255,71122313.49945068
4942,4942,4949,19872.0,102,99024662.01782228,80293675.42266846,299238026.6189575,91201101.3031006
4943,4943,4950,18688.0,68,89109787.940979,75945656.77642822,273476677.8945923,84429033.27941895
4944,4944,4951,18838.0,79,72287206.64978027,67610480.30853271,209576738.35754395,74781097.41210938
4945,4945,4952,18660.0,71,69808949.47052002,68938032.15026855,262731932.64007568,75746592.52166748
4946,4946,4953,18877.0,78,83935134.88769531,73206695.55664062,263643010.13946533,80396792.4118042
4947,4947,4954,18699.0,79,82732900.61950684,70961907.38677979,266662229.53796387,78201027.87017822
4948,4948,4955,18928.0,83,84853144.64569092,71470613.47961426,263514410.0189209,78885988.23547363
4949,4949,4956,18923.0,74,79866582.8704834,70631665.22979736,243821945.1904297,77305260.65826416
4950,4950,4957,19107.0,80,83086888.31329346,72489777.56500244,258040187.83569336,81672953.60565186
4951,4951,4958,18107.0,76,78315448.76098633,68367075.92010498,247922300.33874512,75773127.55584717
4952,4952,4959,18721.0,77,72774129.86755371,70220606.80389404,270310028.0761719,80407786.36932373
4953,4953,4960,18981.0,89,72630266.1895752,71622349.7390747,258351298.3322144,82420629.50134277
4954,4954,4961,18463.0,71,70768648.14758301,68528888.70239258,242845703.125,76912716.86553955
4955,4955,4962,17989.0,67,58965309.143066406,66493550.30059815,213024017.3339844,71804242.13409424
4956,4956,4963,19084.0,73,58145187.37792969,69834501.26647949,240126717.56744385,78776358.60443115
4957,4957,4964,18820.0,73,83077153.20587158,79120208.74023438,273506054.87823486,86001290.3213501
4958,4958,4965,19156.0,77,76545989.99023438,71963912.96386719,276264245.03326416,83604538.9175415
4959,4959,4966,19398.0,74,88956341.74346924,81403820.99151611,326634299.2782593,89538594.24591064
4960,4960,4967,19149.0,65,97990722.65625,83873458.86230469,307049755.09643555,90986705.7800293
4961,4961,4968,18759.0,70,92250901.222229,83962659.83581543,319143535.6140137,91828664.77966309
4962,4962,4969,18465.0,74,73460301.39923096,78076860.42785645,295168312.0727539,90253783.22601318
4963,4963,4970,18889.0,85,74952970.50476074,75743163.10882568,262244754.79125977,83343175.88806152
4964,4964,4971,18660.0,70,63788159.37042236,72134177.20794678,251468346.59576416,85288722.03826904
4965,4965,4972,18661.0,71,71019584.65576172,70647692.68035889,245280780.79223636,77441989.89868164
4966,4966,4973,18422.0,69,70859572.4105835,71854814.52941895,254765956.8786621,79457023.62060547
4967,4967,4974,18465.0,66,72400091.17126465,72085056.30493164,248466182.70874023,79374510.76507568
4968,4968,4975,18982.0,82,68975888.2522583,73561643.60046387,470150133.1329346,82017012.59613037
4969,4969,4976,18353.0,77,59130129.81414795,68790836.33422852,198225431.44226077,73680222.5112915
4970,4970,4977,18762.0,72,61057493.20983887,68641980.17120361,215894360.54229736,75380824.0890503
4971,4971,4978,18451.0,85,61184474.94506836,67884922.9812622,219419890.4037476,76031297.68371582
4972,4972,4979,18298.0,69,81106527.32849121,71661868.09539795,289457735.0616455,80392062.18719482
4973,4973,4980,18504.0,69,84963295.93658447,71351677.89459229,259602371.2158203,79869681.3583374
4974,4974,4981,17936.0,67,84319299.69787598,68699482.91778564,243413490.29541016,74035432.81555176
4975,4975,4982,18287.0,65,95515413.28430176,71614944.45800781,243118156.43310547,78444728.85131836
4976,4976,4983,18363.0,70,93220882.41577148,71312458.9920044,268224940.2999878,77600986.48071289
4977,4977,4984,18701.0,82,88218413.35296631,70486832.61871338,271130809.78393555,77190801.6204834
4978,4978,4985,18505.0,77,79298590.66009521,70275204.6585083,254636303.9016724,75968086.24267578
4979,4979,4986,19197.0,94,88026563.64440918,70749201.77459717,265556171.41723636,76318080.90209961
4980,4980,4987,18920.0,79,94291572.57080078,73310884.47570801,245678479.1946411,79306793.21289062
4981,4981,4988,18788.0,96,94263306.61773682,73877442.35992432,265031793.59436035,84411296.84448242
4982,4982,4989,18839.0,66,96686023.7121582,77959980.96466064,284782745.3613281,86892011.64245605
4983,4983,4990,18698.0,72,88929091.45355225,76881051.0635376,268947804.4509888,89459751.12915039
4984,4984,4991,18384.0,84,86785519.59991455,78095230.10253906,255750421.52404785,88643284.79766846
4985,4985,4992,18150.0,82,94409205.43670654,75147546.76818848,279706862.449646,90315761.56616212
4986,4986,4993,18735.0,83,91106828.6895752,74698624.61090088,262603665.35186768,83218265.53344727
4987,4987,4994,18734.0,68,84967535.0189209,72525610.92376709,300072683.3343506,82924670.21942139
4988,4988,4995,19237.0,78,96018450.73699953,75570583.34350586,260074265.4800415,86482336.04431152
4989,4989,4996,18817.0,65,94658554.07714844,75617198.9440918,279872440.3381348,86975849.15161133
4990,4990,4997,18649.0,65,96426332.47375488,77128610.61096191,257021095.2758789,86590610.50415039
4991,4991,4998,18374.0,79,93915652.27508543,76684746.74224854,287486000.0610352,88057765.00701904
4992,4992,4999,18313.0,69,96081450.46234132,78921096.80175781,295571104.0496826,88107301.71203613
4993,4993,5000,17805.0,69,94281491.27960204,76109473.22845459,262019347.19085693,84845064.16320801
4994,4994,5001,17983.0,72,92958125.11444092,75014445.3048706,284608738.89923096,83756411.5524292
4995,4995,5002,18386.0,80,94557724.95269775,75285445.21331787,302034082.4127197,88695335.3881836
4996,4996,5003,18409.0,66,97394960.40344238,79764669.41833496,255768178.9398193,90143694.87762453
4997,4997,5004,18054.0,62,96380104.0649414,81482978.82080078,272916145.32470703,91145034.79003906
4998,4998,5005,17980.0,74,96487667.08374023,79773359.29870605,238187942.5048828,90439204.21600342
4999,4999,5006,17658.0,61,94120708.46557616,78425354.00390625,254082252.5024414,87156944.27490234
5000,5000,5007,17825.0,63,92954967.4987793,75839328.76586914,251367389.67895508,86844318.38989258
5001,5001,5008,18489.0,65,93115680.69458008,76917385.10131836,281050136.5661621,88405536.65161133
5002,5002,5009,18058.0,66,85469254.49371338,75906805.03845215,247965845.10803223,85427734.375
5003,5003,5010,18128.0,80,91357475.28076172,76245032.31048584,247441993.7133789,84785010.33782959
5004,5004,5011,17659.0,72,93802422.52349854,74981523.51379395,253524230.95703125,82770977.02026367
5005,5005,5012,18958.0,70,97294066.42913818,75321387.29095459,289921316.1468506,87858858.10852051
5006,5006,5013,18689.0,81,94865846.63391112,75345705.03234863,471487726.2115479,84557136.53564453
5007,5007,5014,18534.0,73,96563595.77178957,76387575.14953613,276026019.0963745,83241758.34655762
5008,5008,5015,19018.0,71,96915285.11047363,79238933.56323242,277397418.02215576,89050210.95275879
5009,5009,5016,18617.0,68,95716814.994812,80139333.72497559,244444238.66271973,88796609.87854004
5010,5010,5017,18613.0,75,97263755.79833984,79828646.65985107,282162961.0061645,90047940.25421143
5011,5011,5018,18665.0,77,96472873.68774414,79437232.01751709,270905008.31604004,88078218.46008301
5012,5012,5019,18212.0,70,97226223.94561768,78999338.15002441,248448885.9176636,88585421.56219482
5013,5013,5020,18461.0,69,95601011.27624512,79814228.05786133,278793148.0407715,88662820.81604004
5014,5014,5021,18595.0,75,91676548.0041504,75503946.30432129,276257882.1182251,86749814.98718262
5015,5015,5022,18939.0,66,98164815.90270996,78036777.49633789,309867694.8547363,87053042.4118042
5016,5016,5023,18587.0,71,96326845.16906738,78748277.66418457,239340564.7277832,89059107.78045654
5017,5017,5024,18455.0,69,90331183.43353271,77378804.20684814,262359272.9568481,84758156.77642822
5018,5018,5025,19148.0,69,86398529.05273438,77765599.25079346,266271175.38452148,84842693.32885742
5019,5019,5026,18628.0,66,91622426.03302002,77310481.07147217,288897112.8463745,83571647.64404297
5020,5020,5027,18360.0,76,93134149.5513916,76172210.69335938,236146822.92938232,85092496.87194824
5021,5021,5028,18140.0,67,86971835.13641357,74041004.1809082,280824961.6622925,79440073.96697998
5022,5022,5029,18178.0,69,80986002.9220581,72165069.58007812,257339585.30426025,83382217.40722656
5023,5023,5030,19210.0,70,92389457.70263672,78316341.40014648,240052871.7041016,87246135.71166992
5024,5024,5031,18539.0,69,77553457.26013184,75262369.15588379,245228143.6920166,85592678.07006836
5025,5025,5032,18836.0,72,90540192.60406494,76383194.92340088,268573326.11083984,85692197.79968262
5026,5026,5033,18566.0,86,93783290.86303712,76918512.34436035,283462753.29589844,88011559.48638916
5027,5027,5034,18031.0,67,83837546.34857178,81360111.23657227,226306091.30859372,90964178.08532716
5028,5028,5035,18093.0,64,94164287.56713869,79138172.1496582,255240287.7807617,91983829.49829102
5029,5029,5036,18198.0,66,94568670.27282716,78484852.79083252,231974422.454834,86181210.5178833
5030,5030,5037,18301.0,63,91709476.47094728,77382015.22827148,244016757.9650879,86463214.87426758
5031,5031,5038,18634.0,65,92364612.5793457,78881058.69293213,257212963.10424805,87040695.19042969
5032,5032,5039,18665.0,65,87536361.69433594,78684398.65112305,274223262.78686523,85702585.22033691
5033,5033,5040,19147.0,76,84161175.72784424,79163457.8704834,276077422.1420288,87839603.42407227
5034,5034,5041,18783.0,66,89928722.3815918,77967735.29052734,260982528.68652344,84524826.04980469
5035,5035,5042,19028.0,66,86367507.93457031,77783336.6394043,247836299.89624023,85811046.6003418
5036,5036,5043,18917.0,67,87098265.64788818,79074457.1685791,252961580.2764893,86680547.7142334
5037,5037,5044,18810.0,65,86160165.78674316,77489633.56018066,273281993.8659668,86719064.71252441
5038,5038,5045,18988.0,74,79274351.11999512,76405531.88323975,278075917.2439575,87308937.0727539
5039,5039,5046,18853.0,65,85630407.33337402,79486236.57226562,267968887.3291016,87672756.19506836
5040,5040,5047,18942.0,66,88430568.69506836,80346485.13793945,260902690.8874512,90214908.59985352
5041,5041,5048,18776.0,65,74371753.69262695,78474460.60180664,242543251.0375977,85778503.41796875
5042,5042,5049,18928.0,66,70347663.87939453,77225873.94714355,249799497.6043701,85778238.29650879
5043,5043,5050,18892.0,65,77863973.61755371,80173774.71923828,250075582.5042725,87981441.49780273
5044,5044,5051,18897.0,70,70419442.17681885,77840893.74542236,260704433.4411621,85451970.10040283
5045,5045,5052,18868.0,70,73486885.07080078,76554097.17559814,264071729.66003415,83360634.80377197
5046,5046,5053,18558.0,71,75831914.9017334,76952739.71557617,264077590.9423828,83828370.09429932
5047,5047,5054,18981.0,76,81460303.30657959,78941562.65258789,277526858.32977295,88449483.87145996
5048,5048,5055,18945.0,69,69407110.2142334,77065006.25610352,248549354.55322263,85487703.32336426
5049,5049,5056,18266.0,66,63488029.47998047,71503046.0357666,277857580.1849365,81329225.54016113
5050,5050,5057,19449.0,81,88137751.57928467,84214736.93847656,309701933.8607788,95708247.18475342
5051,5051,5058,19199.0,66,94870500.5645752,84525472.64099121,294339691.1621094,93779160.49957275
5052,5052,5059,18681.0,78,83538215.63720703,74922254.56237793,269467852.59246826,82541908.26416016
5053,5053,5060,19110.0,82,73237285.61401367,75865737.91503906,241654620.1705933,85905371.66595459
5054,5054,5061,18969.0,81,80508206.36749268,77646107.67364502,269005203.2470703,84651297.5692749
5055,5055,5062,18871.0,68,80882765.7699585,75001815.79589844,242956418.99108887,84990613.93737793
5056,5056,5063,18959.0,66,87935672.76000977,75688438.41552734,264437381.7443848,83418258.66699219
5057,5057,5064,18973.0,66,82124061.58447266,76938304.90112305,271913024.9023437,85516307.83081055
5058,5058,5065,18735.0,65,78673496.24633789,73532417.29736328,254248863.22021484,83470163.34533691
5059,5059,5066,18830.0,75,84938614.84527588,75329303.74145508,283752121.925354,83630221.36688232
5060,5060,5067,18865.0,74,82565751.07574463,78670615.19622803,262140614.5095825,86221238.1362915
5061,5061,5068,18792.0,69,93319381.7138672,75901357.65075684,309469055.17578125,90452466.96472168
5062,5062,5069,18625.0,71,83529699.32556152,74672184.94415283,281314842.2241211,81539959.90753174
5063,5063,5070,19048.0,69,82376502.99072266,79050369.26269531,273767345.4284668,89679195.40405273
5064,5064,5071,18241.0,79,87218437.19482422,82027874.94659424,275888026.2374878,89224507.33184814
5065,5065,5072,17713.0,69,88285347.9385376,80742787.36114502,274612884.5214844,90869440.07873537
5066,5066,5073,17857.0,69,90029235.83984375,76657244.68231201,250566919.32678223,84158394.8135376
5067,5067,5074,17903.0,68,80800630.56945801,73463106.15539551,250717372.8942871,82720224.38049316
5068,5068,5075,17914.0,70,81126692.77191162,75522838.5925293,276864823.3413696,85881017.68493652
5069,5069,5076,18170.0,75,85258176.80358887,76313922.88208008,254822679.5196533,86588301.65863037
5070,5070,5077,19448.0,84,96105628.96728516,75140310.28747559,255181051.2542725,83577581.40563965
5071,5071,5078,17854.0,83,81732024.19281006,73586702.34680176,251709789.27612305,85468576.43127441
5072,5072,5079,18199.0,70,91841940.87982178,74678099.63226318,304130218.5058594,82744842.52929688
5073,5073,5080,18856.0,68,93546161.65161131,78339142.79937744,254493648.52905276,88363114.35699463
5074,5074,5081,19027.0,75,89217902.18353271,77980708.12225342,262627964.9734497,85716701.50756836
5075,5075,5082,18900.0,65,92862926.4831543,77802410.12573242,294296470.64208984,86905807.49511719
5076,5076,5083,18740.0,76,89529785.15625,78307535.17150879,291041919.70825195,84709433.55560303
5077,5077,5084,18686.0,66,83987205.5053711,79035472.86987305,275301891.3269043,88409324.6459961
5078,5078,5085,18734.0,67,84806037.90283203,79628839.49279785,272881618.49975586,84429018.02062988
5079,5079,5086,18439.0,71,83517752.6473999,78487341.88079834,283705712.3184204,87325529.09851074
5080,5080,5087,18309.0,64,85852382.65991211,79116939.54467773,259348987.5793457,86170425.41503906
5081,5081,5088,18245.0,69,86457968.71185303,81258932.11364746,289509197.2351074,91502767.5628662
5082,5082,5089,18417.0,73,71119514.46533203,72468515.39611816,265188056.9458008,80724546.43249512
5083,5083,5090,18878.0,78,83246153.83148193,73783420.56274414,275228361.12976074,83342850.68511963
5084,5084,5091,18757.0,72,94549483.29925536,76168784.14154053,279037457.4661255,83277458.19091797
5085,5085,5092,18645.0,66,93780946.73156738,76461535.45379639,290497287.75024414,85977516.1743164
5086,5086,5093,18783.0,81,94064213.75274658,76152577.40020752,275554116.2490845,85020433.42590332
5087,5087,5094,19128.0,68,98651943.20678712,76511460.30426025,280577087.4023437,86208168.98345947
5088,5088,5095,18784.0,65,96980934.1430664,77791496.27685547,293670082.0922852,85837791.4428711
5089,5089,5096,18741.0,73,95214574.81384276,80373007.77435303,295130656.2423706,90851944.92340088
5090,5090,5097,17747.0,71,76900607.10906982,77623802.1850586,278227993.0114746,86437387.46643066
5091,5091,5098,17578.0,61,78710609.43603516,76107776.6418457,276862640.3808594,85465564.7277832
5092,5092,5099,18082.0,67,79305152.8930664,75905057.90710449,248771947.86071777,84737398.14758301
5093,5093,5100,19066.0,68,86549345.01647949,77613521.57592773,262505088.80615237,86374290.4663086
5094,5094,5101,18899.0,66,82671928.40576172,77485435.48583984,269051902.7709961,84594493.8659668
5095,5095,5102,18864.0,65,83977268.21899414,76716552.734375,268906265.25878906,86909889.2211914
5096,5096,5103,18400.0,75,80290198.32611084,79091704.36859131,258443679.8095703,91159939.76593018
5097,5097,5104,18171.0,69,82660961.15112305,75422576.90429688,295020038.6047363,88876346.58813477
5098,5098,5105,18423.0,70,90036294.93713379,74774291.9921875,250762161.2548828,83873178.48205566
5099,5099,5106,18208.0,77,86943855.28564453,73998778.34320068,271834152.2216797,84226124.76348877
5100,5100,5107,18745.0,72,68316609.3826294,81067036.62872314,303294017.79174805,92317011.83319092
5101,5101,5108,18302.0,64,82707202.91137695,80678962.70751953,261066474.9145508,89127464.2944336
5102,5102,5109,18734.0,84,73690866.47033691,77796211.24267578,279294522.2854614,90261939.04876707
5103,5103,5110,18487.0,68,95190851.21154784,86411962.50915527,297601406.0974121,95895055.77087402
5104,5104,5111,18281.0,64,87608245.84960938,82231105.80444336,331923568.72558594,93911277.7709961
5105,5105,5112,18092.0,71,82439817.42858887,77951508.52203369,275130852.6992798,86685400.96282959
5106,5106,5113,18799.0,73,84866685.86730957,73146213.53149414,257735584.2590332,87901958.46557617
5107,5107,5114,18501.0,77,78157734.87091064,72574740.40985107,258991051.6738892,80724452.0187378
5108,5108,5115,18707.0,76,92920705.79528809,76817852.97393799,265415290.83251956,84638267.51708984
5109,5109,5116,18542.0,70,85004871.3684082,75156239.50958252,285254703.5217285,84340304.37469482
5110,5110,5117,18324.0,68,78806253.43322754,75556057.92999268,268801017.76123047,85361377.71606445
5111,5111,5118,18728.0,69,89404706.95495605,80523889.54162598,271045632.3623657,89141312.59918213
5112,5112,5119,18746.0,77,81072714.80560303,75797237.39624023,265550136.5661621,83478635.78796387
5113,5113,5120,18742.0,76,56308828.35388184,74174571.03729248,228030618.6676025,83979431.15234375
5114,5114,5121,19582.0,79,97473375.32043456,84004096.03118896,352221284.866333,94046661.37695312
5115,5115,5122,19275.0,67,73163417.81616211,77161071.77734375,291936847.6867676,89617671.96655273
5116,5116,5123,18642.0,80,43613337.51678467,72164581.29882812,201329262.73345947,81290246.00982666
5117,5117,5124,19150.0,77,42963000.29754639,67799688.3392334,172729339.59960938,73280452.72827148
5118,5118,5125,19337.0,70,71109943.38989258,75831707.95440674,261650760.6506348,84550976.75323486
5119,5119,5126,18811.0,68,56435750.96130371,69289652.82440186,254771108.6273193,79349370.00274658
5120,5120,5127,19467.0,75,71304415.70281982,77450667.38128662,268750366.2109375,88409652.70996094
5121,5121,5128,18638.0,73,62068810.46295166,71286414.14642334,257053534.50775144,76507628.44085693
5122,5122,5129,19610.0,80,57734578.1326294,73518997.19238281,256043677.3300171,84524309.1583252
5123,5123,5130,19124.0,73,49831098.55651856,71961054.80194092,221752046.585083,79435869.21691895
5124,5124,5131,19238.0,76,80037519.45495605,73651650.42877197,317745965.0039673,83036923.4085083
5125,5125,5132,18721.0,69,63248760.22338867,66169324.87487793,236700218.2006836,70698322.29614258
5126,5126,5133,18769.0,91,61572023.39172363,61463447.57080078,234509706.4971924,68561660.76660156
5127,5127,5134,18524.0,73,60854169.845581055,61971037.86468506,212262525.55847168,65468922.61505127
5128,5128,5135,18114.0,69,51101699.82910156,61077563.28582764,209724826.8127441,69193165.77911377
5129,5129,5136,17706.0,65,57598276.138305664,62794593.81103516,206842699.0509033,66935966.49169922
5130,5130,5137,17898.0,69,62067513.46588135,65673309.32617188,258178183.55560303,74138844.49005127
5131,5131,5138,16967.0,67,49903020.85876465,60675939.55993652,192632379.53186035,64744506.8359375
5132,5132,5139,17493.0,63,51578153.61022949,62530549.04937744,225982593.53637692,69269770.62225342
5133,5133,5140,18995.0,79,68844526.29089355,65705742.835998535,230346666.3360596,73397296.90551758
5134,5134,5141,18615.0,68,76265397.07183838,67649636.26861572,256389506.3400269,76340149.87945557
5135,5135,5142,18912.0,73,74127892.49420166,67974397.65930176,232871515.27404785,74590898.51379395
5136,5136,5143,18853.0,65,70284042.35839844,67582489.01367188,275019226.07421875,75341075.8972168
5137,5137,5144,18852.0,65,54009535.78948975,66264122.96295166,210960506.43920895,73138461.11297607
5138,5138,5145,18612.0,67,64142170.906066895,65187717.43774414,257233495.71228027,72213804.24499512
5139,5139,5146,18601.0,64,60989028.93066406,65231815.338134766,223434780.1208496,70146629.3334961
5140,5140,5147,18517.0,74,52583886.14654541,63456969.26116943,217460575.10375977,72259726.52435303
5141,5141,5148,18375.0,69,63557662.01019287,65726489.06707764,211910042.76275635,70904554.36706543
5142,5142,5149,18203.0,67,57992696.76208496,65493341.44592285,204177203.17840576,71829314.23187256
5143,5143,5150,18472.0,66,53631359.1003418,65065642.35687256,192982242.5842285,69139105.79681396
5144,5144,5151,18903.0,76,68885995.86486816,67355978.96575928,257647575.378418,77638654.7088623
5145,5145,5152,18431.0,73,79963933.94470215,69431293.48754883,234440062.52288815,75822895.05004883
5146,5146,5153,18397.0,78,71937864.30358887,69664270.40100098,234564798.3551025,78859054.56542969
5147,5147,5154,17946.0,81,63137327.19421387,65958062.17193604,220214954.3762207,72483876.22833252
5148,5148,5155,18334.0,69,60088529.58679199,66221648.21624756,204814517.97485352,74953320.50323486
5149,5149,5156,17828.0,64,54675003.05175781,65652428.62701416,205763850.2120972,70359271.04949951
5150,5150,5157,17695.0,68,56581402.77862549,65967144.96612549,193625259.3994141,71942324.6383667
5151,5151,5158,17909.0,63,64463569.64111328,64436730.38482666,233994377.13623047,70089713.09661865
5152,5152,5159,18606.0,67,80443269.72961426,65143641.47186279,252368118.2861328,71395748.13842773
5153,5153,5160,18336.0,67,59019737.24365234,64591731.07147217,220567283.6303711,70508969.3069458
5154,5154,5161,19146.0,80,72400226.59301758,69412479.40063477,232929481.5063477,78016517.63916016
5155,5155,5162,19111.0,82,90509617.80548096,76584236.14501953,274758138.6566162,84503651.61895752
5156,5156,5163,19169.0,72,79014641.76177979,71175827.9800415,302084121.7041016,84275793.07556152
5157,5157,5164,18637.0,79,74036308.28857422,75188991.54663086,247480935.09674072,82083293.91479492
5158,5158,5165,18160.0,73,81443247.79510498,76399537.08648682,281655447.9598999,82770705.2230835
5159,5159,5166,18009.0,65,70035660.74371338,71977876.66320801,234174672.12677,79475673.67553711
5160,5160,5167,18406.0,75,55559359.55047608,65226028.44238281,229682144.16503903,73933768.2723999
5161,5161,5168,18077.0,67,54147507.667541504,63458886.14654541,241026617.0501709,70399580.00183105
5162,5162,5169,18317.0,85,46280300.14038086,63998567.58117676,209356595.03936768,72991514.20593262
5163,5163,5170,19626.0,88,80682280.54046631,77599473.95324707,331537779.80804443,85816512.10784912
5164,5164,5171,19233.0,70,92625419.61669922,79301808.35723877,310054815.2923584,89984619.140625
5165,5165,5172,18862.0,71,85128086.09008789,77907105.44586182,269302091.59851074,83208826.06506348
5166,5166,5173,18862.0,71,63034905.43365479,67610421.1807251,233331919.67010495,80941909.79003906
5167,5167,5174,18696.0,69,91600901.60369872,78415661.81182861,291101209.6405029,84454747.2000122
5168,5168,5175,18521.0,66,96294150.35247804,77908538.81835938,342022963.52386475,85527261.73400879
5169,5169,5176,19113.0,78,95936709.4039917,79726523.39935303,319410187.72125244,86028886.79504395
5170,5170,5177,18952.0,69,77295484.54284668,71287225.7232666,284158529.2816162,84396768.56994629
5171,5171,5178,18816.0,71,83439382.55310059,79163718.22357178,287679111.4807129,88596856.11724854
5172,5172,5179,18866.0,70,80004731.17828369,77447080.61218262,271431911.46850586,88019182.2052002
5173,5173,5180,18680.0,69,74183942.7947998,68360299.1104126,249832574.84436035,78668887.1383667
5174,5174,5181,18386.0,68,69851634.97924805,67043384.55200195,258775519.3710327,72908024.78790283
5175,5175,5182,18262.0,68,65021343.23120117,64721009.25445557,240008697.5097656,70123761.17706299
5176,5176,5183,18803.0,74,61688686.37084961,63670468.3303833,909873499.8703004,69185810.08911133
5177,5177,5184,17853.0,71,53469293.59436035,61380438.80462647,210613854.40826416,66701862.33520508
5178,5178,5185,17770.0,64,58022834.77783203,60017200.4699707,278207145.690918,64227581.02416992
5179,5179,5186,17587.0,63,37101367.95043945,59546524.04785156,167604972.83935547,63151390.0756836
5180,5180,5187,17853.0,68,43598610.87799072,59767827.9876709,196244694.70977783,65149148.94104004
5181,5181,5188,18317.0,78,50345222.47314453,61789423.94256592,203834031.1050415,66785771.36993408
5182,5182,5189,17979.0,65,60705253.60107422,62194945.33538818,220928382.8735352,68188607.21588135
5183,5183,5190,18055.0,77,66544809.34143066,63668238.63983154,239743805.8853149,72303166.38946533
5184,5184,5191,18136.0,63,68275856.0180664,64666446.685791016,305239799.4995117,74107074.73754883
5185,5185,5192,18162.0,70,65103083.61053467,65313654.89959717,249198468.208313,72835562.70599365
5186,5186,5193,17715.0,72,49304450.98876953,60393432.6171875,196405471.8017578,66308471.6796875
5187,5187,5194,17347.0,65,48835283.27941895,60121757.50732422,215433952.33154297,66345375.06103516
5188,5188,5195,18038.0,74,59278120.04089356,63509344.10095215,233807075.50048828,69590156.55517578
5189,5189,5196,18037.0,73,62591753.95965576,63290779.11376953,255543022.1557617,71580542.56439209
5190,5190,5197,17633.0,72,43552552.22320557,61336869.23980713,166474641.79992676,65718201.63726807
5191,5191,5198,17718.0,70,56057946.20513916,62498948.09722901,235218902.58789065,70610290.52734375
5192,5192,5199,17854.0,64,59709611.8927002,62901158.33282471,241772762.298584,69851067.54302979
5193,5193,5200,18435.0,86,47985196.113586426,62713993.072509766,197152353.2867432,69968002.31933594
5194,5194,5201,18712.0,72,60764177.322387695,73316614.15100098,274864776.6113281,85048361.77825928
5195,5195,5202,19508.0,88,109048810.005188,85502876.28173828,402128673.5534668,97041365.62347412
5196,5196,5203,19716.0,69,116026622.7722168,88086390.4953003,373495803.8330078,97736183.1665039
5197,5197,5204,19563.0,82,106684798.24066162,89504153.25164795,364688321.1135864,109701618.19458008
5198,5198,5205,18455.0,90,99494409.56115724,85382374.76348877,318390237.80822754,97567210.19744872
5199,5199,5206,18300.0,63,111346218.10913086,91320693.96972656,361180366.5161133,101911502.83813477
5200,5200,5207,18764.0,70,108145168.30444336,91302787.78076172,356686456.68029785,106951017.37976074
5201,5201,5208,18842.0,83,96106761.93237305,84235574.72229004,362270316.1239624,108003720.2835083
5202,5202,5209,19613.0,78,111794721.60339355,90030043.60198975,380398171.4248657,102832201.95770264
5203,5203,5210,19019.0,69,120177315.7119751,90791037.55950928,340955985.0692749,99685605.0491333
5204,5204,5211,18420.0,73,101346839.90478516,82743724.82299805,326346268.6538696,93408451.08032228
5205,5205,5212,18577.0,88,93619285.5834961,87987736.70196533,337364694.5953369,101008090.9729004
5206,5206,5213,18004.0,76,105107430.45806883,87749034.8815918,347259172.4395752,96220296.8597412
5207,5207,5214,18435.0,83,91175629.61578368,84347980.49926758,346987201.6906738,97448478.69873048
5208,5208,5215,18542.0,65,93812882.42340088,90246941.56646729,315736640.9301758,99663321.49505617
5209,5209,5216,18461.0,63,102393115.99731444,86963413.23852539,359755535.1257324,103080871.58203124
5210,5210,5217,17799.0,72,57319815.63568115,65065456.39038086,245395851.1352539,79547892.5704956
5211,5211,5218,17825.0,67,77919172.2869873,67921346.66442871,228317140.57922363,75137228.96575928
5212,5212,5219,17399.0,66,65852962.49389648,63849656.105041504,266130559.92126465,71052944.18334961
5213,5213,5220,17738.0,77,49232513.427734375,58346041.67938232,187615542.4118042,64350522.0413208
5214,5214,5221,17874.0,68,58604063.98773193,58928433.418273926,202983353.61480716,63293148.040771484
5215,5215,5222,17734.0,74,64546102.52380371,59825534.82055664,214934181.2133789,66898543.35784912
5216,5216,5223,17463.0,67,57835163.11645508,58747614.86053467,210381019.5922852,64030002.59399414
5217,5217,5224,18321.0,79,59118585.58654785,60811552.04772949,236939955.71136475,68065250.39672852
5218,5218,5225,18521.0,79,72604156.49414062,61480648.9944458,242102759.3612671,66983824.72991943
5219,5219,5226,18028.0,67,60679591.17889404,59635996.81854248,216318256.37817383,66284621.238708496
5220,5220,5227,18267.0,67,58279395.10345459,59093760.49041748,225727215.76690677,63865375.51879883
5221,5221,5228,17987.0,75,50887286.18621826,58427892.68493652,202941660.88104248,65299585.34240723
5222,5222,5229,17454.0,66,61526879.31060791,58353572.84545898,220543107.03277588,62817824.363708496
5223,5223,5230,17323.0,64,62605896.94976807,57808756.828308105,220565310.47821045,66000684.73815918
5224,5224,5231,17633.0,71,61937333.10699463,59579869.27032471,221966718.67370605,64064576.14898682
5225,5225,5232,17424.0,62,55111042.9763794,59016536.71264648,219287284.85107425,66008768.08166504
5226,5226,5233,17273.0,69,64099400.52032471,59405992.50793457,234866709.70916748,65194117.54608154
5227,5227,5234,17284.0,60,64249683.38012695,60066276.55029297,233782630.92041016,68738487.24365234
5228,5228,5235,17798.0,67,57003658.29467773,63580455.7800293,229011718.75,69556194.30541992
5229,5229,5236,17389.0,77,50681427.95562744,60156436.920166016,206313530.92193604,67612636.56616211
5230,5230,5237,17075.0,60,59462589.263916016,58100402.83203125,228638734.81750488,62585723.876953125
5231,5231,5238,16878.0,68,42683024.40643311,57214538.57421875,175738743.78204346,62554392.81463623
5232,5232,5239,17856.0,71,51354326.24816895,59646968.841552734,228520087.2421265,67039146.42333984
5233,5233,5240,17649.0,67,67032793.99871826,61264507.29370117,240628299.7131348,68868156.43310547
5234,5234,5241,17758.0,70,72105254.17327881,59664361.00006104,231112928.39050293,65541007.99560547
5235,5235,5242,17211.0,62,67229439.7354126,58507488.25073242,224616418.83850095,65600291.25213623
5236,5236,5243,17125.0,66,58336537.36114502,57550142.28820801,206864489.5553589,62781774.52087402
5237,5237,5244,17029.0,65,68439237.59460449,58249238.96789551,225054701.80511475,66435263.63372803
5238,5238,5245,17888.0,65,69376175.88043213,63791931.15234375,252151758.19396973,73295688.62915039
5239,5239,5246,17809.0,68,87387346.2677002,76236550.33111572,260003241.53900144,85371441.84112549
5240,5240,5247,17586.0,59,87412982.94067383,76643165.5883789,254227535.24780276,84382850.64697266
5241,5241,5248,17828.0,68,90640335.0830078,79106416.70227051,246381017.6849365,89207056.99920654
5242,5242,5249,17633.0,66,88770456.31408691,82167857.17010498,282519050.59814453,91769539.83306883
5243,5243,5250,17176.0,68,86216732.9788208,79232530.59387207,256790460.58654785,90263553.61938477
5244,5244,5251,17235.0,60,81434417.72460938,75770853.04260254,225338733.6730957,83286979.67529297
5245,5245,5252,17337.0,64,82453912.73498535,76149996.75750732,258609447.47924805,81798750.87738037
5246,5246,5253,18091.0,71,87997994.4229126,76809493.06488037,235625165.93933105,85126058.57849121
5247,5247,5254,17654.0,79,92082220.07751463,78537343.97888184,237399759.2926025,85289048.19488525
5248,5248,5255,17494.0,62,89204507.82775879,79628059.38720703,253083265.30456543,88734588.62304688
5249,5249,5256,17740.0,68,88612636.56616211,83221047.40142822,253081410.40802,90872975.34942628
5250,5250,5257,17757.0,66,72340926.17034912,73608974.45678711,222352405.5480957,79094668.3883667
5251,5251,5258,16526.0,65,69124299.04937744,62395661.35406494,209790796.27990723,68332411.76605225
5252,5252,5259,17267.0,66,60560656.54754639,64083964.34783936,216751884.4604492,70036475.18157959
5253,5253,5260,16996.0,61,56769672.39379883,63326034.54589844,202704545.97473145,68860824.58496094
5254,5254,5261,16678.0,59,66420179.36706543,62940361.02294922,255133051.87225345,69913735.38970947
5255,5255,5262,17154.0,65,65283502.57873535,65591656.68487549,231191722.86987305,73224143.9819336
5256,5256,5263,18605.0,73,63333803.17687988,69064333.91571045,470471515.6555176,79311400.41351318
5257,5257,5264,18871.0,71,65298065.18554688,70818792.34313965,217662654.87670895,78567261.69586182
5258,5258,5265,18695.0,69,55364421.84448242,71700218.2006836,250638950.3479004,81917354.58374023
5259,5259,5266,18729.0,75,62006673.81286621,67573402.40478516,232203512.1917725,74283936.50054932
5260,5260,5267,18369.0,75,68858146.66748047,65119455.337524414,214815244.67468265,73131124.49645996
5261,5261,5268,18256.0,62,61803703.30810547,67192741.39404297,265262580.87158203,77022605.8959961
5262,5262,5269,18675.0,65,91354774.47509766,72196650.50506592,272149684.90600586,80818810.46295166
5263,5263,5270,18946.0,76,94233863.8305664,74322304.72564697,268649085.9985352,81242885.58959961
5264,5264,5271,18749.0,69,86940245.62835693,76328742.98095703,248926940.91796875,84795092.58270264
5265,5265,5272,18746.0,88,92363117.21801758,73377684.59320068,270712910.65216064,84878643.98956299
5266,5266,5273,18807.0,66,93616939.54467772,73992576.5991211,263789852.142334,83153636.93237305
5267,5267,5274,19054.0,75,96447979.927063,76739114.76135254,241912297.24884036,85287084.57946777
5268,5268,5275,18737.0,67,92865890.50292967,73361764.90783691,290656604.7668457,84332860.94665527
5269,5269,5276,18890.0,65,94594757.08007812,75201850.89111328,242472785.94970703,83334075.92773438
5270,5270,5277,19005.0,65,91147937.7746582,79766452.78930664,262902626.0375977,91943477.63061523
5271,5271,5278,18846.0,65,97797326.08795166,78949289.32189941,255642980.57556152,87889919.28100586
5272,5272,5279,18865.0,68,97860741.6152954,76316478.72924805,262326690.67382807,85390678.40576172
5273,5273,5280,18755.0,74,98481820.10650636,74274680.13763428,310916986.4654541,82805869.10247803
5274,5274,5281,19189.0,75,100381085.395813,76455244.06433105,241926666.2597656,88209349.63226318
5275,5275,5282,18380.0,71,97488411.90338136,76800744.05670166,265930961.60888672,84718168.25866699
5276,5276,5283,19215.0,71,99049230.57556152,77976936.34033203,278926135.0631714,86763000.48828125
5277,5277,5284,18526.0,64,97639991.7602539,75520465.85083008,233414268.49365237,85115173.33984375
5278,5278,5285,18020.0,79,92702711.10534668,77893071.17462158,256095481.8725586,91022078.51409912
5279,5279,5286,18577.0,81,92120741.84417725,79215510.36834717,273114221.572876,88933672.90496826
5280,5280,5287,17267.0,72,99564807.8918457,71333376.88446045,260755781.17370605,85565334.32006836
5281,5281,5288,18108.0,71,95866326.33209229,75533390.04516602,277544748.3062744,84730813.98010254
5282,5282,5289,18686.0,77,100226949.69177246,77900973.32000732,279517366.40930176,88030757.90405273
5283,5283,5290,18179.0,68,96332491.87469482,75954425.81176758,279399969.10095215,83875991.82128906
5284,5284,5291,18758.0,71,97529290.1992798,76649054.52728271,294949666.9769287,88840115.54718018
5285,5285,5292,18388.0,68,97490701.67541504,75432663.9175415,276770715.713501,84407753.94439697
5286,5286,5293,18109.0,73,97806411.74316406,78178674.69787598,269212663.6505127,90873929.977417
5287,5287,5294,18554.0,63,99369904.51812744,81106622.69592285,266843296.0510254,88968608.85620117
5288,5288,5295,18231.0,61,96630558.01391602,79551223.75488281,256300300.59814453,90375045.7763672
5289,5289,5296,18249.0,62,93559448.2421875,82220115.6616211,266346462.24975583,93167739.86816406
5290,5290,5297,18289.0,67,97397764.20593262,77233687.40081787,269319412.2314453,93604981.42242432
5291,5291,5298,18246.0,68,98683187.4847412,78403943.06182861,255536066.05529785,88133444.78607178
5292,5292,5299,18416.0,62,97410923.0041504,77909553.52783203,285455646.5148926,89818317.41333008
5293,5293,5300,18127.0,67,97688785.55297852,76135187.14904785,307318224.9069214,85772294.04449463
5294,5294,5301,18174.0,74,97560924.5300293,78249991.41693115,276040831.56585693,88192083.35876465
5295,5295,5302,18145.0,74,91465170.86029053,79575776.10015869,252604157.4478149,92568465.23284912
5296,5296,5303,17995.0,65,83697759.6282959,79453401.56555176,265660053.25317383,92983222.00775146
5297,5297,5304,17757.0,67,94356715.20233154,75961281.77642822,243770946.50268555,84641928.67279053
5298,5298,5305,18230.0,74,98710669.51751707,78180063.24768066,280967923.1643677,89057166.09954834
5299,5299,5306,19006.0,75,100848853.11126707,78126646.04187012,291758970.2606201,85884836.19689941
5300,5300,5307,18453.0,66,97380839.34783936,76990340.23284912,291098901.7486572,88422570.22857666
5301,5301,5308,17656.0,70,96494383.81195068,77343651.77154541,281796360.01586914,85664027.2140503
5302,5302,5309,18461.0,67,94906256.6757202,78307153.70178223,262837078.0944824,89181594.84863281
5303,5303,5310,18204.0,70,96665966.03393556,80964670.18127441,275097175.59814453,88919178.96270752
5304,5304,5311,18163.0,64,94006332.39746094,71730526.9241333,309811458.5876465,82735615.73028564
5305,5305,5312,18553.0,72,93929368.019104,75391841.88842773,282195708.2748413,86356807.70874023
5306,5306,5313,18480.0,65,98222679.1381836,76049095.1538086,257736976.6235352,86218576.43127441
5307,5307,5314,18414.0,76,93676127.43377686,75394884.10949707,314453301.42974854,84427669.52514648
5308,5308,5315,18011.0,70,91895315.17028809,71532773.97155762,285612265.586853,82843708.9920044
5309,5309,5316,18375.0,72,98327320.09887695,76924203.87268066,269577721.59576416,88122598.64807129
5310,5310,5317,18040.0,65,97785472.86987305,75528228.75976562,265856708.52661133,86378740.31066895
5311,5311,5318,18365.0,67,98081515.31219482,75607333.18328857,288766078.9489746,85990803.7185669
5312,5312,5319,18335.0,80,95271868.70574953,75214758.87298584,296402953.1478882,84820776.93939209
5313,5313,5320,18292.0,70,95338010.78796388,73268833.16040039,305601451.8737793,85129586.2197876
5314,5314,5321,18708.0,65,96644478.7979126,81955271.72088623,298004520.41625977,95213755.60760498
5315,5315,5322,18600.0,65,97242156.98242188,82764816.28417969,269053169.2504883,93435379.02832033
5316,5316,5323,18600.0,62,96985530.85327148,80205631.25610352,331446647.64404297,91432285.30883788
5317,5317,5324,18416.0,64,95175846.09985352,78832069.39697266,280640495.30029297,90783485.41259766
5318,5318,5325,18722.0,64,97212318.42041016,81081481.93359375,317349597.9309082,90571395.87402344
5319,5319,5326,18497.0,67,94976424.21722412,80117238.04473877,326156063.079834,88385163.30718994
5320,5320,5327,18201.0,61,89667371.74987793,76872070.3125,307039604.1870117,87179214.47753906
5321,5321,5328,18596.0,69,92350425.72021484,78541896.82006836,284973781.58569336,89303322.79205322
5322,5322,5329,18371.0,66,87367633.81958008,80082805.63354492,304727985.3820801,91483993.53027344
5323,5323,5330,18282.0,61,81319599.15161133,78728908.53881836,309181892.39501953,87305992.12646484
5324,5324,5331,18318.0,63,95751209.2590332,78322582.24487305,301134475.7080078,87058429.71801758
5325,5325,5332,18595.0,62,82369375.22888184,75779094.69604492,303593444.82421875,84649114.60876465
5326,5326,5333,18600.0,62,83059787.75024414,77348041.53442383,292893505.09643555,88237380.98144531
5327,5327,5334,18546.0,67,82062765.12145996,79386350.63171387,277047397.6135254,90536218.64318848
5328,5328,5335,18441.0,66,67616931.9152832,76658450.12664795,262110947.60894772,82227281.57043457
5329,5329,5336,18865.0,66,55247149.46746826,74372899.05548096,245937789.9169922,83242064.47601318
5330,5330,5337,18852.0,66,63734182.357788086,74095865.24963379,259197784.42382807,85174273.49090576
5331,5331,5338,18903.0,66,68240739.8223877,77323993.68286133,247184852.6000977,89319633.48388672
5332,5332,5339,18924.0,65,59985366.82128906,76818477.63061523,274795721.05407715,84720027.92358398
5333,5333,5340,18900.0,63,64968109.130859375,74770259.85717773,306931686.4013672,82938480.37719727
5334,5334,5341,18900.0,63,69784355.16357422,73539733.88671875,269790744.78149414,82556533.81347656
5335,5335,5342,18880.0,63,72295322.41821289,73823814.39208984,241382064.81933597,82681941.98608398
5336,5336,5343,18920.0,64,69198417.66357422,75623016.35742188,287671756.7443848,83296566.00952148
5337,5337,5344,18753.0,63,69801063.53759766,75535079.95605469,282609592.43774414,85632534.02709961
5338,5338,5345,19047.0,65,71848583.22143555,75484256.74438477,278755657.1960449,84175735.47363281
5339,5339,5346,18900.0,64,69400329.58984375,73711643.21899414,257675647.7355957,83283519.74487305
5340,5340,5347,18900.0,64,67245655.05981445,74789524.07836914,251131038.66577148,84013290.40527344
5341,5341,5348,18795.0,64,74342258.45336914,77030265.80810547,331280746.45996094,89056907.6538086
5342,5342,5349,17840.0,69,79179366.11175537,77989634.51385498,287444950.10375977,86653482.43713379
5343,5343,5350,17717.0,65,83752473.83117676,72357055.6640625,286027873.9929199,85619019.50836182
5344,5344,5351,18704.0,80,88121455.19256592,73211977.9586792,329341921.80633545,83762301.44500732
5345,5345,5352,18548.0,78,77922931.67114258,71939263.34381104,309792148.5900879,83749321.93756104
5346,5346,5353,18837.0,79,89629222.86987305,75472939.49127197,322598148.34594727,84341888.42773438
5347,5347,5354,18814.0,76,78138623.23760986,72745956.42089844,328411357.8796387,84464760.78033447
5348,5348,5355,18757.0,72,63210536.00311279,70537979.12597656,292046944.6182251,78167554.85534668
5349,5349,5356,18832.0,67,82201414.10827637,75374315.26184082,291189159.39331055,86574243.54553223
5350,5350,5357,18691.0,69,79431690.21606445,75719185.8291626,305653845.78704834,85014321.32720947
5351,5351,5358,19258.0,67,64239583.96911621,77508316.04003906,272287052.154541,91506076.81274414
5352,5352,5359,18673.0,64,59465139.389038086,73390213.96636963,274091805.45806885,81426757.8125
5353,5353,5360,19105.0,71,61196914.67285156,75534164.42871094,282209576.6067505,86065445.89996338
5354,5354,5361,18803.0,68,73357028.00750732,76890612.60223389,261971381.18743896,85942326.54571533
5355,5355,5362,18419.0,64,80517238.61694336,76084813.11798096,316897366.5237427,86454124.4506836
5356,5356,5363,18896.0,73,85290638.92364502,81742856.0256958,289277665.1382446,92255795.4788208
5357,5357,5364,18542.0,67,65395063.40026856,72884722.70965576,295999595.64208984,87412643.43261719
5358,5358,5365,18815.0,73,73936088.56201172,72191543.57910156,333260631.5612793,82826094.62738037
5359,5359,5366,19086.0,72,79276644.70672607,75225049.97253418,307463890.0756836,86985999.10736084
5360,5360,5367,18651.0,67,87770269.3939209,78533453.94134521,296765902.5192261,87410470.0088501
5361,5361,5368,18603.0,67,72685179.71038818,76658002.85339355,280738544.4641113,90003988.26599121
5362,5362,5369,19014.0,69,82925903.3203125,76595183.37249756,297439674.3774414,87529792.78564453
5363,5363,5370,18801.0,68,78539659.50012207,77341160.77423096,312523958.2061768,86740558.62426758
5364,5364,5371,18879.0,71,58630394.93560791,76557496.07086182,339126262.6647949,83911211.01379395
5365,5365,5372,19033.0,64,72657021.52252197,76303342.81921387,299700273.51379395,87302631.37817383
5366,5366,5373,18629.0,66,83947620.3918457,78305545.80688477,280402514.45770264,88989669.79980469
5367,5367,5374,19006.0,65,77195878.02886963,76156826.97296143,312918319.70214844,89817753.79180908
5368,5368,5375,18900.0,63,82196617.12646484,75802516.93725586,290197277.0690918,84489440.91796875
5369,5369,5376,18900.0,65,74837627.41088867,73596641.54052734,309779663.0859375,83236629.48608398
5370,5370,5377,18723.0,77,63649991.03546143,72732510.56671143,285709520.3399658,83937673.56872559
5371,5371,5378,18817.0,65,81517351.1505127,75238321.30432129,331144382.47680664,86179787.63580322
5372,5372,5379,18996.0,69,92262573.2421875,78678785.32409668,301499362.94555664,91279986.38153076
5373,5373,5380,18908.0,67,79509572.98278809,76146047.59216309,287492618.560791,88379505.1574707
5374,5374,5381,18900.0,63,90736198.42529295,76771831.51245117,261230278.01513672,87849712.37182617
5375,5375,5382,18900.0,63,92541217.80395508,75832843.78051758,309285736.0839844,87451171.875
5376,5376,5383,12346.0,162,55396689.41497803,52664605.14068604,263709438.3239746,62935015.67840576
5377,5377,5384,11214.0,45,84688477.51617432,59869361.877441406,307185815.8111572,68876213.07373047
5378,5378,5385,14531.0,81,100165940.284729,63505553.24554443,320231360.43548584,73997422.21832275
5379,5379,5386,16856.0,76,91026453.9718628,69942912.1017456,336655630.11169434,81104701.99584961
5380,5380,5387,18167.0,80,93449771.88110352,72544992.44689941,321672255.51605225,85682176.58996582
5381,5381,5388,18598.0,82,85288236.61804199,72154528.61785889,289683931.350708,86203493.11828613
5382,5382,5389,18600.0,62,88706874.84741211,73920822.14355469,211650753.02124023,86303901.67236328
5383,5383,5390,18600.0,62,88782978.05786133,71649456.02416992,344794464.1113281,83969020.84350586
5384,5384,5391,18788.0,71,94713183.40301514,71782629.01306152,303787237.1673584,82337437.6296997
5385,5385,5392,18900.0,63,88712596.89331055,71315002.44140625,304646873.4741211,84066581.72607422
5386,5386,5393,18684.0,63,88123775.48217773,70286834.71679688,306053592.6818848,79617786.4074707
5387,5387,5394,19116.0,67,83698127.74658203,73182575.22583008,309831813.81225586,85361938.4765625
5388,5388,5395,18900.0,65,89394046.78344727,71282661.43798828,303236560.8215332,84195579.5288086
5389,5389,5396,18900.0,63,93208694.4580078,70330238.34228516,279642105.10253906,79010009.765625
5390,5390,5397,18900.0,63,85544300.0793457,70056152.34375,300100421.9055176,78381443.02368164
5391,5391,5398,18896.0,63,81540740.96679688,67061580.65795898,286892826.08032227,77460357.66601562
5392,5392,5399,18460.0,66,68138187.40844727,64098470.68786621,253992034.91210935,70934083.93859863
5393,5393,5400,19035.0,68,77525954.246521,69370880.12695312,271395667.07611084,77518732.07092285
5394,5394,5401,18937.0,70,55972838.40179443,64736854.553222656,234513401.0314941,71645648.95629883
5395,5395,5402,18913.0,64,79124469.75708008,71438663.48266602,284916973.1140137,79890377.04467773
5396,5396,5403,19016.0,64,70860820.77026367,70294250.48828125,256468772.8881836,76273582.4584961
5397,5397,5404,18900.0,68,60085840.22521973,68569105.14831543,253034361.83929443,73869660.37750244
5398,5398,5405,18900.0,63,59977340.69824219,68327236.17553711,285263729.095459,74495029.44946289
5399,5399,5406,18714.0,63,66646030.42602539,67878582.00073242,248194496.1547852,75939130.78308105
5400,5400,5407,19086.0,65,68470888.13781738,68910913.46740723,253011898.04077148,76651771.54541016
5401,5401,5408,18900.0,63,54765415.19165039,67744159.69848633,230496883.392334,74227523.80371094
5402,5402,5409,18900.0,63,60817050.93383789,67914676.66625977,237816524.50561523,74199485.7788086
5403,5403,5410,18900.0,63,57767200.4699707,67984771.72851562,236956501.00708008,72802734.375
5404,5404,5411,18805.0,63,60395841.59851074,68047695.15991211,229275817.87109372,72849254.6081543
5405,5405,5412,18995.0,66,63782149.31488037,69461364.74609375,248951883.31604004,76151432.03735352
5406,5406,5413,17955.0,79,60778834.34295654,64203494.07196045,238234420.7763672,69168431.28204346
5407,5407,5414,17561.0,63,58519179.344177246,61968127.25067139,245169249.53460693,68474784.85107422
5408,5408,5415,18029.0,61,55768579.48303223,62158641.81518555,252364784.24072263,67630588.53149414
5409,5409,5416,17987.0,71,62730919.83795166,62030303.955078125,223937047.0046997,70710083.96148682
5410,5410,5417,18005.0,61,54274318.69506836,60840936.6607666,226628705.97839355,67392213.82141113
5411,5411,5418,19121.0,72,62938910.484313965,62463795.66192627,236658864.02130127,71715848.92272949
5412,5412,5419,18844.0,64,67316577.91137695,62240032.19604492,234488212.5854492,67581123.35205078
5413,5413,5420,18892.0,64,70916782.37915039,66064178.46679688,253973751.06811523,74596324.9206543
5414,5414,5421,18717.0,74,84013959.88464355,67123174.6673584,272515876.77001953,72426913.26141357
5415,5415,5422,18600.0,62,72711181.640625,65761756.896972656,295804023.7426758,74853229.52270508
5416,5416,5423,18894.0,65,69815433.50219727,66315184.59320068,300586659.4314575,73191581.72607422
5417,5417,5424,18801.0,71,73213950.15716553,67204787.2543335,265343745.2316284,75669538.4979248
5418,5418,5425,18296.0,66,71453098.29711914,65410654.06799317,241771533.96606445,71651753.42559814
5419,5419,5426,18172.0,64,73222485.54229736,66434567.45147705,272837831.4971924,74862083.4350586
5420,5420,5427,17603.0,64,67217208.86230469,64292470.93200684,244112290.38238525,69877115.24963379
5421,5421,5428,18535.0,73,75807849.8840332,64840048.78997803,279462982.1777344,76553756.71386719
5422,5422,5429,18460.0,62,76052223.2055664,63060085.29663086,268021060.94360352,74539665.22216797
5423,5423,5430,18909.0,68,68721034.0499878,61781668.6630249,276535599.7085571,72127610.206604
5424,5424,5431,18378.0,72,63331277.84729004,58573478.69873047,224339479.44641116,64825285.91156006
5425,5425,5432,17913.0,62,62022949.21875,55079296.11206055,271221462.24975586,61081298.828125
5426,5426,5433,18093.0,61,58922853.46984863,54785213.47045898,276368173.5992432,63235244.75097656
5427,5427,5434,18000.0,61,65861864.08996582,59010028.83911133,264014785.7666016,66927051.54418945
5428,5428,5435,18040.0,67,64084126.472473145,59794588.08898926,245890491.4855957,64684227.94342041
5429,5429,5436,18143.0,61,66740612.0300293,59943801.87988281,268356029.51049805,64101673.1262207
5430,5430,5437,18000.0,60,53635311.12670898,59116172.790527344,216044712.0666504,65974617.00439453
5431,5431,5438,18000.0,60,58064174.65209961,59042930.603027344,236576843.26171875,62021255.49316406
5432,5432,5439,18348.0,70,58723562.240600586,57858147.62115479,266097538.94805908,66209547.996521
5433,5433,5440,18436.0,67,49599752.42614746,56127352.714538574,251363756.1798096,59935153.00750733
5434,5434,5441,18003.0,62,59665606.49871826,57505411.14807129,228966341.97235107,66231691.36047363
5435,5435,5442,18050.0,64,66797981.26220703,58641649.24621582,237438776.01623532,63163299.56054688
5436,5436,5443,17991.0,62,50674664.49737549,58355907.44018555,240744930.267334,65134426.11694336
5437,5437,5444,18536.0,65,65843023.3001709,62174818.992614746,245824589.72930908,68685148.23913574
5438,5438,5445,18332.0,67,64450177.19268799,60799657.82165527,244358633.04138184,69515461.9216919
5439,5439,5446,18361.0,67,65371144.29473877,60606461.52496338,243370882.98797607,66275628.08990479
5440,5440,5447,18300.0,61,72366714.47753906,62122821.80786133,283402061.46240234,70831489.56298828
5441,5441,5448,17850.0,75,75091311.45477295,59905443.19152832,314033030.50994873,66592355.72814941
5442,5442,5449,18191.0,62,76135598.18267822,64292024.61242676,312032853.1265259,80297590.2557373
5443,5443,5450,17493.0,64,54339056.01501465,61588185.31036377,246835192.6803589,66491993.90411377
5444,5444,5451,18502.0,64,65920660.0189209,60807724.95269776,280180141.4489746,72911634.44519043
5445,5445,5452,18506.0,84,73798297.88208008,64981825.828552246,267395062.44659424,74094123.84033203
5446,5446,5453,18334.0,66,87450478.55377197,69116683.00628662,325938148.4985352,78034973.14453125
5447,5447,5454,18541.0,68,83887866.97387695,68915685.65368652,294539500.23651123,76263559.34143066
5448,5448,5455,18814.0,75,93799135.20812988,75723713.8748169,308986947.05963135,86193866.72973633
5449,5449,5456,18530.0,66,68017077.44598389,66350353.2409668,275160630.22613525,74334082.60345459
5450,5450,5457,18753.0,67,82738377.57110596,67803866.38641357,298845432.28149414,79274830.81817627
5451,5451,5458,18680.0,71,77877456.66503906,70368260.38360596,280543733.59680176,75965697.28851318
5452,5452,5459,18391.0,65,69799445.15228271,71355463.0279541,277423527.71759033,81495180.13000488
5453,5453,5460,18229.0,63,50532626.152038574,61263182.64007568,242277142.52471924,72446282.38677979
5454,5454,5461,17971.0,75,61952495.57495117,58570461.27319336,258922879.2190552,67993124.96185303
5455,5455,5462,18226.0,71,79651442.527771,66344197.2732544,357977904.3197632,73520256.04248047
5456,5456,5463,18245.0,61,93258237.83874512,68919267.65441895,313701782.2265625,79080772.39990234
5457,5457,5464,18144.0,73,88953260.42175293,71143149.37591553,309591586.1129761,81327382.08770752
5458,5458,5465,17609.0,68,56693911.5524292,61399697.30377197,264713090.89660645,76042544.3649292
5459,5459,5466,17820.0,75,47963993.072509766,59929369.92645264,241093433.38012692,64218176.84173584
5460,5460,5467,17700.0,59,62670993.80493164,63524723.05297852,247367763.5192871,75591945.64819336
5461,5461,5468,17700.0,59,63922119.140625,63459491.72973633,232553100.5859375,71454334.2590332
5462,5462,5469,17559.0,59,46799205.7800293,60318672.18017578,262666854.85839844,68447198.86779785
5463,5463,5470,18088.0,63,35927082.06176758,58908153.53393555,183772388.45825195,61946846.00830078
5464,5464,5471,18342.0,66,36100353.2409668,59783539.77203369,213442144.3939209,65587023.73504639
5465,5465,5472,18654.0,69,46673871.99401856,60342256.54602051,247375614.16625977,63507675.17089844
5466,5466,5473,18199.0,71,46486324.310302734,60802047.72949219,218245800.9719849,70139188.76647949
5467,5467,5474,18538.0,67,58404629.707336426,59816128.730773926,235710166.93115237,66493820.19042969
5468,5468,5475,18759.0,72,56613247.871398926,60931573.86779785,255542605.40008545,68376377.10571289
5469,5469,5476,18561.0,68,64742411.61346436,63067120.55206299,241719931.60247803,67001966.47644043
5470,5470,5477,18287.0,71,65503140.449523926,65163489.34173584,262591320.9915161,72522070.88470459
5471,5471,5478,17906.0,79,40743765.83099365,55976534.84344482,186892277.71759036,60677436.82861328
5472,5472,5479,19001.0,76,76581110.95428467,78410601.61590576,320602684.0209961,95069817.5430298
5473,5473,5480,18865.0,67,94643777.84729004,81035919.18945312,376433387.75634766,92152498.24523926
5474,5474,5481,19973.0,81,95548948.28796388,84907436.37084961,353284400.9399414,99216698.6465454
5475,5475,5482,20094.0,74,84705813.40789795,77955550.19378662,374095743.1793213,89903460.50262451
5476,5476,5483,20100.0,69,106644783.02001952,84566526.41296387,394272155.7617188,102728013.99230956
5477,5477,5484,20009.0,75,87071662.90283203,76811357.49816895,377857864.3798828,100349115.3717041
5478,5478,5485,20961.0,76,134544792.17529297,98548356.05621338,552631029.1290283,116519681.930542
5479,5479,5486,20250.0,85,102701839.44702148,81763600.34942627,412207284.92736816,102298109.05456544
5480,5480,5487,20182.0,81,114083258.6288452,85472969.05517578,425084045.41015625,103537677.76489258
5481,5481,5488,19840.0,86,86772737.50305176,76791300.7736206,383301304.8171997,95990445.13702393
5482,5482,5489,20227.0,82,98343104.3624878,81168040.27557373,370537056.9229126,96483209.60998537
5483,5483,5490,20135.0,83,82229619.9798584,75945908.54644775,364115151.4053345,85616773.60534668
5484,5484,5491,20221.0,83,91797683.71582033,78371441.84112549,469915292.73986816,103273369.78912354
5485,5485,5492,20390.0,79,107147552.49023438,90136281.01348875,414784419.0597534,106574981.68945312
5486,5486,5493,19003.0,86,87007726.66931152,65527216.91131592,330718532.56225586,83552503.58581543
5487,5487,5494,19640.0,97,96041938.78173828,85860774.04022217,366465221.4050293,99009143.8293457
5488,5488,5495,19050.0,69,111231073.3795166,87529129.02832031,340481503.4866333,94139282.2265625
5489,5489,5496,19119.0,79,94184253.69262695,77955042.8390503,329984749.79400635,96271372.79510498
5490,5490,5497,22392.0,97,129439192.77191162,96955718.99414062,464875081.0623169,124444871.90246582
5491,5491,5498,19892.0,73,94887701.0345459,87272286.4151001,381319700.24108887,103680518.1503296
5492,5492,5499,19991.0,85,105116430.28259276,84492184.63897705,373772091.8655396,98756627.0828247
5493,5493,5500,19700.0,88,93983574.86724854,72577703.47595215,399013881.6833496,91375169.75402832
5494,5494,5501,20504.0,86,95756328.58276369,79611854.55322266,336216459.274292,92136116.02783205
5495,5495,5502,19521.0,101,61670334.81597901,62453148.84185791,333627729.41589355,83434037.20855713
5496,5496,5503,20764.0,92,115570375.44250488,82462276.45874023,450783767.7001953,99676814.07928468
5497,5497,5504,20467.0,72,114027229.30908205,88293624.87792969,528944602.9663086,106385845.18432616
5498,5498,5505,20001.0,90,95154408.45489502,83415426.25427246,418709034.9197388,104781149.86419678
5499,5499,5506,19508.0,73,120485834.1217041,92329909.324646,467681856.1553955,107550329.20837402
5500,5500,5507,19158.0,80,117613618.850708,90488184.92889404,371691288.9480591,100405358.31451416
5501,5501,5508,20010.0,73,125401713.37127686,94946639.06097412,451269922.2564697,112486548.42376707
5502,5502,5509,19198.0,83,118546369.5526123,85217440.60516357,413905827.5222778,98004763.60321043
5503,5503,5510,19158.0,85,95126777.64892578,79812046.05102539,401055012.7029419,103890571.59423828
5504,5504,5511,19262.0,67,78456172.94311523,72049073.21929932,347259166.7175293,85896668.43414307
5505,5505,5512,19146.0,67,113114180.56488036,76453958.51135254,395376380.92041016,91310003.28063963
5506,5506,5513,19530.0,80,123363392.82989502,88138603.21044922,440337827.6824951,104635643.9590454
5507,5507,5514,19607.0,70,115994241.71447754,91402616.50085448,389629211.4257813,105622598.64807127
5508,5508,5515,19194.0,73,114091854.09545898,88024579.04815674,441737568.8552856,104623684.88311768
5509,5509,5516,19406.0,73,112842836.38000488,85731368.06488037,359902940.7501221,97490587.23449709
5510,5510,5517,20007.0,96,111943837.16583252,92174776.07727052,405227999.6871948,101342259.40704346
5511,5511,5518,19264.0,71,103155828.47595216,84438604.3548584,359353415.4891968,98045675.27770996
5512,5512,5519,20718.0,81,88503602.98156738,87458381.65283203,422881614.6850586,107639642.7154541
5513,5513,5520,19409.0,79,75206660.27069092,76509703.63616943,329427148.8189697,98810711.86065674
5514,5514,5521,18619.0,72,71743667.60253906,67820253.37219238,374328922.2717285,83924282.07397461
5515,5515,5522,18424.0,73,77969031.33392334,66284140.58685303,332312593.460083,75548725.12817383
5516,5516,5523,19321.0,80,76502395.62988281,62486711.5020752,277558775.90179443,72707895.27893066
5517,5517,5524,18924.0,82,80944450.37841797,61265500.06866455,304214287.75787354,71310250.2822876
5518,5518,5525,18944.0,73,79255973.81591797,64974989.891052246,297256324.7680664,70111107.82623291
5519,5519,5526,18446.0,80,70375633.2397461,59234725.95214844,302840847.01538086,67006410.59875488
5520,5520,5527,18555.0,83,55595389.3661499,58067304.611206055,268094957.35168457,62011312.48474121
5521,5521,5528,19103.0,84,71793815.61279297,62989798.5458374,282060789.1082764,73083147.0489502
5522,5522,5529,17988.0,80,64618670.46356201,61038465.49987793,265014163.97094727,69196755.40924072
5523,5523,5530,18766.0,74,74474701.88140869,61186457.63397217,296604900.3601074,70097057.3425293
5524,5524,5531,17807.0,80,79127125.74005127,60185909.27124024,273405656.8145752,65953960.41870117
5525,5525,5532,18352.0,75,72820947.64709473,60302668.57147217,261524073.60076904,70246078.49121094
5526,5526,5533,17801.0,93,78212360.38208008,58264203.07159424,291823327.06451416,68565024.37591553
5527,5527,5534,17397.0,73,72648670.1965332,59720476.150512695,265921876.90734863,69148177.14691162
5528,5528,5535,17810.0,72,65304584.50317383,57609084.129333496,257761680.6030273,64991400.718688965
5529,5529,5536,19387.0,81,90351002.69317628,68011657.71484375,329079718.5897827,82026537.89520264
5530,5530,5537,18833.0,83,87417862.89215088,68942247.39074707,328998970.0317383,82163784.02709961
5531,5531,5538,19942.0,96,101441324.2340088,73337793.35021973,332617205.619812,90046936.98883057
5532,5532,5539,19398.0,72,100250640.86914062,72261997.22290039,343956995.010376,87240093.23120117
5533,5533,5540,19491.0,70,89518150.32958984,67415725.70800781,345611854.55322266,77299659.7290039
5534,5534,5541,18587.0,77,78240615.84472656,63015936.851501465,281798182.4874878,70887868.88122559
5535,5535,5542,18971.0,81,85722773.55194092,60388397.21679688,289544069.29016113,72609375.95367432
5536,5536,5543,18983.0,85,89566555.97686768,65452444.076538086,294940151.2145996,75508727.07366943
5537,5537,5544,18755.0,72,87050167.08374023,64539625.16784668,294587306.02264404,76125280.38024902
5538,5538,5545,19524.0,71,91179154.39605711,73971562.38555908,351848171.23413086,85276663.7802124
5539,5539,5546,18942.0,68,94420548.43902588,75906347.27478027,322850578.30810547,83497568.13049316
5540,5540,5547,18948.0,78,100612867.35534668,75958730.69763184,293379927.6351929,83280714.03503418
5541,5541,5548,19247.0,70,101908254.62341309,70504916.19110107,333804556.84661865,82213117.5994873
5542,5542,5549,19223.0,80,103044888.49639893,70845417.02270508,330968441.0095215,82844980.23986816
5543,5543,5550,19302.0,87,96225364.6850586,67564702.9876709,376583726.8829346,81078557.01446533
5544,5544,5551,18734.0,83,84093327.52227783,67621844.29168701,702835343.3609009,76346948.62365723
5545,5545,5552,18962.0,75,96666832.92388916,66396104.81262207,303228608.1314087,76086963.65356445
5546,5546,5553,18932.0,71,96070104.59899902,63728292.46520996,283088523.8647461,70664510.72692871
5547,5547,5554,18568.0,76,81602959.63287354,61201086.04431152,277511563.3010864,68424301.14746094
5548,5548,5555,19111.0,71,88251422.88208008,63786939.62097168,284622974.39575195,73001840.59143066
5549,5549,5556,19221.0,77,85523939.13269043,65346129.41741943,288725302.696228,72885949.13482666
5550,5550,5557,18955.0,73,88247986.79351807,65826320.64819336,318197544.0979004,78710493.08776855
5551,5551,5558,18722.0,72,91208875.65612791,65297217.36907959,267738556.86187744,73275819.77844238
5552,5552,5559,18793.0,83,93951371.19293211,64146707.53479004,323990950.5844116,73579912.18566895
5553,5553,5560,19127.0,78,89218993.18695068,62654176.71203613,339698535.91918945,70875031.47125244
5554,5554,5561,18999.0,72,96562026.97753906,60394626.61743164,304461743.35479736,68239351.27258301
5555,5555,5562,18800.0,67,88843734.74121094,58316669.46411133,282269489.2883301,63387176.51367188
5556,5556,5563,18077.0,86,83896499.63378906,61366309.16595459,309339920.0439453,75210987.09106445
5557,5557,5564,18454.0,98,87594350.81481934,72270792.00744629,300017844.2001343,83294694.9005127
5558,5558,5565,19128.0,71,95266489.02893066,67605774.87945557,323458780.2886963,79221961.02142334
5559,5559,5566,18343.0,86,90372270.58410645,66969229.69818115,327057182.3120117,78252054.21447754
5560,5560,5567,19071.0,76,97711442.9473877,74137485.50415039,288593200.6835937,85737573.62365723
5561,5561,5568,18841.0,66,94760042.19055176,74140209.19799805,302604517.93670654,82731611.25183105
5562,5562,5569,18515.0,82,87311077.11791992,73381425.85754395,323700118.0648804,86655496.59729004
5563,5563,5570,18179.0,81,94521766.66259766,72057376.86157227,361493687.6296997,85542808.53271484
5564,5564,5571,18244.0,77,96431236.26708984,74263015.74707031,292017691.61224365,86395623.20709229
5565,5565,5572,17797.0,74,93160796.16546632,77574275.01678467,326618261.3372803,85803249.35913086
5566,5566,5573,18129.0,76,86536606.78863525,76891128.54003906,311758612.63275146,90592338.56201172
5567,5567,5574,18343.0,74,93687919.61669922,76314307.21282959,303666237.8311157,84884118.08013916
5568,5568,5575,18796.0,70,98506841.6595459,78002307.8918457,306678482.05566406,88636935.23406982
5569,5569,5576,18445.0,71,85939617.15698242,74761840.8203125,359098985.6719971,88023158.0734253
5570,5570,5577,18352.0,82,86755246.16241455,76989796.63848877,321662474.6322632,94318603.515625
5571,5571,5578,18218.0,68,91589345.93200684,79231580.73425293,361530578.6132813,90858307.83843994
5572,5572,5579,18071.0,73,96832342.14782716,75402631.75964355,334728815.0787353,89052874.56512451
5573,5573,5580,17733.0,66,88712017.05932617,70924593.92547607,305844030.380249,79609912.87231445
5574,5574,5581,17814.0,75,99642573.35662842,73299898.14758301,325847860.3363037,87954404.83093262
5575,5575,5582,17829.0,81,88679596.90093994,71492473.60229492,308613859.17663574,81413625.71716309
5576,5576,5583,17619.0,62,79378208.16040039,75148742.67578125,281570776.9393921,87919555.6640625
5577,5577,5584,18164.0,63,95492268.5623169,73162602.42462158,331371585.84594727,82920449.25689697
5578,5578,5585,18786.0,76,94777792.93060304,73552684.78393555,319086724.28131104,86600473.40393066
5579,5579,5586,18660.0,67,89476806.640625,73478614.8071289,317529017.4484253,82911711.69281006
5580,5580,5587,18717.0,68,86564015.38848877,72971793.17474365,346046981.81152344,85045400.61950684
5581,5581,5588,18404.0,70,75536870.00274658,68205060.9588623,322159411.4303589,84894959.44976807
5582,5582,5589,18672.0,64,93806089.40124512,73731090.5456543,296269046.78344727,83975975.0366211
5583,5583,5590,18803.0,63,95276657.1044922,73072299.95727539,357456806.1828613,81980838.77563477
5584,5584,5591,18635.0,64,89049839.01977539,72588676.45263672,292554626.4648437,82091842.65136719
5585,5585,5592,18612.0,74,63902542.11425781,69986741.065979,277727739.33410645,79489797.59216309
5586,5586,5593,19386.0,81,85717314.72015381,75427966.11785889,323656831.741333,87339572.90649414
5587,5587,5594,18564.0,71,86983924.86572266,75237087.24975586,301683820.7244873,85837684.63134766
5588,5588,5595,19534.0,83,89024397.85003662,75802089.69116211,316843414.3066406,86383296.01287842
5589,5589,5596,18659.0,72,94361899.37591553,74490456.58111572,338566765.7852173,85337521.55303955
5590,5590,5597,19112.0,77,96048408.50830078,78313089.37072754,318297301.29241943,89556220.05462646
5591,5591,5598,18308.0,68,88395376.20544434,74043045.99761963,330247982.0251465,84153903.96118164
5592,5592,5599,18063.0,67,75105831.14624023,72482999.80163574,313781904.22058105,82872791.2902832
5593,5593,5600,18358.0,63,81642969.13146973,72151869.77386475,377301406.8603516,88400351.52435303
5594,5594,5601,18663.0,66,90610511.77978516,74966326.71356201,358763572.6928711,85549908.63800049
5595,5595,5602,18832.0,66,89328535.07995605,77853367.80548096,302070251.4648437,89579945.56427002
5596,5596,5603,18922.0,65,97113574.98168944,79792961.12060547,319932960.5102539,89673748.01635742
5597,5597,5604,18668.0,73,90322134.01794434,75723195.07598877,315096126.5563965,85244991.30249023
5598,5598,5605,18342.0,65,91064264.29748537,71042203.90319824,330351228.71398926,82597241.40167236
5599,5599,5606,18511.0,88,94085963.24920654,76285355.56793213,302940204.6203613,85104618.07250977
5600,5600,5607,17869.0,77,89871893.88275146,74059539.79492188,300673667.90771484,83527995.1095581
5601,5601,5608,18730.0,70,91386722.56469728,76737405.77697754,414087493.8964844,87915109.63439941
5602,5602,5609,18596.0,64,93072105.40771484,73717082.0236206,311808879.8522949,83571891.78466797
5603,5603,5610,18290.0,66,91526651.38244627,76021579.74243164,271762570.3811645,85967601.77612305
5604,5604,5611,18761.0,68,93718001.36566162,76979819.29779053,304629223.82354736,87839775.08544922
5605,5605,5612,18348.0,70,87826301.57470703,75964451.78985596,316274277.68707275,87161358.83331299
5606,5606,5613,17855.0,61,90567100.52490234,72861709.59472656,356894294.73876953,83194713.5925293
5607,5607,5614,18543.0,74,96489490.5090332,74858588.21868896,326673860.5499268,84245150.56610107
5608,5608,5615,18662.0,81,92045485.496521,75007526.39770508,310758999.8245239,85927673.33984375
5609,5609,5616,18180.0,77,81727704.04815674,72066825.86669922,333923347.47314453,83030367.85125732
5610,5610,5617,17998.0,72,96130158.42437744,74500089.64538574,311843283.6532593,82934040.06958008
5611,5611,5618,17584.0,61,88930097.57995605,72083195.68634033,303635347.366333,81108452.79693604
5612,5612,5619,18801.0,80,99998758.31604004,69454449.65362549,357789778.7094116,75749611.85455322
5613,5613,5620,18216.0,65,82977892.87567139,65044795.98999024,291626656.5322876,74329620.36132812
5614,5614,5621,18667.0,69,96247163.772583,68763309.47875977,281953291.8930054,76639047.62268066
5615,5615,5622,18862.0,65,97327718.7347412,69383502.96020508,295587509.15527344,79124533.65325928
5616,5616,5623,19052.0,68,88899765.01464844,70357857.7041626,309706170.0820923,77446364.402771
5617,5617,5624,18884.0,64,93694904.32739258,68419582.36694336,291136077.8808594,75986110.68725586
5618,5618,5625,18812.0,64,89186744.6899414,67384902.95410156,278847133.6364746,75984188.07983398
5619,5619,5626,19004.0,64,94707565.3076172,72074401.85546875,292322010.0402832,80902400.97045898
5620,5620,5627,18781.0,63,91956977.84423828,72132890.70129395,307496501.9226074,80103635.78796387
5621,5621,5628,17904.0,90,88460894.58465576,72154651.6418457,371038702.0111084,83088466.64428711
5622,5622,5629,18232.0,70,90870354.6524048,74956616.40167236,323568967.81921387,82460678.10058594
5623,5623,5630,17874.0,61,92063026.42822266,73618434.90600586,333023403.1677246,83029678.34472656
5624,5624,5631,18138.0,65,95506052.97088625,74358291.62597656,353649034.5001221,84898506.16455078
5625,5625,5632,17873.0,62,45272253.99017334,68969520.56884766,311707208.63342285,76178210.25848389
5626,5626,5633,16978.0,79,55973858.83331299,64785040.85540772,317708727.8366089,73163638.1149292
5627,5627,5634,18875.0,160,70752245.90301514,62435981.75048828,294044647.2167969,70581332.20672607
5628,5628,5635,19018.0,120,92141357.421875,66823191.64276123,334694727.89764404,74749739.64691162
5629,5629,5636,18799.0,81,93645468.71185304,68477206.23016357,299520425.7965088,75564606.66656494
5630,5630,5637,18581.0,74,92696208.95385742,71870546.34094238,294689017.2958374,82595328.33099365
5631,5631,5638,18420.0,65,81562778.47290039,73618656.15844727,359010089.8742676,82412149.42932129
5632,5632,5639,18248.0,62,95181350.7080078,74900688.17138672,298994865.41748047,82811595.91674805
5633,5633,5640,18009.0,63,95502719.8791504,74991205.2154541,316080276.4892578,84357954.02526855
5634,5634,5641,17882.0,71,85449476.24206543,72294461.25030518,279517589.5690918,83581196.78497314
5635,5635,5642,18125.0,74,88701486.58752441,72549949.6459961,333654305.45806885,82552076.33972168
5636,5636,5643,18530.0,77,94914279.93774414,67459452.62908936,347312701.2252808,80494582.1762085
5637,5637,5644,18602.0,65,95421991.3482666,67174706.45904541,357292942.04711914,76339879.0359497
5638,5638,5645,18775.0,74,85636396.40808105,66823942.18444824,305030085.56365967,75252284.0499878
5639,5639,5646,19105.0,67,71728128.43322754,64031120.30029297,320488697.05200195,72737686.15722656
5640,5640,5647,18760.0,63,81612644.19555664,60733661.65161133,356100254.0588379,68226222.99194336
5641,5641,5648,19040.0,65,93573654.17480467,61560192.1081543,321510105.13305664,71162097.9309082
5642,5642,5649,18900.0,64,87934143.06640625,59232044.2199707,274521968.84155273,66355976.10473633
5643,5643,5650,18900.0,65,93054972.6486206,62050254.821777344,326149147.0336914,70368925.09460449
5644,5644,5651,18900.0,63,87685775.75683594,62129116.05834961,311116504.66918945,67937564.84985352
5645,5645,5652,18499.0,75,86089798.92730713,60139462.4710083,336834917.06848145,70971507.07244873
5646,5646,5653,18298.0,88,77542531.96716309,67908540.72570801,295399042.1295166,81236215.59143066
5647,5647,5654,17997.0,65,80568934.4406128,69873084.06829834,235859542.8466797,83677996.63543701
5648,5648,5655,18260.0,63,89983634.94873047,69234853.74450684,276507911.6821289,76923471.45080566
5649,5649,5656,18010.0,68,89952473.6404419,70515234.94720459,365527769.0887451,80644042.01507568
5650,5650,5657,17779.0,68,74413960.45684814,68696539.87884521,344079780.5786133,76927762.03155518
5651,5651,5658,18106.0,74,92906238.5559082,71513419.15130615,315700773.23913574,80695178.9855957
5652,5652,5659,18103.0,62,91030189.51416016,73538707.7331543,310694526.6723633,80992919.921875
5653,5653,5660,17908.0,61,91430328.36914062,72769454.95605469,360485446.9299317,82713333.12988281
5654,5654,5661,18128.0,63,76066946.02966309,68867041.58782959,321135063.1713867,78172377.58636475
5655,5655,5662,18000.0,63,51041730.880737305,65878112.79296875,245929141.99829105,73212625.50354004
5656,5656,5663,18313.0,72,60916435.24169922,65335177.421569824,295248990.0588989,71337494.85015869
5657,5657,5664,18815.0,83,85049554.8248291,70309243.20220947,294002149.5819092,82623802.1850586
5658,5658,5665,18524.0,66,92782108.30688477,74265605.92651367,388563514.7094727,84932919.5022583
5659,5659,5666,18165.0,82,90646648.40698242,72048281.6696167,292661421.7758179,82990322.11303711
5660,5660,5667,18328.0,85,92297369.9569702,70459312.43896484,293893518.447876,77854002.95257568
5661,5661,5668,18093.0,83,93782546.99707033,70019780.15899658,298561929.7027588,79747601.50909424
5662,5662,5669,18118.0,61,86999292.37365723,69637351.9897461,353690668.1060791,79623123.16894531
5663,5663,5670,17978.0,60,93424438.4765625,71101806.640625,305551376.34277344,81585487.36572266
5664,5664,5671,18022.0,64,94302881.24084473,71553611.7553711,324496410.36987305,77489770.88928223
5665,5665,5672,17862.0,60,83847404.47998047,70576091.76635742,313681995.3918457,80018703.46069336
5666,5666,5673,18138.0,63,75924468.99414062,68430221.55761719,372939262.3901367,77554576.8737793
5667,5667,5674,18000.0,62,94213871.00219728,71284103.39355469,379098121.6430664,79826068.87817383
5668,5668,5675,18000.0,62,91337474.82299805,71281948.08959961,305281629.5623779,79252872.46704102
5669,5669,5676,18394.0,65,82913426.39923096,71055414.1998291,296750717.16308594,79823116.30249023
5670,5670,5677,18215.0,71,76209887.50457764,67173048.01940918,333859272.0031738,74600377.0828247
5671,5671,5678,18458.0,71,88191227.91290283,69322185.51635742,355776079.17785645,79886916.1605835
5672,5672,5679,18682.0,63,85657199.85961914,77017402.64892578,276602157.59277344,89409923.5534668
5673,5673,5680,18539.0,63,80635261.53564453,78935745.23925781,332836204.5288086,89573631.2866211
5674,5674,5681,18338.0,67,81489140.51055908,72999536.51428223,332383927.3452759,87441015.24353027
5675,5675,5682,18310.0,66,77892393.11218262,70477777.4810791,292802766.7999268,79035926.81884766
5676,5676,5683,18235.0,65,88831584.93041992,71890190.12451172,336103958.1298828,79070304.87060547
5677,5677,5684,18938.0,72,89834054.94689941,73694839.47753906,306063045.501709,82013345.71838379
5678,5678,5685,18555.0,75,85714327.81219482,72599732.39898682,337302692.4133301,79825097.08404541
5679,5679,5686,18487.0,76,81811957.35931396,72460195.54138184,328703036.3082886,82066454.88739014
5680,5680,5687,18553.0,77,87119104.38537598,76596380.23376465,287333652.4963379,85482812.88146973
5681,5681,5688,17866.0,74,94777536.39221191,68723587.98980713,309071964.263916,82196131.7062378
5682,5682,5689,18099.0,84,65949669.83795166,64177680.96923828,312998905.1818848,72229269.02770996
5683,5683,5690,18370.0,77,54282746.31500244,61276377.67791748,227383928.2989502,68404283.52355957
5684,5684,5691,19027.0,84,83713646.88873291,64949784.27886963,316522247.3144531,74355491.6381836
5685,5685,5692,18751.0,75,91664981.84204102,66008540.15350342,320997252.46429443,75717439.65148926
5686,5686,5693,18923.0,66,81065193.17626953,65688598.6328125,293505638.1225586,75413051.60522461
5687,5687,5694,18827.0,69,40226229.66766357,62163645.74432373,206916299.8199463,69969632.14874268
5688,5688,5695,18780.0,68,39415584.56420898,59306913.37585449,220480936.05041504,66163085.9375
5689,5689,5696,18718.0,75,36948366.16516113,60047055.2444458,188929275.5126953,65875788.68865967
5690,5690,5697,18826.0,69,59967146.87347412,64336727.142333984,265097534.1796875,70400642.39501953
5691,5691,5698,19778.0,83,69197905.54046631,70399217.60559082,338752467.15545654,83514720.91674805
5692,5692,5699,19685.0,69,70459770.20263672,73553585.05249023,335208683.013916,88468570.70922852
5693,5693,5700,19827.0,74,106721618.65234376,83319664.00146484,407700088.50097656,92972866.0583496
5694,5694,5701,19788.0,72,110333606.7199707,82817043.30444336,468884696.9604492,91502300.26245116
5695,5695,5702,19791.0,75,79404885.29205322,76363007.54547119,337113327.0263672,83737257.00378418
5696,5696,5703,19639.0,73,58523254.39453125,69179313.65966797,304305442.8100586,86604026.7944336
5697,5697,5704,19855.0,84,100871020.31707764,78931025.50506592,395814286.2319946,86432040.21453857
5698,5698,5705,19946.0,72,123176696.77734376,84822042.46520996,478385387.4206543,99083114.62402344
5699,5699,5706,19764.0,71,85313583.37402344,78858164.78729248,322491989.1357422,91816823.00567628
5700,5700,5707,19884.0,72,88403264.99938965,77874748.22998047,358459686.2792969,91723758.69750977
5701,5701,5708,19925.0,70,74902416.22924805,76044807.43408203,299635505.67626953,86539131.16455078
5702,5702,5709,19479.0,75,56506781.578063965,66776071.54846192,287002498.626709,79594312.66784668
5703,5703,5710,19836.0,73,74414739.60876465,74294139.86206055,315100175.85754395,85248191.8334961
5704,5704,5711,19757.0,75,70913531.30340576,76612039.56604004,321281677.2460937,90389160.15625
5705,5705,5712,20028.0,81,109793686.86676024,80353345.87097168,402306134.223938,83744492.53082275
5706,5706,5713,19493.0,77,85210055.35125732,75624584.19799805,371647347.4502564,86112989.42565918
5707,5707,5714,19964.0,78,57044075.01220703,71797542.57202148,323729873.65722656,83135456.08520508
5708,5708,5715,20275.0,78,74718269.34814453,71958538.05541992,311878707.8857422,86063241.00494385
5709,5709,5716,20000.0,72,104313213.34838869,79345390.31982422,359534065.24658203,87921436.30981445
5710,5710,5717,19150.0,72,61274526.596069336,64080430.98449707,271941973.68621826,77131988.52539062
5711,5711,5718,20087.0,86,63623611.45019531,69094536.78131104,272170596.1227417,76507296.56219482
5712,5712,5719,20151.0,83,87006425.85754395,69127882.00378418,368056450.84381104,84712891.57867432
5713,5713,5720,20089.0,76,63915724.754333496,64944265.365600586,291626524.92523193,77440866.47033691
5714,5714,5721,19392.0,98,97646787.64343262,78543190.0024414,356297981.26220703,89651074.40948486
5715,5715,5722,19597.0,92,102754065.51361084,74932519.91271973,379866710.6628418,86365303.03955078
5716,5716,5723,20434.0,92,68731997.4899292,69104228.97338867,377695191.3833618,86149214.74456787
5717,5717,5724,20700.0,83,83931912.42218018,75715720.17669678,358977233.88671875,86309414.86358643
5718,5718,5725,20432.0,83,96857776.6418457,78758365.63110352,319834167.48046875,92687915.80200195
5719,5719,5726,20037.0,73,94162877.0828247,80102460.86120605,331743871.6888428,91542860.03112791
5720,5720,5727,20707.0,94,77874018.66912842,77933239.93682861,332259992.5994873,96736811.63787842
5721,5721,5728,20769.0,84,107356029.51049805,85030032.15789795,482236177.444458,99956060.4095459
5722,5722,5729,20150.0,79,129664762.49694824,88654032.70721436,509586775.7797241,94871650.69580078
5723,5723,5730,20053.0,76,68186989.78424072,74932359.69543457,354461753.84521484,90312876.70135498
5724,5724,5731,20481.0,78,69207504.27246094,81838502.88391113,419359626.77001953,96356431.00738524
5725,5725,5732,20557.0,77,97676885.6048584,96494147.3007202,404563901.9012451,105187623.97766112
5726,5726,5733,20171.0,73,85867024.4216919,95318923.95019533,301956509.5901489,101350013.73291016
5727,5727,5734,20655.0,83,81372994.4229126,91992813.11035156,335382520.6756592,106234121.32263184
5728,5728,5735,21309.0,80,129265440.94085692,108400498.39019775,397314491.2719727,122328627.58636476
5729,5729,5736,20724.0,84,122068888.6642456,95310321.80786131,460167156.2194824,104858529.09088136
5730,5730,5737,20491.0,72,101934659.00421144,94690645.21789552,429327131.2713623,107656251.90734863
5731,5731,5738,21160.0,85,104626922.60742188,75734019.27947998,426911779.4036865,102008241.65344238
5732,5732,5739,21029.0,104,110078411.10229492,89005170.82214355,420460597.99194336,107426321.9833374
5733,5733,5740,19869.0,70,107791960.71624756,82080504.41741943,563729565.6204224,96584060.66894533
5734,5734,5741,21205.0,103,107291699.40948486,86967117.30957031,382523465.1565552,102471689.22424316
5735,5735,5742,20057.0,73,96762622.83325195,81829090.1184082,413002937.3168945,106362583.1604004
5736,5736,5743,19896.0,95,114563894.2718506,81766982.07855225,470090399.74212646,94475471.49658205
5737,5737,5744,19209.0,95,67594839.09606934,59863079.07104492,256647133.82720947,69381361.96136475
5738,5738,5745,19830.0,80,57065321.922302246,59444122.314453125,287204969.4061279,68780013.08441162
5739,5739,5746,20017.0,89,76500040.05432129,68658079.14733887,362819474.2202759,84531890.86914062
5740,5740,5747,19923.0,74,89369561.19537354,77392617.22564697,338589062.69073486,85236902.23693848
5741,5741,5748,19786.0,77,89693205.83343506,75810330.39093018,355770744.32373047,85903613.09051514
5742,5742,5749,20335.0,91,78346889.49584961,67283659.93499756,401783906.9366455,82653380.39398193
5743,5743,5750,20098.0,94,102959934.23461914,71853421.21124268,373147758.4838867,83226046.56219482
5744,5744,5751,20588.0,80,103930938.72070312,79149531.36444092,398921628.9520264,92679553.0319214
5745,5745,5752,20177.0,73,72491783.14208984,79886611.93847656,405658638.0004883,99287258.14819336
5746,5746,5753,20504.0,74,112518749.23706056,91180109.02404784,383812811.8515015,101436954.49829102
5747,5747,5754,20349.0,73,120332491.87469482,91247032.16552734,401647342.6818848,100369670.86791992
5748,5748,5755,20506.0,79,100631805.41992188,78597536.08703613,488149430.2749634,103487756.72912598
5749,5749,5756,20890.0,80,115694681.16760254,86357079.50592041,543488483.4289551,107273825.64544678
5750,5750,5757,20647.0,72,120248638.15307616,90859916.68701172,460956035.6140137,102437702.17895508
5751,5751,5758,19473.0,92,94547894.47784424,79636688.23242188,406375610.3515625,97992119.78912354
5752,5752,5759,19684.0,87,93767691.61224364,88960439.68200684,334206007.0037842,100183238.02947998
5753,5753,5760,19035.0,97,57890748.97766113,64157485.00823975,257257359.5046997,76222846.03118896
5754,5754,5761,21160.0,100,125774548.5305786,94769236.56463625,550878528.5949707,111715182.30438232
5755,5755,5762,20145.0,83,140087514.87731934,94139164.92462158,462198807.7163696,105730894.08874512
5756,5756,5763,20072.0,83,114418243.40820312,75580990.7913208,432920655.2505493,96811412.8112793
5757,5757,5764,20521.0,86,116258231.1630249,85071940.4220581,392145059.5855713,100191192.62695312
5758,5758,5765,19871.0,91,129303950.30975342,87909570.69396973,489465540.8859253,100625136.37542725
5759,5759,5766,19894.0,88,129658128.73840332,93976773.26202393,497169427.8717041,109864598.27423096
5760,5760,5767,20177.0,82,105647285.46142578,84705623.62670898,513831359.8632813,113500214.5767212
5761,5761,5768,19901.0,94,106923739.43328856,91101278.30505373,424817262.6495361,112954931.25915527
5762,5762,5769,20001.0,75,117554460.5255127,85670424.46136475,413083052.6351929,106520640.37322998
5763,5763,5770,20644.0,86,125129886.62719728,80119518.2800293,379896263.1225586,97818138.1225586
5764,5764,5771,20148.0,99,103911436.08093262,81187851.90582275,403161170.9594727,97257941.24603271
5765,5765,5772,20359.0,91,75124155.04455566,73445169.44885254,317616173.74420166,90869878.7689209
5766,5766,5773,20748.0,94,100802451.13372804,83956978.7979126,390098174.0951538,104568383.21685793
5767,5767,5774,20167.0,85,115606771.4691162,88555955.88684082,397725512.5045776,106197644.2337036
5768,5768,5775,19578.0,79,80933249.47357178,74292086.60125732,324335117.3400879,85770333.2901001
5769,5769,5776,19925.0,91,77370986.93847656,74994083.40454102,348668110.84747314,89079156.87561035
5770,5770,5777,20427.0,98,91908585.54840088,78130140.30456543,377992092.1325684,93888764.38140868
5771,5771,5778,19896.0,97,109366559.9822998,80380814.55230713,377538550.3768921,97445658.68377686
5772,5772,5779,20210.0,82,117722165.10772704,90811009.40704346,432474413.87176514,101287711.14349364
5773,5773,5780,19779.0,79,129690900.8026123,94628669.73876952,449964017.868042,106362577.43835448
5774,5774,5781,20086.0,71,116260199.54681396,100948534.01184082,348024642.94433594,108604587.55493164
5775,5775,5782,19424.0,74,103086805.34362791,86075836.18164062,435918331.1462402,100917085.647583
5776,5776,5783,19787.0,80,82916741.37115479,77665452.003479,344320023.5366821,99341812.13378906
5777,5777,5784,19437.0,70,119898950.57678224,89015968.3227539,414785911.5600586,102900440.21606444
5778,5778,5785,18838.0,93,121111361.50360107,87073255.53894043,394195099.8306274,95981520.652771
5779,5779,5786,19070.0,68,111179147.72033691,87594238.28125,349732000.35095215,97437934.87548828
5780,5780,5787,19925.0,91,109284446.7163086,92682839.39361572,395995182.99102783,111895195.00732422
5781,5781,5788,19847.0,76,124185245.51391602,99348263.74053957,454944746.9711304,112421177.8640747
5782,5782,5789,19423.0,72,134235176.08642578,95481311.7980957,478747928.6193848,112115705.4901123
5783,5783,5790,20453.0,85,121865434.64660645,94784154.89196776,469496244.430542,117194412.23144533
5784,5784,5791,20222.0,88,106156311.98883057,82012865.06652832,362440711.97509766,95824046.13494872
5785,5785,5792,19860.0,90,122789433.47930908,90686279.296875,451808625.2212525,109592238.4262085
5786,5786,5793,20460.0,80,134922565.46020508,98868633.27026369,441535989.7613525,107746694.56481934
5787,5787,5794,20001.0,81,133986633.30078124,97805033.68377686,400674998.28338623,115328885.07843018
5788,5788,5795,19827.0,82,98805688.85803224,86844960.21270752,418992757.7972412,112258279.80041504
5789,5789,5796,19364.0,68,78539632.79724121,82424812.31689453,397196798.32458496,103355182.64770508
5790,5790,5797,21110.0,95,88618354.79736328,85530447.9598999,419860103.6071777,105743493.08013916
5791,5791,5798,20655.0,74,128140323.63891602,106675041.19873048,491994449.6154785,119309478.75976562
5792,5792,5799,20190.0,74,126608633.99505617,98978672.9812622,450962487.22076416,111063946.723938
5793,5793,5800,20888.0,91,113403284.07287598,97001044.27337646,458681979.1793823,115843513.48876952
5794,5794,5801,21269.0,80,73590090.75164795,93643739.70031738,401175361.6333008,108199540.13824464
5795,5795,5802,21163.0,86,80211486.81640625,82549724.57885742,431333787.9180908,104911657.33337402
5796,5796,5803,20636.0,79,98302582.74078368,91742847.44262695,418457557.67822266,106301391.6015625
5797,5797,5804,20931.0,93,91357244.49157716,92402488.7084961,445424130.4397583,109267694.4732666
5798,5798,5805,19942.0,91,90018840.78979492,84063910.48431396,332580940.24658203,94251177.78778076
5799,5799,5806,20439.0,95,101910953.52172852,84425065.04058838,388347965.2404785,103114340.78216553
5800,5800,5807,19872.0,85,111526679.99267578,90600510.597229,369407435.4171753,100830247.87902832
5801,5801,5808,19680.0,84,92920911.78894044,76982491.4932251,389801495.552063,91565182.68585204
5802,5802,5809,20141.0,86,100296224.5941162,81714493.75152588,374532996.1776733,95377877.2354126
5803,5803,5810,18053.0,80,70738502.5024414,60739967.346191406,306806906.7001343,74064758.30078125
5804,5804,5811,21044.0,102,104680202.48413086,79263911.24725342,353135692.59643555,94131751.06048584
5805,5805,5812,20075.0,92,106285823.82202148,72887655.25817871,403146331.7871094,83047334.67102051
5806,5806,5813,19380.0,85,88984432.22045898,67922107.6965332,316486128.8070679,73850981.71234131
5807,5807,5814,19717.0,99,92030141.83044434,62427175.521850586,275201318.7408447,71707780.8380127
5808,5808,5815,20400.0,94,115557649.61242676,83773386.95526123,480419013.9770508,98162085.53314207
5809,5809,5816,19802.0,84,80790039.0625,65227821.350097656,397180088.0432129,81177408.21838379
5810,5810,5817,19441.0,75,86903351.78375244,69632418.63250732,351012774.46746826,79681080.81817627
5811,5811,5818,19708.0,92,88485125.54168701,70653003.69262695,322757881.1645508,77112389.56451416
5812,5812,5819,19537.0,91,97956909.1796875,70132939.33868408,296335612.2970581,82097458.8394165
5813,5813,5820,19970.0,77,94069546.69952393,77071183.20465088,371448787.689209,90599157.33337402
5814,5814,5821,19622.0,82,101490244.86541748,70632400.51269531,350678232.1929932,81800344.46716309
5815,5815,5822,20345.0,77,105514370.91827393,80696540.83251953,480972948.0743408,97128138.5421753
5816,5816,5823,19601.0,80,104749646.1868286,74695477.48565674,452956061.3632202,94474889.75524902
5817,5817,5824,19049.0,85,108110218.0480957,77825757.98034668,458762921.333313,91889558.79211426
5818,5818,5825,18646.0,76,97530208.58764648,72865514.75524902,431370302.2003174,82831899.64294434
5819,5819,5826,20203.0,89,103752020.83587646,72952051.16271973,396047363.28125,87470257.75909424
5820,5820,5827,20002.0,96,117291547.77526855,76938797.95074463,357036466.59851074,85698566.43676758
5821,5821,5828,19514.0,70,104712968.82629396,73091598.51074219,355721511.8408203,85097320.55664062
5822,5822,5829,19089.0,78,83941011.42883301,61862585.06774902,287623815.536499,74135501.86157227
5823,5823,5830,19802.0,83,91623151.7791748,66396557.80792236,319284813.8809204,77031830.78765869
5824,5824,5831,19252.0,80,98824615.47851562,68287364.00604248,345162269.5922852,75860569.95391846
5825,5825,5832,19724.0,69,96901264.19067384,70493217.46826172,331733356.4758301,80375350.95214844
5826,5826,5833,18999.0,74,95056656.83746338,71363419.53277588,333498004.9133301,81317014.69421387
5827,5827,5834,18879.0,74,84250048.63739014,63751959.800720215,293292311.668396,73832590.10314941
5828,5828,5835,19330.0,77,102194389.34326172,71748453.14025879,312282735.82458496,82940049.17144775
5829,5829,5836,18422.0,75,94167409.8968506,71159686.08856201,297603402.13775635,78690069.1986084
5830,5830,5837,19354.0,85,94660980.22460938,69562662.12463379,300799245.8343506,77402218.81866455
5831,5831,5838,17767.0,75,78080039.02435303,60934532.165527344,269017321.5866089,66879027.36663818
5832,5832,5839,19916.0,96,72576911.92626953,68482563.97247314,684116415.977478,77327127.45666504
5833,5833,5840,19305.0,89,67778741.83654785,61145899.77264404,253205389.97650144,71541655.54046631
5834,5834,5841,19290.0,83,68379115.1046753,63307885.16998291,245411157.60803223,74072340.965271
5835,5835,5842,19160.0,77,77061391.83044434,65831206.32171631,254925490.3793335,70225519.18029785
5836,5836,5843,18585.0,72,70318946.8383789,64830898.28491211,260509111.40441892,70997879.02832031
5837,5837,5844,19262.0,84,70811095.23773193,63441574.09667969,240019124.0310669,70166288.37585449
5838,5838,5845,18860.0,66,83674789.42871094,68795207.97729492,289197021.484375,77422401.42822266
5839,5839,5846,18596.0,66,79743846.89331055,67897026.06201172,260298034.66796875,76090545.65429688
5840,5840,5847,18649.0,68,85052217.48352051,68421918.86901855,283245131.49261475,76267367.36297607
5841,5841,5848,19097.0,69,85595383.644104,76051265.71655273,280455075.26397705,84922130.5847168
5842,5842,5849,18611.0,79,97042143.82171632,76145863.53302002,297143425.9414673,89798040.39001465
5843,5843,5850,18008.0,83,89626548.76708984,67110638.61846924,315270915.9851074,74824148.17810059
5844,5844,5851,18882.0,92,100223394.3939209,71619556.42700195,337378703.1173706,82111810.6842041
5845,5845,5852,18441.0,88,96831105.23223875,70185998.91662598,290540819.1680908,77051517.48657227
5846,5846,5853,18356.0,65,94938270.56884766,70091297.1496582,275649929.04663086,79442691.80297852
5847,5847,5854,19015.0,70,97479676.24664308,69413084.03015137,325889793.3959961,76758758.54492188
5848,5848,5855,18215.0,70,75089553.83300781,67810070.0378418,243004626.2741089,77048583.984375
5849,5849,5856,18057.0,66,42466720.58105469,64503492.35534668,164544988.63220215,70783041.00036621
5850,5850,5857,18308.0,64,67500122.0703125,66232758.52203369,313724830.6274414,75133137.7029419
5851,5851,5858,17910.0,79,76796887.39776611,72454729.0802002,319339651.1077881,83088112.83111572
5852,5852,5859,18437.0,71,90324592.59033205,71682678.22265625,324271656.0363769,88561086.65466309
5853,5853,5860,18976.0,80,90410634.99450684,72764663.69628906,306068704.60510254,82884027.4810791
5854,5854,5861,18410.0,95,83476146.69799805,71134030.34210205,325738584.5184326,81421981.81152344
5855,5855,5862,18715.0,83,75037345.88623047,69022666.93115234,284737049.1027832,81416652.67944336
5856,5856,5863,19099.0,80,78597250.93841553,73191251.75476074,332523614.88342285,86736966.13311768
5857,5857,5864,18379.0,69,86433260.91766357,73717783.92791748,293233780.8609009,87474854.46929932
5858,5858,5865,18638.0,76,87915738.10577393,76520273.20861816,348997133.2550049,90003193.85528564
5859,5859,5866,18447.0,69,84183620.45288086,71627519.60754395,349585055.3512573,85478843.68896484
5860,5860,5867,18581.0,68,78538631.43920898,75645828.24707031,312223247.5280762,86233657.83691406
5861,5861,5868,18480.0,69,86654533.38623047,76151355.7434082,296716017.7230835,89786134.71984863
5862,5862,5869,18224.0,64,88140262.60375977,75912105.56030273,318550708.77075195,87015823.36425781
5863,5863,5870,18242.0,68,79934761.04736328,74655921.93603516,302240253.4484863,89267036.43798828
5864,5864,5871,18012.0,71,89252964.01977539,73285903.93066406,303513984.6801758,84709363.93737793
5865,5865,5872,18037.0,73,91227505.68389893,75186315.53649902,321163134.57489014,88178133.96453857
5866,5866,5873,17498.0,68,78781139.3737793,75856008.52966309,262019026.75628665,89217468.26171875
5867,5867,5874,17785.0,70,77495160.10284424,72031325.340271,307955692.29125977,86702556.61010742
5868,5868,5875,17834.0,74,85717845.91674805,72874411.58294678,291331284.52301025,83862166.40472412
5869,5869,5876,18762.0,74,96910238.2659912,73922751.42669678,360881687.1643066,86921336.17401123
5870,5870,5877,18466.0,73,86007706.64215088,71725165.36712646,317200893.4020996,84425782.20367432
5871,5871,5878,18272.0,74,79095596.31347656,73742302.89459229,365227924.3469238,84763572.6928711
5872,5872,5879,18129.0,72,93724475.8605957,71949671.7453003,330030628.2043457,87118310.92834473
5873,5873,5880,17414.0,66,86085824.96643066,68615163.80310059,264804077.1484375,76642032.62329102
5874,5874,5881,17248.0,95,67228764.53399658,62418219.566345215,282782337.1887207,68799945.83129883
5875,5875,5882,18051.0,77,94542384.14764404,67979936.59973145,297585187.9119873,76620710.3729248
5876,5876,5883,18246.0,97,93188743.5913086,63057887.07733154,345357987.4038696,71966421.12731934
5877,5877,5884,17121.0,79,84971942.90161133,64109988.21258545,295384820.93811035,75703241.3482666
5878,5878,5885,18211.0,85,95744487.76245116,64630868.91174317,270845271.11053467,77740622.52044678
5879,5879,5886,17302.0,77,89489782.33337402,64400675.773620605,309114587.7838135,75383969.3069458
5880,5880,5887,18051.0,65,86233734.13085938,72107028.96118164,271310874.93896484,82606838.22631836
5881,5881,5888,18059.0,78,89812372.2076416,75264039.99328613,247236257.5531006,84842426.30004883
5882,5882,5889,18660.0,83,97564955.71136476,73555384.6359253,300091863.63220215,82200407.98187256
5883,5883,5890,18470.0,68,91789296.15020752,75927284.24072266,285152377.1286011,85346378.32641602
5884,5884,5891,18345.0,72,93502174.3774414,74622884.75036621,325054840.0878906,84258489.60876465
5885,5885,5892,18834.0,83,96952750.20599364,74202112.19787598,291653550.14801025,85343244.5526123
5886,5886,5893,17691.0,75,93808463.09661864,66356854.43878174,274160228.72924805,74739627.83813477
5887,5887,5894,17745.0,75,88850449.56207275,62333906.173706055,295187227.2491455,72181267.73834229
5888,5888,5895,18502.0,80,77979778.28979492,61568909.64508057,255894243.24035645,71363744.73571777
5889,5889,5896,18670.0,77,85856318.47381592,62945597.648620605,301819156.6467285,73300646.78192139
5890,5890,5897,19446.0,83,94279866.2185669,69382653.23638916,349213484.7640991,79199017.52471924
5891,5891,5898,18691.0,74,90853648.18572998,63560760.49804688,296701225.2807617,74618691.44439697
5892,5892,5899,19105.0,74,96530727.3864746,67357826.23291016,268561918.258667,74966600.41809082
5893,5893,5900,18564.0,66,91834275.2456665,68131368.63708496,288585569.38171387,76793424.60632324
5894,5894,5901,18228.0,82,91888372.42126463,70956321.7163086,249797960.28137207,80871090.88897705
5895,5895,5902,17516.0,72,87865846.63391113,70380420.68481445,317171066.2841797,80225551.60522461
5896,5896,5903,17778.0,64,90986873.62670898,72154994.96459961,291867427.82592773,80048679.35180664
5897,5897,5904,17512.0,71,92967061.99645996,71758865.35644531,255398457.52716064,81489973.0682373
5898,5898,5905,17601.0,75,85236291.88537598,70358590.1260376,235522296.9055176,77243966.1026001
5899,5899,5906,17093.0,70,93869330.40618896,70331079.48303223,278949926.3763428,79944601.05895996
5900,5900,5907,17358.0,69,93901523.59008788,71018698.69232178,307135942.45910645,79330545.42541504
5901,5901,5908,17213.0,70,95472972.86987305,70766079.90264893,317028133.392334,80566441.5359497
5902,5902,5909,17008.0,61,91539249.42016602,70510898.59008789,299134319.3054199,78368515.01464844
5903,5903,5910,17157.0,73,86462141.99066162,69551552.77252197,350873054.50439453,78722140.31219482
5904,5904,5911,18106.0,76,96741265.29693604,71750850.67749023,285787505.1498413,80538359.64202881
5905,5905,5912,17437.0,64,94481755.25665285,71489844.32220459,285455404.2816162,81298388.48114014
5906,5906,5913,17094.0,65,87689743.9956665,70281908.98895264,293931663.5131836,77024870.87249756
5907,5907,5914,17247.0,70,92238019.9432373,65296695.70922852,318514698.9822388,74687625.88500977
5908,5908,5915,17172.0,64,91589121.81854248,65358958.24432373,295177577.9724121,73765577.31628418
5909,5909,5916,17553.0,68,91366607.66601562,71222103.11889648,238702602.3864746,79580242.15698242
5910,5910,5917,17825.0,70,92098066.32995604,72891413.68865967,307180247.30682373,84031667.70935059
5911,5911,5918,17409.0,69,94076154.7088623,68158661.84234619,329743544.57855225,75890769.9584961
5912,5912,5919,17308.0,83,87526268.0053711,64533334.732055664,271244866.3711548,73091247.55859375
5913,5913,5920,17043.0,70,95202683.4487915,55816167.8314209,241512561.7980957,63893794.05975342
5914,5914,5921,18670.0,92,97172855.37719728,61837127.68554688,286818077.08740234,69444241.52374268
5915,5915,5922,18144.0,71,96092506.4086914,61825402.25982666,265439115.524292,69729474.06768799
5916,5916,5923,17870.0,68,94751422.88208008,58647184.37194824,290894264.2211914,66158484.45892334
5917,5917,5924,18283.0,73,85323139.19067383,61593391.41845703,305361682.8918457,70189988.1362915
5918,5918,5925,18605.0,78,87185987.47253418,68252993.5836792,291983143.8064575,80707986.83166504
5919,5919,5926,18254.0,68,95910620.68939207,70246634.4833374,292950901.03149414,78809364.31884766
5920,5920,5927,18429.0,74,96176274.29962158,68589179.03900146,256661064.1479492,77319625.85449219
5921,5921,5928,18768.0,80,87748733.52050781,68624637.60375977,277863404.2739868,80476740.83709717
5922,5922,5929,18614.0,75,93985954.28466795,71108771.32415771,302217354.7744751,81098590.85083008
5923,5923,5930,18545.0,71,94911557.1975708,74964565.27709961,315313488.0065918,84357105.25512695
5924,5924,5931,17322.0,86,92132555.96160889,73302655.22003174,289116546.6308594,84548138.61846924
5925,5925,5932,17562.0,73,84873576.1642456,76447273.25439453,273264004.7073364,88251743.31665039
5926,5926,5933,17236.0,72,91844037.05596924,78501474.38049316,290756839.75219727,88350470.54290771
5927,5927,5934,17637.0,74,93364227.29492188,73360876.08337402,322130466.46118164,83306552.88696289
5928,5928,5935,17814.0,82,91217515.94543456,74202305.7937622,291566732.4066162,83887734.41314697
5929,5929,5936,18220.0,74,92316473.00720216,79951910.0189209,299031932.83081055,91379512.78686523
5930,5930,5937,17866.0,70,95442813.87329102,75977447.50976562,278819017.4102783,85778970.71838379
5931,5931,5938,18198.0,74,90923083.30535889,72814075.4699707,302229209.89990234,83322210.31188965
5932,5932,5939,18539.0,74,81758856.77337646,72849020.00427246,289393245.6970215,83445352.55432129
5933,5933,5940,18383.0,65,67107269.287109375,68731838.22631836,231111026.763916,77271350.8605957
5934,5934,5941,18594.0,74,72471568.10760498,69037281.03637695,255219452.8579712,75946152.68707275
5935,5935,5942,18780.0,78,69584679.60357666,68107887.2680664,310872100.8300781,75030945.77789307
5936,5936,5943,19088.0,70,91795265.1977539,73873324.39422607,292584300.99487305,85451495.17059326
5937,5937,5944,18577.0,69,88108602.52380371,80270818.71032715,251094163.8946533,89408307.07550049
5938,5938,5945,17385.0,82,80835557.93762207,77022141.456604,246951951.9805908,87301947.59368896
5939,5939,5946,18123.0,76,90925467.4911499,72299208.64105225,323459959.9838257,83185176.84936523
5940,5940,5947,17841.0,70,94803932.1899414,72744468.68896484,256428856.8496704,83827644.34814453
5941,5941,5948,17581.0,70,87192699.43237305,76232914.92462158,282074199.6765137,86935477.2567749
5942,5942,5949,18011.0,73,90059481.62078857,76111739.15863037,280016592.97943115,86335260.39123535
5943,5943,5950,17815.0,66,87986272.81188965,75216487.88452148,328309847.8317261,84846228.59954834
5944,5944,5951,17550.0,69,92645908.35571288,75883319.85473633,290687152.8625488,84099915.50445557
5945,5945,5952,17071.0,71,95252971.64916992,77413081.16912842,282737972.2595215,86017222.40447998
5946,5946,5953,16559.0,61,85276609.42077637,71958520.88928223,272924663.5437012,81454843.52111816
5947,5947,5954,17245.0,68,88070193.29071045,71207763.671875,285674631.1187744,81140757.56072998
5948,5948,5955,17201.0,71,93385851.8600464,70897434.23461914,297361368.1793213,78912741.66107178
5949,5949,5956,17850.0,82,88987383.84246826,68526327.13317871,307221531.86798096,78931425.09460449
5950,5950,5957,17302.0,65,75910488.12866211,65351247.78747559,232341051.10168457,72469797.13439941
5951,5951,5958,17595.0,75,70616366.38641357,65256617.54608154,251688236.23657227,72347004.8904419
5952,5952,5959,17834.0,88,87854105.94940186,71197684.2880249,282685303.6880493,80937593.46008301
5953,5953,5960,18226.0,86,93497710.22796632,73242431.640625,295189827.91900635,81215264.32037354
5954,5954,5961,17701.0,83,91052124.97711182,75821021.08001709,281452494.62127686,82389521.59881592
5955,5955,5962,17988.0,88,79089879.98962402,74235885.62011719,287891468.0480957,86689635.27679443
5956,5956,5963,17974.0,81,96707081.79473875,79166103.36303711,298579389.57214355,88128225.32653809
5957,5957,5964,17390.0,69,93318812.3703003,75494226.45568848,261547968.8644409,85243539.81018066
5958,5958,5965,17398.0,66,74070262.90893555,68559970.85571289,355223579.4067383,77631407.73773193
5959,5959,5966,17618.0,82,81867854.11834717,71550071.7163086,286864740.3717041,80803904.53338623
5960,5960,5967,18094.0,80,91769344.32983398,76631134.03320312,334623592.376709,86563467.02575684
5961,5961,5968,17919.0,72,89729350.09002686,76421273.23150635,311893483.16192627,88613319.39697266
5962,5962,5969,18291.0,69,92870527.26745604,76048462.86773682,318343185.4248047,84271126.74713135
5963,5963,5970,18243.0,71,83117782.59277344,75015969.27642822,313801241.8746948,84954924.58343506
5964,5964,5971,18402.0,76,80096082.68737793,79694342.61322021,283454763.4124756,89098890.30456543
5965,5965,5972,17849.0,76,81767992.97332764,80952621.45996094,305032122.6119995,89912214.2791748
5966,5966,5973,17385.0,69,88118003.84521484,71531408.30993652,342100679.397583,79042590.14129639
5967,5967,5974,18285.0,87,67188870.42999268,70811011.31439209,279533113.47961426,79964193.34411621
5968,5968,5975,17966.0,68,72411853.7902832,70263237.95318604,262597759.24682617,77944840.43121338
5969,5969,5976,19294.0,79,79163188.93432617,68414714.81323242,294450416.5649414,81661403.65600586
5970,5970,5977,18900.0,67,89108757.01904297,69795478.82080078,269567470.5505371,77313079.83398438
5971,5971,5978,18751.0,69,86840581.8939209,73771430.96923828,289639785.7666016,84810733.79516602
5972,5972,5979,17486.0,101,86625621.7956543,76886946.67816162,323263116.83654785,86113044.73876953
5973,5973,5980,18064.0,93,93341946.60186768,72420759.2010498,293068480.4916382,82628010.7498169
5974,5974,5981,18453.0,80,90650718.68896484,74639925.95672607,311517706.8710327,84989347.45788574
5975,5975,5982,18456.0,77,70496498.10791016,71975605.96466064,309416663.16986084,82817542.07611084
5976,5976,5983,18497.0,69,78769724.84588623,71740827.5604248,307326751.7089844,81441050.52947998
5977,5977,5984,18549.0,83,71466808.3190918,71505573.27270508,241007656.0974121,81090423.58398438
5978,5978,5985,18665.0,88,65064562.79754639,70646918.29681396,304153379.4403076,82586668.01452637
5979,5979,5986,18870.0,99,87694887.16125488,74914210.31951904,299554151.5350342,81614294.05212402
5980,5980,5987,18357.0,86,93573576.92718506,76559625.62561035,294889363.2888794,89529259.68170166
5981,5981,5988,18122.0,77,82467968.94073486,74552224.15924072,259591302.8717041,84566979.40826416
5982,5982,5989,18127.0,76,82639679.90875244,72599966.04919434,303299087.52441406,82348014.83154297
5983,5983,5990,18924.0,87,74699522.01843262,70807149.88708496,296952973.3657837,80429632.18688965
5984,5984,5991,19065.0,81,82583023.07128906,72342637.06207275,299510581.0165405,80935380.93566895
5985,5985,5992,19019.0,75,73801916.12243652,69811298.37036133,343110242.8436279,78716032.98187256
5986,5986,5993,19185.0,75,73127612.11395264,70597929.95452881,341355257.03430176,84941100.12054443
5987,5987,5994,19020.0,71,96622429.84771729,78662160.87341309,332672863.0065918,86652400.97045898
5988,5988,5995,19366.0,79,70232491.4932251,73310660.36224365,336302048.6831665,86316718.10150146
5989,5989,5996,19109.0,68,90640693.66455078,74297634.12475586,324703292.8466797,84551555.63354492
5990,5990,5997,19498.0,84,70077001.57165527,73697257.99560547,308140714.64538574,89032077.78930664
5991,5991,5998,19355.0,68,84559784.88922119,79315013.88549805,327729630.4702759,89755537.03308105
5992,5992,5999,19635.0,89,77671991.3482666,76049402.23693848,285371914.8635864,91294699.66888428
5993,5993,6000,19445.0,70,81882894.51599121,78526508.33129883,298691967.01049805,86071424.48425293
5994,5994,6001,19562.0,81,91926959.03778076,77313851.35650635,394530849.4567871,88914481.1630249
5995,5995,6002,19391.0,70,102507611.27471924,77218846.32110596,334444161.4151001,86909910.20202637
5996,5996,6003,19172.0,84,49316109.6572876,65467349.0524292,296136165.6188965,78395676.612854
5997,5997,6004,18925.0,73,86272448.53973389,70468284.6069336,354891849.51782227,79380378.72314453
5998,5998,6005,19969.0,101,70677268.02825928,68513986.58752441,311758723.25897217,85106794.3572998
5999,5999,6006,19647.0,84,72399019.24133301,72864128.11279297,262812049.86572263,80212722.77832031
6000,6000,6007,19405.0,69,75580714.22576904,73118057.25097656,409170889.8544312,81406624.79400635
6001,6001,6008,19893.0,79,87432750.7019043,78145599.36523438,335404861.4501953,90018141.746521
6002,6002,6009,19852.0,71,77496385.57434082,75672821.04492188,286523803.7109375,87612716.67480469
6003,6003,6010,19763.0,77,69270892.14324951,74844226.8371582,311608529.09088135,89548779.48760986
6004,6004,6011,19863.0,77,121882382.3928833,90716853.14178468,414113183.0215454,97874012.94708252
6005,6005,6012,19565.0,75,130147575.37841795,90951549.5300293,392247348.7854004,98356539.72625732
6006,6006,6013,19391.0,69,114829105.37719728,83435554.50439453,448918395.99609375,98940940.8569336
6007,6007,6014,20053.0,79,100855533.59985352,87111528.39660645,362517605.7815552,96022068.97735596
6008,6008,6015,19244.0,67,71631035.80474854,74228412.62817383,333310969.35272217,91748380.66101074
6009,6009,6016,19567.0,95,75954750.06103516,71269433.97521973,359098038.6734009,85962466.2399292
6010,6010,6017,19716.0,104,89298652.64892578,76239480.01861572,399077293.3959961,99863982.20062256
6011,6011,6018,19521.0,91,119236828.80401611,88185289.38293457,442957622.5280762,99534902.57263184
6012,6012,6019,20385.0,95,108536149.02496338,85115862.84637451,416194060.32562256,108400565.1473999
6013,6013,6020,19668.0,87,78453546.52404785,68829329.49066162,339031339.64538574,87078026.77154541
6014,6014,6021,20572.0,89,101536252.97546388,77348649.9786377,421581126.2130737,98960512.16125488
6015,6015,6022,19377.0,93,97900758.74328612,63895060.539245605,362620479.5837402,73720249.17602539
6016,6016,6023,19431.0,92,84935628.89099121,60370855.3314209,347444956.77948,74648159.98077393
6017,6017,6024,18471.0,89,76938324.92828369,67510713.57727051,267067481.0409546,74258100.50964355
6018,6018,6025,19347.0,84,81215265.27404785,72730613.7084961,367891380.3100586,92905314.4454956
6019,6019,6026,19813.0,82,113634911.5371704,85801232.33795166,412774875.64086914,93071536.06414796
6020,6020,6027,20322.0,97,119467826.84326172,84480492.59185791,458493856.4300537,108231226.92108154
6021,6021,6028,20094.0,93,115321549.41558838,87020427.70385742,391297943.1152344,102196752.54821776
6022,6022,6029,19838.0,110,104047215.46173096,84955119.1329956,425244620.3231812,102476837.15820312
6023,6023,6030,19267.0,83,103978570.93811037,92709446.90704346,360983885.7650757,105426675.7965088
6024,6024,6031,19076.0,94,82915671.34857178,74918510.43701172,317817382.8125,92387510.29968262
6025,6025,6032,19125.0,91,88084685.32562256,81273183.82263184,706147433.2809448,94335241.31774902
6026,6026,6033,19374.0,78,118988530.15899658,88852545.73822021,440293401.7181397,101332201.95770264
6027,6027,6034,19546.0,88,104337602.61535645,92433805.46569824,499989266.3955689,111583736.41967772
6028,6028,6035,18207.0,81,106144935.60791016,75305161.47613525,410736459.73205566,94554018.9743042
6029,6029,6036,19927.0,107,107118828.77349854,94018725.39520264,446588222.5036621,106304012.29858398
6030,6030,6037,18811.0,91,116990386.00921632,78458298.6831665,474481328.0105591,95189249.9923706
6031,6031,6038,19972.0,74,118596769.33288574,93594123.84033205,411939508.4381104,116257165.90881348
6032,6032,6039,19620.0,72,141102339.74456787,103794783.59222412,418615974.42626953,111308831.2149048
6033,6033,6040,19864.0,115,83272966.3848877,82317860.60333252,376731043.8156128,102024477.00500488
6034,6034,6041,19254.0,80,71656956.67266846,76401794.43359375,331799685.47821045,95234133.72039796
6035,6035,6042,19313.0,78,96483070.37353516,86488543.51043701,409070085.5255127,100723311.42425536
6036,6036,6043,19501.0,80,80736042.02270508,78618353.84368896,366217727.6611328,100256836.89117432
6037,6037,6044,19541.0,89,82534448.62365723,81751035.69030762,385984504.69970703,100863588.33312988
6038,6038,6045,19136.0,77,95604039.1921997,92762968.06335448,384825272.5601196,103037141.79992676
6039,6039,6046,20286.0,86,111407513.61846924,94761088.37127686,425101647.37701416,109824950.21820068
6040,6040,6047,20940.0,74,115368976.59301758,99425573.34899902,445383899.6887207,112090730.66711426
6041,6041,6048,19400.0,90,80961283.68377686,70895895.95794678,307058636.66534424,97123476.9821167
6042,6042,6049,19910.0,87,122039396.28601074,89880437.85095215,482078310.9664917,102780860.9008789
6043,6043,6050,21104.0,99,112218443.87054443,90811454.77294922,465452551.84173584,112775190.35339355
6044,6044,6051,20279.0,89,120069793.70117188,97979840.27862547,497535055.16052246,119381865.5014038
6045,6045,6052,21001.0,93,124115360.26000977,97550285.33935548,466673780.4412842,119273866.65344238
6046,6046,6053,19338.0,81,82250993.7286377,71078089.7140503,403005583.76312256,95006272.315979
6047,6047,6054,21696.0,101,137014352.7984619,103862008.0947876,468163348.197937,126431059.83734132
6048,6048,6055,20117.0,88,126988686.56158447,84212841.03393555,468917147.6364136,105879996.29974364
6049,6049,6056,20017.0,81,80150641.44134521,79817065.23895264,366509104.72869873,102169605.25512695
6050,6050,6057,20501.0,87,124499368.66760254,93974178.31420898,492304913.520813,109713913.9175415
6051,6051,6058,20078.0,84,114422368.04962158,90153386.11602785,481015414.2379761,104442214.96582033
6052,6052,6059,20679.0,91,102862086.29608154,76915838.24157715,407536254.8828125,100710797.30987547
6053,6053,6060,20011.0,87,104797557.83081056,79515006.06536865,431757884.0255737,96176541.32843018
6054,6054,6061,20756.0,102,90257328.98712158,81762404.4418335,466624965.6677246,113713111.8774414
6055,6055,6062,19710.0,73,126348698.61602785,94697875.02288818,424231579.7805786,110252263.06915285
6056,6056,6063,19488.0,92,115401620.86486816,80801321.9833374,400470108.9859009,95719055.17578124
6057,6057,6064,19144.0,91,60464349.7467041,62821028.70941162,270866968.1549072,75524806.97631836
6058,6058,6065,20578.0,106,94058638.57269289,80963505.74493408,403897709.8464966,99344449.04327393
6059,6059,6066,19969.0,82,86494261.74163818,87245966.91131592,366087373.7335205,99219728.46984863
6060,6060,6067,20168.0,70,127877334.59472656,94964662.55187988,489947093.9636231,106687749.8626709
6061,6061,6068,20667.0,82,123377534.866333,94174948.69232178,477696673.3932495,112835823.05908205
6062,6062,6069,19428.0,84,75706743.24035645,78603552.81829834,407309447.2885132,105741437.9119873
6063,6063,6070,18717.0,88,113592638.9694214,89140364.64691162,380301523.20861816,99046824.45526125
6064,6064,6071,18658.0,83,113898973.46496582,85450172.4243164,388234125.1373291,96424468.04046632
6065,6065,6072,19464.0,96,100796630.859375,89283320.42694092,405755058.2885742,103876897.81188963
6066,6066,6073,18301.0,79,118081729.88891602,92547072.4105835,361516654.9682617,100164903.64074709
6067,6067,6074,18342.0,85,102951728.82080078,90126266.4794922,359922607.421875,108347549.43847656
6068,6068,6075,18429.0,76,102966040.61126707,89550082.20672607,349736431.1218262,101218922.61505128
6069,6069,6076,18564.0,66,101360908.50830078,84520008.0871582,335937770.84350586,97046634.67407228
6070,6070,6077,18924.0,78,106406272.8881836,91225916.8624878,335930922.50823975,98598432.54089355
6071,6071,6078,19005.0,75,86610869.40765381,77154280.66253662,354859804.1534424,100125086.7843628
6072,6072,6079,20377.0,79,128248077.39257812,94834495.5444336,500107883.45336914,105809551.23901369
6073,6073,6080,20087.0,86,104761612.89215088,80860383.98742676,491356028.5568237,95350567.817688
6074,6074,6081,19590.0,86,103681880.95092772,79393784.52301025,479516122.8179932,97130920.41015624
6075,6075,6082,19384.0,91,104168817.5201416,75922533.03527832,353242323.87542725,96755620.9564209
6076,6076,6083,20930.0,96,109286718.36853027,82864455.2230835,443079778.6712647,100115444.1833496
6077,6077,6084,20117.0,80,117787769.31762695,84618755.34057617,375480400.0854492,95967739.1052246
6078,6078,6085,20547.0,86,98526597.02301024,79609296.79870605,393967025.756836,105357803.34472656
6079,6079,6086,20796.0,77,131085799.21722412,90104431.15234376,399655287.7426148,105932289.12353516
6080,6080,6087,20698.0,75,99755088.80615234,89328720.09277344,409714373.588562,109871751.78527832
6081,6081,6088,19940.0,78,90438076.01928712,84011151.31378174,366727588.65356445,105820794.1055298
6082,6082,6089,20424.0,84,118705206.87103271,96982469.55871582,402079748.1536865,113948273.65875244
6083,6083,6090,20426.0,76,96812519.07348631,92755819.32067873,426389251.7089844,110280334.47265624
6084,6084,6091,19734.0,83,107810701.37023926,91905707.35931396,408258378.982544,106159288.40637209
6085,6085,6092,20128.0,79,78516903.8772583,83964517.59338379,372399310.1119995,100337152.4810791
6086,6086,6093,17983.0,87,74646373.7487793,70449976.92108154,304029170.98999023,80479283.3328247
6087,6087,6094,19318.0,83,92778435.70709229,76550100.32653809,378480809.21173096,88393448.82965088
6088,6088,6095,19156.0,76,102458788.87176514,81284050.94146729,360151569.3664551,88008906.36444092
6089,6089,6096,20132.0,104,101844794.27337646,73376430.51147461,344055538.17749023,85427273.75030518
6090,6090,6097,19382.0,78,69974033.35571289,61537130.35583496,274835174.5605469,74337467.19360352
6091,6091,6098,18962.0,106,73059147.83477783,59006057.73925781,304473124.50408936,70954744.33898926
6092,6092,6099,19470.0,83,84621016.50238037,73923220.63446045,283085008.6212158,89093595.50476074
6093,6093,6100,19102.0,86,88036043.16711426,77646883.01086426,334561898.23150635,91076305.3894043
6094,6094,6101,19260.0,98,94131608.9630127,75310712.81433105,348368869.78149414,94501116.75262453
6095,6095,6102,19647.0,117,111084694.86236572,79256600.37994385,342479632.3776245,88739049.91149902
6096,6096,6103,19234.0,86,96377964.9734497,79533748.62670898,336456775.6652832,92153614.04418944
6097,6097,6104,19079.0,79,88260074.61547852,72377527.23693848,342288036.34643555,92476778.03039552
6098,6098,6105,19543.0,96,74640298.84338379,69811519.62280273,313252214.4317627,81237442.97027588
6099,6099,6106,19272.0,91,69932115.55480957,66799567.222595215,269687727.9281616,77391180.03845215
6100,6100,6107,19122.0,78,82148978.2333374,70939479.82788086,331211563.1103516,81047664.64233398
6101,6101,6108,19303.0,86,94006665.22979736,79192827.22473145,331528761.8637085,91799968.71948242
6102,6102,6109,18881.0,67,89575645.44677734,76018114.08996582,324875297.5463867,91876548.76708984
6103,6103,6110,18738.0,75,86080509.18579102,73481443.40515137,344645759.58251953,86777738.57116699
6104,6104,6111,18993.0,78,79588840.48461914,74773171.42486572,331274866.104126,91422060.9664917
6105,6105,6112,18553.0,85,83745608.32977295,66049744.60601807,318202123.6419678,78358096.1227417
6106,6106,6113,18537.0,72,89725695.61004639,72721889.49584961,281387797.35565186,83467171.66900635
6107,6107,6114,18442.0,72,80329240.7989502,69574246.40655518,297228611.946106,82818455.69610596
6108,6108,6115,18629.0,77,84337357.52105713,70404209.13696289,272758283.6151123,76061886.78741455
6109,6109,6116,18749.0,86,82892619.1329956,67419732.09381104,317775972.366333,79049797.05810547
6110,6110,6117,18841.0,73,89567189.21661377,71525158.88214111,313314836.5020752,81446142.19665527
6111,6111,6118,18560.0,88,66405885.69641113,63178903.57971192,257366971.01593015,71728772.16339111
6112,6112,6119,18352.0,93,64166434.2880249,61988496.78039551,228093995.0942993,68794127.46429443
6113,6113,6120,18249.0,69,70747186.6607666,65869303.703308105,248761692.04711917,74171597.48077393
6114,6114,6121,18846.0,87,77432993.88885498,65842455.86395264,280129623.41308594,71497138.02337646
6115,6115,6122,18795.0,71,72196958.54187012,65779849.0524292,273647420.8831787,73177168.84613037
6116,6116,6123,18976.0,70,68572811.12670898,65430560.11199951,266684955.59692383,72720387.45880127
6117,6117,6124,17999.0,76,69626244.54498291,60625457.76367188,293326838.4933472,67121801.37634277
6118,6118,6125,18324.0,79,77557634.3536377,60946424.48425293,280403500.5569458,71593852.99682617
6119,6119,6126,18628.0,80,80971163.74969482,70434417.72460938,327070799.8275757,83801991.46270752
6120,6120,6127,18033.0,71,78848858.83331299,68069084.16748047,315748596.19140625,81380075.45471191
6121,6121,6128,19098.0,83,78419808.38775635,65812736.51123047,313272409.4390869,78339137.07733154
6122,6122,6129,18205.0,81,84601487.159729,66599217.41485596,304066195.4879761,79234040.26031494
6123,6123,6130,19186.0,73,81325675.01068115,65699660.301208496,324454395.29418945,79182190.89508057
6124,6124,6131,18999.0,70,98251800.53710938,77492432.59429932,315650029.1824341,87687880.51605225
6125,6125,6132,18728.0,73,92629858.01696776,69507483.48236084,290959948.5397339,75644249.91607666
6126,6126,6133,18610.0,93,66558871.26922608,61580681.800842285,281970612.52593994,72078692.43621826
6127,6127,6134,18965.0,80,72207257.27081299,61188819.88525391,271120373.7258911,69103788.37585449
6128,6128,6135,18882.0,77,95893237.11395264,71054155.34973145,302478313.4460449,80611276.62658691
6129,6129,6136,18589.0,82,89262049.6749878,67595705.98602295,305919615.74554443,78074482.91778564
6130,6130,6137,19348.0,86,97310354.23278809,69350973.12927246,342997741.69921875,82024295.80688477
6131,6131,6138,18901.0,81,100073971.74835204,70442467.68951416,297375976.5625,77018200.87432861
6132,6132,6139,18689.0,69,93799770.3552246,73020877.83813477,310155792.2363281,83464950.56152344
6133,6133,6140,18597.0,66,87497081.7565918,77336704.25415039,248765613.5559082,87795257.56835938
6134,6134,6141,18536.0,68,92939945.22094728,75288174.62921143,264746528.62548828,84624096.87042236
6135,6135,6142,18675.0,76,91660313.6062622,73758807.18231201,305336555.48095703,83533764.83917236
6136,6136,6143,18607.0,72,95033288.95568848,71951257.70568848,299570004.4631958,81913241.38641357
6137,6137,6144,18099.0,72,99343132.97271729,71486896.51489258,308192041.3970947,80127696.9909668
6138,6138,6145,18085.0,72,89238123.8937378,67990250.58746338,338461483.9553833,76925450.3250122
6139,6139,6146,18152.0,89,88354584.69390869,68629188.53759766,299502605.4382324,80504259.10949707
6140,6140,6147,17923.0,79,90420341.49169922,72020971.29821777,318346446.9909668,85491697.31140137
6141,6141,6148,17670.0,61,92043075.56152344,77197761.53564453,311284980.7739258,90799102.78320312
6142,6142,6149,17530.0,64,86375671.38671875,72482542.03796387,302923351.2878418,84436189.65148926
6143,6143,6150,17749.0,63,87489699.3637085,73556438.44604492,301883363.7237549,86833900.45166016
6144,6144,6151,17951.0,64,83883262.63427734,73701366.42456055,359482765.1977539,86296714.78271484
6145,6145,6152,18516.0,69,89447680.47332764,76746757.50732422,350621492.38586426,86560026.16882324
6146,6146,6153,18889.0,80,77066613.19732666,72500032.42492676,338771853.44696045,86624150.27618408
6147,6147,6154,18451.0,65,83418816.56646729,75672182.08312988,312381444.9310303,89097040.1763916
6148,6148,6155,18415.0,72,82053564.07165527,74117889.40429688,297937601.08947754,85505121.2310791
6149,6149,6156,18364.0,67,87818109.5123291,73015734.67254639,323059323.31085205,87792728.42407227
6150,6150,6157,18645.0,73,78052721.97723389,68512577.05688477,341592617.0349121,80800459.86175537
6151,6151,6158,18858.0,67,89313008.30841064,75906316.75720215,343810181.6177368,88964756.01196289
6152,6152,6159,18522.0,69,84265710.83068848,74937281.60858154,304082017.8985596,86171956.0623169
6153,6153,6160,18178.0,69,72530529.0222168,71266795.15838623,334205430.03082275,83943993.56842041
6154,6154,6161,18750.0,66,72635177.61230469,70078472.13745117,295743339.5385742,83194271.08764648
6155,6155,6162,18346.0,72,87950961.11297607,71339756.9656372,298069913.86413574,81660251.61743164
6156,6156,6163,18479.0,65,84191112.51831055,75189995.76568604,327252346.0388184,89874206.54296875
6157,6157,6164,17541.0,78,81102566.71905518,74681682.58666992,340330468.1777954,89320229.53033447
6158,6158,6165,18251.0,72,67447191.23840332,70732955.93261719,318806566.2384033,82517659.1873169
6159,6159,6166,17866.0,62,75566761.0168457,67270450.59204102,315131061.5539551,79305393.21899414
6160,6160,6167,18651.0,75,72359105.11016846,78883896.82769775,317340643.88275146,90303987.50305176
6161,6161,6168,19073.0,71,84325006.48498535,81745626.44958496,298600429.5349121,92574697.49450684
6162,6162,6169,17748.0,66,79559048.65264893,73425657.27233887,283792787.5518799,87844688.41552734
6163,6163,6170,19725.0,87,75847673.4161377,80344497.68066406,329995854.3777466,93636902.80914308
6164,6164,6171,18675.0,80,71402925.49133301,70057084.08355713,261190281.86798096,77688871.38366699
6165,6165,6172,19410.0,79,90064451.21765137,74379640.57922363,376481625.5569458,84022675.51422119
6166,6166,6173,19017.0,90,77769171.71478271,66678863.52539063,319570158.95843506,75359355.92651367
6167,6167,6174,20124.0,83,88298974.03717041,77007567.40570068,388057991.9815064,94971751.21307372
6168,6168,6175,19291.0,86,68403267.8604126,68591423.03466797,349784807.2052002,84073336.60125732
6169,6169,6176,18713.0,81,63972851.75323486,68359030.72357178,299329308.50982666,78310153.96118164
6170,6170,6177,19230.0,72,86700252.53295898,77153398.51379395,354713939.66674805,91106864.92919922
6171,6171,6178,19910.0,72,108038713.4552002,84704376.22070312,414066196.4416504,94612644.19555664
6172,6172,6179,19454.0,70,102493240.35644533,82138114.92919922,422980449.6765137,93898136.13891602
6173,6173,6180,19588.0,96,81065730.09490967,71429836.27319336,356539400.100708,87081113.81530762
6174,6174,6181,19606.0,71,101135573.387146,75046228.40881348,327693473.815918,89916093.82629395
6175,6175,6182,19535.0,74,102244028.09143066,78744606.0180664,367090145.111084,93563743.5913086
6176,6176,6183,19110.0,69,104449807.16705322,83852701.18713379,407792798.04229736,96555555.34362791
6177,6177,6184,18330.0,87,92068926.81121826,75798934.93652344,307957396.5072632,86558320.99914551
6178,6178,6185,18468.0,66,95788371.0861206,76023735.04638672,296659497.26104736,87776615.14282227
6179,6179,6186,19146.0,74,96646267.89093018,78339144.70672607,290184908.8668823,88914866.44744873
6180,6180,6187,18636.0,74,92788158.41674805,79510228.15704346,257069717.40722656,87623535.15625
6181,6181,6188,18630.0,74,88286558.15124512,77422905.92193604,295450698.85253906,87263912.20092773
6182,6182,6189,18295.0,68,94349991.79840088,77128379.82177734,328673132.89642334,87821449.27978516
6183,6183,6190,18744.0,68,97614737.51068117,76304589.27154541,289488147.7355957,86760877.60925293
6184,6184,6191,18365.0,69,95197153.09143066,77449769.97375488,301333684.92126465,86742308.61663818
6185,6185,6192,18032.0,68,93369068.14575195,79127199.17297363,299295984.2681885,89164772.0336914
6186,6186,6193,17742.0,83,90149128.9138794,80466267.5857544,320744187.3550415,93962097.16796876
6187,6187,6194,17844.0,67,90583392.14324953,77882262.22991943,293826660.15625,85591536.52191162
6188,6188,6195,18001.0,85,90376629.82940674,79088978.76739502,328167481.4224243,90718035.697937
6189,6189,6196,17895.0,72,96466713.90533447,79625516.89147949,298505484.58099365,87562110.9008789
6190,6190,6197,17292.0,81,89313587.1887207,78469264.03045654,278624008.17871094,88552242.27905273
6191,6191,6198,17134.0,59,88614315.03295898,80031970.9777832,305427013.3972168,87945533.7524414
6192,6192,6199,17412.0,61,90577426.9104004,78641720.77178955,357058246.6125488,90381287.57476808
6193,6193,6200,17516.0,70,81809828.75823975,77569351.19628906,270675427.4368286,85428236.96136475
6194,6194,6201,16888.0,63,92815803.52783205,78341646.19445801,288510845.1843262,88909811.01989746
6195,6195,6202,17172.0,65,93363651.27563477,78342669.48699951,248785217.28515625,86328166.0079956
6196,6196,6203,17052.0,59,87864116.66870117,79001850.12817383,310337825.7751465,87172542.57202148
6197,6197,6204,17327.0,69,91922592.16308594,76661839.48516846,326924787.5213623,89814020.15686035
6198,6198,6205,17093.0,64,95190982.81860352,80278465.2709961,267383785.24780276,88915499.68719482
6199,6199,6206,16970.0,62,93833204.26940918,77945921.89788818,276818935.3942871,89641130.4473877
6200,6200,6207,18382.0,74,91192632.6751709,78679244.04144287,316010066.986084,88844861.03057861
6201,6201,6208,18611.0,77,91764598.84643556,77865196.22802734,334206137.6571655,87394417.76275635
6202,6202,6209,18488.0,76,96663573.26507568,80212385.1776123,303780657.7682495,89661719.32220459
6203,6203,6210,17273.0,79,89367233.27636719,76028513.90838623,280705751.4190674,84646938.32397461
6204,6204,6211,17348.0,83,76520585.06011963,74725468.63555908,337515538.2156372,85640615.46325684
6205,6205,6212,17100.0,72,65663972.85461426,75392400.74157715,253694782.25708008,84905632.01904297
6206,6206,6213,16750.0,76,85051721.57287598,73485028.26690674,242817766.1895752,80712959.28955078
6207,6207,6214,16239.0,62,86137973.78540039,72820022.58300781,296862141.6091919,81825157.16552734
6208,6208,6215,17116.0,63,88357872.00927734,78102787.01782227,298296573.638916,87747413.6352539
6209,6209,6216,16944.0,61,91946188.92669678,75006714.82086182,300159725.189209,86354535.10284424
6210,6210,6217,17371.0,61,87953116.41693115,72312759.39941406,328735866.54663086,82558099.7467041
6211,6211,6218,17414.0,64,72779521.94213867,70608749.38964844,265035133.3618164,81846867.56134033
6212,6212,6219,17753.0,77,88335267.06695557,72910803.79486084,291121030.8074951,85555736.54174805
6213,6213,6220,17186.0,66,92464219.09332275,70785283.08868408,298116741.1804199,80585812.56866455
6214,6214,6221,17570.0,76,94789063.45367432,76505449.29504395,284896761.8942261,87333937.6449585
6215,6215,6222,17743.0,77,89123699.18823242,75979085.92224121,279515686.03515625,84397410.39276123
6216,6216,6223,17396.0,69,92116663.9328003,78001167.29736328,278706680.2978516,87112849.23553467
6217,6217,6224,17237.0,69,59812458.03833008,73884707.4508667,235611734.3902588,82814381.59942627
6218,6218,6225,17733.0,68,72541258.81195068,74868719.10095215,330244937.8967285,83744999.88555908
6219,6219,6226,17307.0,69,92115954.39910889,76730695.7244873,304311862.94555664,85542881.9656372
6220,6220,6227,17175.0,65,90136913.29956056,76917024.61242676,258297634.12475583,84756380.08117676
6221,6221,6228,17336.0,67,88963116.64581299,75608751.29699707,349605323.7915039,83595736.50360107
6222,6222,6229,17414.0,61,76308738.7084961,75348499.2980957,278159976.9592285,85145004.27246094
6223,6223,6230,17296.0,67,82013397.21679688,76416826.24816895,300944451.3320923,85655298.23303223
6224,6224,6231,17014.0,66,89906485.55755615,77411070.82366943,359444091.796875,85534424.78179932
6225,6225,6232,17805.0,69,85972913.74206543,71526363.37280273,318333951.95007324,80911510.4675293
6226,6226,6233,17894.0,81,76795536.04125977,72091710.0906372,342641277.3132324,81650910.37750244
6227,6227,6234,17995.0,76,83499321.93756104,70131680.48858643,250737688.0645752,78406054.49676514
6228,6228,6235,18602.0,88,78894095.4208374,71296813.96484375,300095299.72076416,78755431.17523193
6229,6229,6236,18404.0,75,88731272.69744873,69085494.04144287,275748274.8031616,80881556.5109253
6230,6230,6237,18659.0,74,88491592.40722656,71931867.5994873,259685449.60021973,80505056.38122559
6231,6231,6238,19078.0,69,78485553.74145508,71960899.35302734,310660743.7133789,83160018.92089844
6232,6232,6239,18748.0,70,72488862.99133301,70356388.09204102,837229595.1843262,82019649.50561523
6233,6233,6240,19512.0,72,105474372.86376952,81191295.6237793,403493957.5195313,91576118.46923828
6234,6234,6241,19097.0,67,107736858.36791992,80270042.4194336,293088325.5004883,86187431.33544922
6235,6235,6242,19167.0,77,81218843.46008301,73864357.94830322,350490288.73443604,84872897.14813232
6236,6236,6243,18027.0,67,76397934.91363525,73321516.0369873,322555304.5272827,80779818.53485107
6237,6237,6244,18063.0,91,94526084.89990234,75933455.46722412,290075376.5106201,85334514.61791992
6238,6238,6245,18307.0,68,96805489.5401001,74991724.96795654,302817955.97076416,85068365.0970459
6239,6239,6246,18201.0,72,97572633.74328612,78846954.34570312,363673126.2207031,90303750.03814696
6240,6240,6247,17558.0,69,97224496.84143066,78489518.16558838,308585975.64697266,87739982.60498047
6241,6241,6248,17650.0,70,93192821.50268556,78647839.54620361,304114051.81884766,88464820.8618164
6242,6242,6249,17773.0,68,86935565.94848633,75891345.9777832,340256919.86083984,84368320.46508789
6243,6243,6250,17694.0,65,88415526.39007568,73400419.23522949,352570182.80029297,81366997.71881104
6244,6244,6251,17678.0,67,60781166.07666016,70444095.61157227,253266838.07373047,76577648.1628418
6245,6245,6252,17788.0,68,43271604.53796387,67968208.31298828,240979391.0980225,75626407.62329102
6246,6246,6253,17859.0,73,90431307.79266356,73151075.36315918,331764153.4805298,82210849.76196289
6247,6247,6254,17476.0,65,95045471.19140624,73818552.01721191,295412850.37994385,82441657.06634521
6248,6248,6255,18040.0,87,70383278.84674072,67351654.05273438,283221138.0004883,79529841.42303467
6249,6249,6256,17734.0,93,48803950.30975342,63143436.431884766,228912445.06835935,73653942.1081543
6250,6250,6257,17167.0,92,77121044.15893555,68100208.2824707,293841303.8253784,76517602.92053223
6251,6251,6258,16893.0,69,85834612.84637451,72363840.10314941,253482075.69122317,85524777.41241455
6252,6252,6259,16821.0,61,85015842.43774414,70269168.85375977,305911998.7487793,81931781.76879883
6253,6253,6260,16661.0,60,84855477.33306885,72826229.09545898,279517057.41882324,82088308.33435059
6254,6254,6261,16817.0,60,91737293.2434082,74394035.33935547,289928546.9055176,85587673.18725586
6255,6255,6262,16804.0,61,96439716.33911131,76864284.51538086,298228553.77197266,88637580.87158203
6256,6256,6263,16836.0,61,92279146.194458,80661746.97875977,236373363.49487305,91337867.7368164
6257,6257,6264,16773.0,60,89351976.39465332,78751838.68408203,311045024.8718262,89962261.19995117
6258,6258,6265,16878.0,61,86627655.98297119,71549741.74499512,302830127.71606445,86857511.52038574
6259,6259,6266,16802.0,60,92255306.24389648,76652133.94165039,263425231.93359372,85922592.16308594
6260,6260,6267,16419.0,64,82437199.59259033,76013189.3157959,289815815.92559814,84893213.27209473
6261,6261,6268,16596.0,61,91798977.85186768,77581230.16357422,259010769.8440552,84827592.84973145
6262,6262,6269,16253.0,69,94638896.94213869,76423853.87420654,271575612.06817627,85060185.43243408
6263,6263,6270,16672.0,63,90706452.36968994,73571950.91247559,296295412.06359863,81242204.6661377
6264,6264,6271,16801.0,61,68358154.296875,72426198.95935059,260522335.05249023,78088195.80078125
6265,6265,6272,16804.0,69,61679752.34985352,68785826.68304443,278151105.8807373,76924458.50372314
6266,6266,6273,16659.0,64,86464471.8170166,72635085.105896,280188229.56085205,78819447.51739502
6267,6267,6274,17210.0,63,87942540.1687622,73474773.40698242,288020250.3204346,81792039.87121582
6268,6268,6275,17314.0,75,91170921.3256836,78026455.87921143,359019866.9433594,93524918.55621338
6269,6269,6276,17012.0,62,104469501.49536131,79746208.19091797,348196857.4523926,93189483.64257812
6270,6270,6277,16869.0,62,90728923.79760742,73101366.04309082,286738533.02001953,85112094.87915039
6271,6271,6278,16776.0,60,95794230.4611206,76515335.08300781,340719695.0912476,88120172.50061035
6272,6272,6279,17856.0,79,89837704.6585083,78457975.38757324,340848621.3684082,92834773.06365968
6273,6273,6280,17720.0,63,120790840.14892578,87748283.38623047,364564769.74487305,95693965.91186523
6274,6274,6281,16991.0,77,75963133.81195068,72131631.85119629,297383250.23651123,85917643.5470581
6275,6275,6282,17850.0,70,87031546.5927124,74587479.59136963,332028598.7854004,85565482.1395874
6276,6276,6283,18040.0,66,94913732.52868652,78683986.66381836,286807025.9094238,88789452.55279541
6277,6277,6284,17976.0,64,89053684.23461914,78057472.2290039,302264293.6706543,84876518.24951172
6278,6278,6285,17889.0,62,62344303.13110352,73956897.7355957,256525611.8774414,84099689.48364258
6279,6279,6286,17858.0,65,89102493.28613281,75397164.3447876,280538795.4711914,81221425.05645752
6280,6280,6287,17729.0,70,95358249.66430664,75054650.30670166,288588448.5244751,81287836.0748291
6281,6281,6288,18099.0,70,79580597.87750244,76151124.95422363,300695222.85461426,87550510.40649414
6282,6282,6289,18097.0,64,50530696.86889648,72179992.67578125,223247352.6000977,79554733.27636719
6283,6283,6290,18026.0,62,60146167.75512695,71996753.69262695,247405723.5717773,80891422.27172852
6284,6284,6291,18361.0,67,68116323.47106934,72312992.09594727,287895816.8029785,82165656.08978271
6285,6285,6292,18452.0,67,62257525.44403076,72877711.29608154,334446654.3197632,85300053.59649658
6286,6286,6293,19027.0,73,79816835.40344238,75766138.07678223,312075883.86535645,84822934.1506958
6287,6287,6294,18695.0,81,62499865.53192139,72190328.59802246,272413170.81451416,83068460.46447754
6288,6288,6295,18711.0,70,54750530.24291992,70318083.76312256,243548387.52746585,75739867.21038818
6289,6289,6296,19419.0,86,63717706.68029785,76575128.55529785,289332373.6190796,84514172.55401611
6290,6290,6297,18361.0,83,61852880.47790527,74531145.0958252,247418437.00408936,78779196.73919678
6291,6291,6298,18654.0,67,60165950.77514648,73235794.06738281,241988456.72607425,77814308.1665039
6292,6292,6299,18856.0,73,58103621.48284912,73490600.5859375,245516604.42352292,77747707.36694336
6293,6293,6300,19034.0,70,64064560.89019776,73715898.51379395,281693500.5187988,82817176.81884766
6294,6294,6301,18561.0,72,74469172.47772217,74374309.53979492,283440603.2562256,80535091.40014648
6295,6295,6302,18924.0,75,69740294.45648193,77946591.3772583,290489545.82214355,84900897.97973633
6296,6296,6303,18716.0,74,54188568.115234375,75495019.91271973,242180706.02416992,82092753.41033936
6297,6297,6304,18661.0,69,59268142.70019531,75741873.7411499,281457276.3442993,83030346.87042236
6298,6298,6305,18520.0,64,61861511.23046875,75389488.22021484,242430110.93139648,79533504.48608398
6299,6299,6306,18353.0,64,64370656.967163086,71703502.6550293,240505764.0075684,78397846.22192383
6300,6300,6307,19156.0,71,67618219.37561035,78489441.87164307,288172607.421875,86992995.262146
6301,6301,6308,18835.0,68,66632755.279541016,73520119.66705322,265125591.27807617,85454293.2510376
6302,6302,6309,18858.0,81,74626725.19683838,72855985.64147949,260245084.76257324,81830842.97180176
6303,6303,6310,19115.0,72,73703485.4888916,77192565.91796875,310111899.3759155,87375816.34521484
6304,6304,6311,18930.0,69,66898684.50164795,74826724.0524292,309818323.135376,87578513.14544678
6305,6305,6312,20238.0,79,86374607.08618164,85264948.84490967,393071805.9539795,98481275.55847168
6306,6306,6313,19275.0,71,78184780.12084961,80695866.58477783,331176316.2612915,91404127.12097168
6307,6307,6314,18457.0,79,61104849.81536865,72928138.73291016,244055947.303772,84152888.29803467
6308,6308,6315,19377.0,72,65885984.42077637,77816532.13500977,306596811.29455566,86511072.15881348
6309,6309,6316,19580.0,72,67551330.56640625,73318396.56829834,328705139.16015625,82854552.26898193
6310,6310,6317,19611.0,76,76664196.0144043,74534308.43353271,334885192.8710937,84778511.04736328
6311,6311,6318,18981.0,74,73919045.44830322,73434613.22784424,312812145.2331543,82420969.00939941
6312,6312,6319,19084.0,66,82398971.55761719,76610107.421875,324366325.378418,89175304.4128418
6313,6313,6320,17684.0,87,87630858.42132568,72902080.53588867,271960732.460022,82589418.41125488
6314,6314,6321,16808.0,70,67116857.52868652,62838255.88226318,268770726.20391846,68667023.65875244
6315,6315,6322,17863.0,79,83396951.67541504,73983336.44866943,293403505.3253174,82971221.92382812
6316,6316,6323,16906.0,70,78147147.1786499,66463386.53564453,324687248.22998047,74878862.38098145
6317,6317,6324,18689.0,75,96610793.1137085,82532457.35168457,373659818.649292,95630223.27423096
6318,6318,6325,17487.0,74,85457394.59991455,78838161.46850586,281968937.87384033,88367235.18371582
6319,6319,6326,17640.0,64,96379250.52642822,86807735.44311523,317072133.06427,94281635.28442384
6320,6320,6327,18515.0,68,83655856.13250732,78387307.16705322,365281462.66937256,96374444.96154784
6321,6321,6328,18423.0,64,117899291.9921875,91487697.60131836,315062339.78271484,99604644.77539062
6322,6322,6329,18404.0,86,80043269.15740967,77082691.19262695,297966728.2104492,90230395.31707764
6323,6323,6330,18426.0,70,86718624.11499023,77065799.71313477,277384761.81030273,87638900.75683594
6324,6324,6331,19085.0,74,92450426.10168456,79511040.68756104,326910749.4354248,93687645.9121704
6325,6325,6332,19018.0,91,80177486.41967773,78953609.46655273,312955948.8296509,92132848.73962402
6326,6326,6333,19183.0,82,81762086.86828613,76338416.09954834,321825313.56811523,91289541.24450684
6327,6327,6334,19450.0,79,82370084.76257324,79204382.89642334,351819265.3656006,93643959.99908447
6328,6328,6335,19015.0,80,84845614.43328857,76976778.98406982,385853443.145752,91743509.29260254
6329,6329,6336,19750.0,88,103099115.3717041,82596673.01177979,375149735.4507446,97917799.949646
6330,6330,6337,18504.0,78,84564522.7432251,74404608.72650146,319490942.0013428,87593205.45196533
6331,6331,6338,18560.0,69,73709447.86071777,75242951.39312744,270751822.47161865,86279366.4932251
6332,6332,6339,19105.0,84,71102883.33892822,69615788.45977783,263897208.21380612,79156419.75402832
6333,6333,6340,18280.0,80,84445210.45684814,70453341.48406982,321367346.76361084,80297027.58789062
6334,6334,6341,18654.0,83,102542453.76586914,79051592.82684326,342922967.9107666,88201392.17376709
6335,6335,6342,18600.0,70,96947591.7816162,79395883.56018066,339345150.9475708,96716739.65454102
6336,6336,6343,19267.0,85,110955710.41107178,85222763.06152344,393473710.0601196,99901637.07733154
6337,6337,6344,19204.0,70,110260458.94622804,88461199.76043701,333868839.263916,103452332.49664308
6338,6338,6345,18888.0,74,107388557.43408205,83118689.53704834,359212782.85980225,99465291.97692873
6339,6339,6346,18834.0,63,109668010.71166992,91424205.7800293,349176406.8603516,101192619.32373048
6340,6340,6347,18315.0,71,86105343.81866455,77555579.18548584,309335010.52856445,96062541.96166992
6341,6341,6348,18666.0,69,94257900.23803712,81593181.61010742,362692153.93066406,91334568.02368164
6342,6342,6349,18026.0,71,94856792.44995116,77046151.16119385,334357276.9165039,89001064.30053711
6343,6343,6350,18209.0,71,96501957.89337158,84505952.83508301,352402803.4210205,98595345.49713136
6344,6344,6351,18396.0,69,111559966.08734132,93299542.427063,441376810.0738525,106081397.0565796
6345,6345,6352,17376.0,71,97360085.48736572,82817953.10974121,391708289.14642334,91951847.07641602
6346,6346,6353,18239.0,65,101513141.63208008,79281919.47937012,371002288.8183594,97143926.6204834
6347,6347,6354,18418.0,74,104719359.39788818,85782459.2590332,364489562.9882813,104023855.2093506
6348,6348,6355,17845.0,62,106195564.27001952,85880248.06976318,395455092.4301148,102383201.5991211
6349,6349,6356,18493.0,84,100136918.06793211,74247728.34777832,415458201.40838623,93685524.94049072
6350,6350,6357,17705.0,84,95360709.19036864,74059912.68157959,306281264.30511475,89116829.87213135
6351,6351,6358,17603.0,63,95711638.45062256,73758671.76055908,385582038.8793945,86341818.80950928
6352,6352,6359,17497.0,68,78821288.10882568,71834198.95172119,343832507.1334839,90208025.932312
6353,6353,6360,17705.0,74,86524567.60406494,78655746.45996094,365871528.6254883,90462705.61218262
6354,6354,6361,17932.0,66,110028579.71191406,89359827.04162598,408750316.61987305,105256830.2154541
6355,6355,6362,17296.0,67,97790346.14562988,90514598.84643556,347362503.0517578,101308345.79467772
6356,6356,6363,17115.0,60,107889132.49969482,89719097.13745117,311594149.5895386,100462993.62182616
6357,6357,6364,17884.0,69,113103738.78479004,91602953.91082764,336701649.6658325,101067908.28704834
6358,6358,6365,17139.0,64,96677457.80944824,80166042.32788086,284916967.3919678,97612388.61083984
6359,6359,6366,17752.0,76,96635613.44146729,85378750.80108643,334911926.26953125,105115961.0748291
6360,6360,6367,17633.0,66,122446823.1201172,98165466.30859376,380052721.0235596,106254266.7388916
6361,6361,6368,17618.0,68,131328495.02563477,100318648.33831789,372868574.14245605,104163125.03814696
6362,6362,6369,17112.0,62,119584499.35913086,97991815.5670166,383507474.899292,106435085.29663086
6363,6363,6370,17862.0,78,103178215.9805298,85860575.67596436,399839165.687561,106865107.53631592
6364,6364,6371,16496.0,73,101385784.14916992,75420433.99810791,310384786.60583496,84768761.63482666
6365,6365,6372,17755.0,97,101464007.37762453,69211913.10882568,350302333.8317871,79804392.81463623
6366,6366,6373,17875.0,74,105549865.72265624,72006012.91656494,319798913.9556885,86634228.70635986
6367,6367,6374,17887.0,72,106851843.83392334,84685250.2822876,320394015.3121948,96509239.19677734
6368,6368,6375,17845.0,61,119298801.42211914,91619052.88696288,312941398.62060547,99608707.42797852
6369,6369,6376,16918.0,74,111869762.4206543,85758013.72528076,348229825.0198364,93712008.47625732
6370,6370,6377,18302.0,88,113265517.23480225,83450958.25195312,403312932.9681397,105472045.8984375
6371,6371,6378,17786.0,73,108398031.2347412,83352636.33728027,337453101.1581421,97956688.8809204
6372,6372,6379,18033.0,71,115867435.45532228,86118820.19042969,367783946.9909668,109519317.62695312
6373,6373,6380,16930.0,60,107519618.0343628,75238727.56958008,349795866.01257324,90609575.27160645
6374,6374,6381,18489.0,86,99051832.19909668,87696031.57043457,412694842.338562,107756830.2154541
6375,6375,6382,17688.0,76,121789996.14715576,92573871.61254884,424408506.3934326,100139877.31933594
6376,6376,6383,16801.0,86,103879538.53607178,76269610.40496826,348203779.22058105,87611618.9956665
6377,6377,6384,17574.0,78,88254087.44812012,74942520.14160156,366819177.6275635,87844133.3770752
6378,6378,6385,17759.0,75,101839241.98150636,77337782.85980225,405579406.7382813,95186481.47583008
6379,6379,6386,17074.0,72,117971858.02459715,92743538.85650636,315734183.3114624,100697065.35339355
6380,6380,6387,16040.0,77,102079997.0626831,74883566.85638428,309453429.22210693,85159464.8361206
6381,6381,6388,15278.0,62,86978558.54034424,67610908.50830078,319065193.17626953,81588182.44934082
6382,6382,6389,17812.0,85,121433319.09179688,92161178.5888672,392186652.1835327,110868241.31011964
6383,6383,6390,16376.0,69,101661806.10656738,80258776.66473389,321056827.545166,94296043.3959961
6384,6384,6391,16724.0,92,97010058.40301514,77943372.72644043,343424725.53253174,89918476.10473633
6385,6385,6392,16389.0,83,94304980.27801514,72537268.63861084,307571020.1263428,86829492.56896973
6386,6386,6393,16216.0,80,89144091.60614014,76082816.1239624,283645607.9483032,87262195.5871582
6387,6387,6394,15897.0,64,81031607.62786865,74628991.12701416,315506739.61639404,88512375.831604
6388,6388,6395,16562.0,64,95805318.83239746,89457954.40673828,307649098.39630127,100218225.47912598
6389,6389,6396,16261.0,72,92256772.99499512,79130618.09539795,332126358.9859009,89524558.06732178
6390,6390,6397,18074.0,74,103400382.04193117,86955656.05163574,327054414.7491455,99555957.79418944
6391,6391,6398,17070.0,76,66792277.336120605,68713537.21618652,289922595.0241089,84407292.36602783
6392,6392,6399,18283.0,85,87086256.980896,77336208.34350586,380133071.89941406,95336490.63110352
6393,6393,6400,17152.0,80,87455909.7290039,74575914.38293457,281704669.9523926,85499709.1293335
6394,6394,6401,17238.0,71,95133601.18865968,74811058.0444336,339482652.6641846,88630660.05706787
6395,6395,6402,17504.0,80,97257699.01275636,79631256.10351562,318529988.2888794,95123041.1529541
6396,6396,6403,17519.0,72,102961082.4584961,79619935.03570557,315671962.7380371,87833058.35723877
6397,6397,6404,16931.0,75,102001700.40130617,81439167.02270508,369324148.1781006,92463887.21466064
6398,6398,6405,718.0,14,2234451.2939453125,1849383.354187012,8765389.442443848,3353163.719177246
6399,6399,6406,18795.0,130,110480321.88415527,87922418.59436035,422894240.3793335,100834852.21862791
6400,6400,6407,17896.0,93,95826380.7296753,84437210.08300781,360150037.7655029,104772391.3192749
6401,6401,6408,17989.0,76,117081257.8201294,95000232.6965332,319651927.94799805,109308874.13024902
6402,6402,6409,16787.0,74,78742978.0960083,73844668.3883667,260338638.3056641,86590783.11920166
6403,6403,6410,16809.0,80,89467224.12109375,78627551.07879639,272922847.74780273,86482086.18164062
6404,6404,6411,17041.0,86,103032499.31335448,82060111.0458374,375382962.2268677,91528548.24066162
6405,6405,6412,16418.0,79,82738323.21166992,76345436.0961914,261550685.8825684,86306150.43640137
6406,6406,6413,17142.0,94,89696741.10412598,77270143.50891113,316135565.75775146,90549659.7290039
6407,6407,6414,17089.0,80,103087925.9109497,82176692.96264648,276701429.3670654,92925107.0022583
6408,6408,6415,16355.0,75,92081848.14453124,69629817.96264648,817702200.8895874,76524954.7958374
6409,6409,6416,16208.0,66,81303748.13079834,70960278.51104736,277241654.3960571,82010197.63946533
6410,6410,6417,15883.0,86,71313123.70300293,65384583.47320557,243518692.97027588,70623202.32391357
6411,6411,6418,16332.0,89,87666255.95092773,67595749.8550415,289218759.5367432,77149146.08001709
6412,6412,6419,16768.0,77,98234178.54309082,69673797.60742188,292680219.6502685,76010956.76422119
6413,6413,6420,16832.0,74,83064374.92370605,68586749.07684326,271738223.0758667,78548994.06433105
6414,6414,6421,16488.0,75,74251621.24633789,67867392.53997803,216535040.8554077,75106731.41479492
6415,6415,6422,17494.0,81,76956905.36499023,72961610.79406738,245245749.47357175,84418989.18151855
6416,6416,6423,17396.0,69,76314565.65856934,73688095.09277344,267911458.0154419,84845070.83892822
6417,6417,6424,17155.0,71,81829136.8484497,75006308.55560303,320140599.25079346,81405682.56378174
6418,6418,6425,18102.0,94,90408742.90466309,75360975.26550293,329407742.5003052,88882749.55749512
6419,6419,6426,17831.0,84,93007112.50305176,76761803.62701416,266007264.13726807,85204746.24633789
6420,6420,6427,17336.0,76,91919091.2246704,73932714.46228027,274225375.1754761,81218370.43762207
6421,6421,6428,17221.0,71,102059138.29803468,75921837.80670166,303389602.6611328,83867934.22698975
6422,6422,6429,17393.0,88,92826716.42303468,74549803.73382568,252857555.3894043,81088349.34234619
6423,6423,6430,16704.0,79,95977383.61358644,76408365.24963379,242754237.1749878,86194627.76184082
6424,6424,6431,16704.0,68,89550948.14300537,83251881.59942627,241605880.7373047,89605530.73883057
6425,6425,6432,15457.0,69,78229224.20501709,75077811.2411499,229183466.91131592,86899597.16796875
6426,6426,6433,16289.0,62,99904478.07312012,77758238.79241943,272521305.0842285,87629141.80755615
6427,6427,6434,16116.0,68,89909964.5614624,72782587.0513916,270676728.2485962,83071641.92199707
6428,6428,6435,16424.0,67,99954268.45550536,76293727.87475586,245606513.0233765,85042644.50073242
6429,6429,6436,16525.0,67,93454098.70147704,73679655.07507324,258411168.0984497,84473325.72937012
6430,6430,6437,16677.0,61,94003996.84906006,75671614.64691162,249833609.58099365,84429955.48248291
6431,6431,6438,15716.0,68,86818386.07788086,73544774.05548096,263965113.63983157,86882012.36724854
6432,6432,6439,15453.0,56,71098384.85717773,71037181.85424805,237181358.33740237,84182946.20513916
6433,6433,6440,15494.0,58,69706698.41766357,68246083.25958252,286884008.4075928,79814527.51159668
6434,6434,6441,15988.0,70,94170940.39916992,69274815.5593872,302743976.5930176,76172342.30041504
6435,6435,6442,16945.0,71,78004146.57592773,70335597.99194336,250382129.66918945,77709005.35583496
6436,6436,6443,17357.0,72,80268820.76263428,75783668.5180664,268979814.52941895,84209618.56842041
6437,6437,6444,17152.0,62,88794111.25183105,82823966.02630615,250137155.5328369,94102746.96350098
6438,6438,6445,17128.0,62,95026165.00854492,80483820.91522217,262367908.4777832,93481053.35235596
6439,6439,6446,17100.0,57,89479351.04370117,81129169.46411133,250165843.96362305,92134380.34057616
6440,6440,6447,17444.0,65,87368182.18231201,84928770.06530762,255125828.74298096,94752908.70666504
6441,6441,6448,17425.0,68,89139335.63232422,80990412.71209717,249895549.77416992,92727202.41546632
6442,6442,6449,17200.0,59,84428349.49493408,82571187.97302246,295160707.4737549,93330499.64904784
6443,6443,6450,17575.0,70,85362815.8569336,79931828.49884033,230416227.34069824,88801877.97546387
6444,6444,6451,17951.0,61,91763637.5427246,78997186.6607666,274434230.80444336,88682359.69543457
6445,6445,6452,17979.0,62,93848423.9578247,84250905.99060059,264788894.6533203,90964708.32824709
6446,6446,6453,17962.0,63,93072353.36303712,82285537.71972656,246948734.28344727,93657945.63293456
6447,6447,6454,17752.0,67,90458418.84613036,84778719.90203857,239986929.89349365,93209010.12420654
6448,6448,6455,17314.0,61,91863201.14135742,75526159.28649902,291107936.85913086,86866733.55102539
6449,6449,6456,18024.0,63,92333553.31420898,77391047.47772217,226056732.1777344,84035313.6062622
6450,6450,6457,17579.0,83,87191337.58544922,80805017.47131348,254845692.6345825,90540906.90612791
6451,6451,6458,16672.0,86,77523862.83874512,74416656.49414062,285510008.8119507,88924746.5133667
6452,6452,6459,18629.0,68,84517950.0579834,79373742.10357666,269159483.90960693,90632550.239563
6453,6453,6460,18156.0,88,87153909.68322754,82567820.54901123,245792950.630188,90378833.77075195
6454,6454,6461,17507.0,64,89470010.75744629,80013528.82385254,256952619.5526123,92256997.10845947
6455,6455,6462,16998.0,73,93251452.44598389,81985500.33569336,241306710.2432251,90553418.15948486
6456,6456,6463,16641.0,60,89910655.9753418,81578009.60540771,263401002.88391116,91638515.47241212
6457,6457,6464,16330.0,64,76506915.09246826,75796764.3737793,252488670.3491211,85066909.79003906
6458,6458,6465,16746.0,67,93081146.24023438,82440793.99108887,238781763.07678223,94143863.67797852
6459,6459,6466,16501.0,58,94051292.4194336,83478370.6665039,262833660.1257324,93555648.80371094
6460,6460,6467,16485.0,63,93568717.00286864,84178408.6227417,275458965.3015137,96157004.35638428
6461,6461,6468,16424.0,56,84199079.5135498,83128746.03271484,269742366.7907715,91599800.10986328
6462,6462,6469,16594.0,58,93996990.20385742,82571941.37573242,310594657.8979492,94410091.40014648
6463,6463,6470,16496.0,55,94313812.25585938,79825153.35083008,231802944.1833496,88793819.42749023
6464,6464,6471,16566.0,61,86779112.81585693,79720688.81988525,310429817.19970703,90937495.23162842
6465,6465,6472,17271.0,59,84968147.27783203,81227339.74456787,287299655.91430664,88951912.87994385
6466,6466,6473,16878.0,61,90861737.25128174,81887463.56964111,250873914.71862796,91439773.55957033
6467,6467,6474,16599.0,63,80645145.41625977,82413112.64038086,267001680.3741455,91616724.01428224
6468,6468,6475,16685.0,60,86462175.3692627,85439598.0834961,284995555.87768555,95442638.3972168
6469,6469,6476,16594.0,56,89281984.32922363,84146385.1928711,243537578.58276367,92865219.11621094
6470,6470,6477,16500.0,55,93657588.95874023,84807586.66992188,227978897.09472656,93250179.29077148
6471,6471,6478,16503.0,58,88738946.91467285,80765229.22515869,306446746.8261719,91121376.99127196
6472,6472,6479,16500.0,55,86442089.08081055,80682563.78173828,272036075.592041,92359542.84667967
6473,6473,6480,16500.0,56,89359703.06396484,82468700.40893555,280470130.92041016,90473472.59521484
6474,6474,6481,16338.0,55,85091077.80456543,80356683.7310791,279570720.6726074,91040683.74633788
6475,6475,6482,15943.0,62,89160268.78356934,80900896.0723877,271845038.41400146,89311201.09558105
6476,6476,6483,16240.0,57,93412984.84802246,82948273.65875244,255484996.7956543,92272297.8591919
6477,6477,6484,16218.0,66,92878361.70196532,77527654.64782715,277752076.1489868,86559906.00585938
6478,6478,6485,16647.0,58,89036026.00097656,76505414.00909424,255871627.8076172,84405053.13873291
6479,6479,6486,16623.0,58,92340218.54400636,76600416.18347168,259142368.3166504,85135560.98937988
6480,6480,6487,16477.0,63,90693611.14501952,81426442.14630127,231976167.678833,89924776.07727051
6481,6481,6488,16555.0,56,92324161.52954102,82834304.80957031,254334617.6147461,90061237.33520508
6482,6482,6489,16814.0,58,91744293.21289062,79821537.01782227,267713187.2177124,90657148.36120604
6483,6483,6490,17111.0,64,92811075.21057127,81472186.08856201,247501442.90924072,87890607.8338623
6484,6484,6491,16854.0,60,89772578.23944092,80958517.07458496,243616910.93444824,91356868.74389648
6485,6485,6492,16803.0,59,89277280.80749512,74940970.4208374,265755012.51220703,83086279.86907959
6486,6486,6493,16800.0,56,94572544.0979004,77996349.3347168,218621349.3347168,82876968.38378906
6487,6487,6494,16800.0,56,94486141.20483398,73986339.5690918,287228107.4523926,84095191.9555664
6488,6488,6495,18136.0,62,81378028.8696289,76738668.44177246,253728992.4621582,84732013.70239258
6489,6489,6496,17531.0,59,87363375.66375732,72494628.90625,262829538.3453369,80216516.49475098
6490,6490,6497,17219.0,71,93977756.50024414,70691472.05352783,252451172.82867432,79885648.72741699
6491,6491,6498,17535.0,60,95335274.6963501,74924543.3807373,283894474.029541,82780746.45996094
6492,6492,6499,17371.0,58,95602970.12329102,72674213.40942383,251825122.83325195,82628028.8696289
6493,6493,6500,17429.0,60,94649150.84838869,71615073.20404053,230965656.2805176,80461367.6071167
6494,6494,6501,17336.0,58,90102409.36279295,72781806.94580078,272532260.8947754,82537609.1003418
6495,6495,6502,17166.0,65,81930782.31811523,72836207.38983154,261837653.1600952,81053709.98382568
6496,6496,6503,17970.0,67,91001149.17755128,76488027.57263184,262352160.4537964,83025818.82476807
6497,6497,6504,18000.0,60,90589141.84570312,78233814.23950195,261771011.35253903,89466762.54272461
6498,6498,6505,17809.0,68,96716987.60986328,78139337.53967285,227350051.8798828,87522288.32244873
6499,6499,6506,17120.0,66,93810852.05078124,75115148.54431152,244116973.87695312,80855621.33789062
6500,6500,6507,17347.0,76,87021381.37817383,72856451.0345459,289273373.6038208,80617361.06872559
6501,6501,6508,19389.0,72,78350453.37677002,74356987.95318604,255063852.31018063,83452582.35931396
6502,6502,6509,18705.0,71,75533948.89831543,75001347.54180908,280477954.86450195,82647439.00299072
6503,6503,6510,18769.0,71,74825832.36694336,74888792.03796387,285255190.8493042,84958312.03460693
6504,6504,6511,18788.0,67,64943849.56359863,77253550.52947998,242759935.37902832,86439691.5435791
6505,6505,6512,18478.0,67,75670683.86077881,78951808.92944336,250511107.4447632,89924371.71936035
6506,6506,6513,18799.0,67,85019531.25,84217600.82244873,264886741.6381836,90230734.82513428
6507,6507,6514,18334.0,65,83347625.73242188,79490036.01074219,244224166.8701172,87509235.38208008
6508,6508,6515,18300.0,61,78547668.45703125,78311061.85913086,268846321.10595703,86830902.09960938
6509,6509,6516,18300.0,61,80310058.59375,79804801.94091797,254776668.548584,88645076.75170898
6510,6510,6517,18300.0,61,78283882.14111328,80756664.27612305,276056385.0402832,88717174.5300293
6511,6511,6518,18152.0,61,64670715.33203125,75722995.75805664,263248420.71533203,84086055.75561523
6512,6512,6519,18003.0,69,51154443.74084473,70867397.30834961,223727641.10565183,77230695.7244873
6513,6513,6520,18551.0,71,78740264.89257812,75514641.76177979,249292362.2131348,84130541.80145264
6514,6514,6521,18489.0,67,87525906.56280518,75598882.6751709,284830520.6298828,81675653.4576416
6515,6515,6522,18271.0,64,55864009.85717773,70932979.58374023,234139698.02856445,80057282.44781494
6516,6516,6523,18596.0,70,67771103.85894775,69365212.44049072,267565235.13793945,76207285.88104248
6517,6517,6524,19082.0,70,75395759.58251953,70703954.69665527,279958618.1640625,77954662.32299805
6518,6518,6525,18819.0,69,80870100.0213623,72367897.0336914,252263942.71850583,80884720.80230713
6519,6519,6526,18955.0,67,92212438.58337402,78609638.21411133,254654144.28710935,86063621.5209961
6520,6520,6527,18900.0,64,90652748.10791016,80838600.1586914,242028236.38916016,86304122.92480469
6521,6521,6528,18900.0,63,79733848.57177734,81704807.28149414,250503158.56933597,89595794.67773438
6522,6522,6529,18900.0,63,79773902.8930664,78837776.18408203,252412605.28564453,88621044.15893555
6523,6523,6530,18900.0,64,90964403.15246582,81523132.32421875,232304320.33538815,89854938.50708008
6524,6524,6531,18630.0,67,82424396.51489258,78964902.87780762,263838806.15234372,85806137.08496094
6525,6525,6532,18473.0,62,67236354.82788086,75136848.44970703,251562713.62304688,83687297.82104492
6526,6526,6533,19169.0,73,84364026.06964111,77515361.78588867,264021861.07635495,88499123.57330322
6527,6527,6534,18792.0,73,89409130.09643555,78925861.35864258,266387695.3125,87544593.81103516
6528,6528,6535,18731.0,80,96909282.68432616,77672161.10229492,294750192.6422119,86596805.57250977
6529,6529,6536,18240.0,78,94798473.3581543,78353421.21124268,246959799.76654053,87410830.4977417
6530,6530,6537,17962.0,92,86928423.88153076,75836133.95690918,251179244.9951172,83280475.61645508
6531,6531,6538,18107.0,72,75441343.30749512,73782109.26055908,284036634.4451904,82579771.04187012
6532,6532,6539,17862.0,61,87653877.25830078,72717178.34472656,261270198.82202148,77560153.96118164
6533,6533,6540,18519.0,80,85129814.14794922,66138681.41174317,280271142.0059204,77869066.23840332
6534,6534,6541,19566.0,76,82281522.75085449,67146446.22802734,279746608.73413086,74583815.574646
6535,6535,6542,19589.0,67,97621681.2133789,76229888.91601562,297485012.05444336,87304965.97290039
6536,6536,6543,19540.0,68,86574337.95928955,78061902.99987793,295224189.7583008,94693206.78710938
6537,6537,6544,19196.0,74,82281162.26196289,77932651.51977539,264769449.2340088,91199138.64135742
6538,6538,6545,19431.0,74,70506249.42779541,69833524.70397949,373179926.8722534,85525339.12658691
6539,6539,6546,19802.0,72,85658094.40612793,77705467.2241211,303642713.5467529,88362101.5548706
6540,6540,6547,19785.0,68,84729045.86791992,76834899.90234375,282715559.9594116,85553665.16113281
6541,6541,6548,19911.0,67,88828096.38977051,77306545.25756836,320530463.21868896,88569150.92468262
6542,6542,6549,19800.0,67,98658428.19213869,81870803.83300781,348277244.5678711,91085128.78417967
6543,6543,6550,19656.0,67,90336189.27001952,76917606.35375977,320531234.74121094,93872791.2902832
6544,6544,6551,19884.0,67,99811809.53979492,83104293.82324219,336186126.7089844,93268215.17944336
6545,6545,6552,19860.0,68,105554260.25390624,80152954.1015625,336354537.9638672,92267131.80541992
6546,6546,6553,19800.0,67,94509017.94433594,78520668.02978516,305965579.98657227,90560268.4020996
6547,6547,6554,19800.0,67,89894565.58227539,74825435.63842773,420748287.2009277,92463329.31518556
6548,6548,6555,19699.0,68,118672657.96661375,83615407.94372559,338692018.50891113,93995899.20043944
6549,6549,6556,19767.0,69,98117582.321167,79822125.43487549,338592449.1882324,92898949.62310793
6550,6550,6557,19736.0,71,103244773.8647461,83264137.2680664,367246665.9545898,96494918.8232422
6551,6551,6558,19841.0,69,95995834.35058594,80228286.74316406,304658010.4827881,95031547.54638672
6552,6552,6559,19957.0,70,100699066.16210938,78048942.56591797,349175991.0583496,91879997.25341795
6553,6553,6560,19353.0,72,76499167.44232178,69264477.72979736,246992295.26519772,78165710.44921875
6554,6554,6561,19277.0,70,101174779.89196776,76354615.21148682,370829368.5913086,84961189.27001953
6555,6555,6562,19200.0,65,118120330.81054688,78500988.0065918,306668128.9672852,85826522.82714844
6556,6556,6563,19200.0,64,99406814.57519533,75801944.73266602,443746089.93530273,88217353.82080078
6557,6557,6564,19106.0,65,103349567.41333008,75597743.98803711,309763463.973999,84850502.01416016
6558,6558,6565,18790.0,65,113300305.36651611,72327682.49511719,331031991.95861816,79333541.87011719
6559,6559,6566,19309.0,70,80811136.24572754,69655683.51745605,324025957.10754395,79578287.12463379
6560,6560,6567,18771.0,63,75644608.49761963,72425614.35699463,293098065.37628174,78724262.23754883
6561,6561,6568,19383.0,70,96904610.6338501,80281837.4633789,330486384.39178467,89447193.14575195
6562,6562,6569,19097.0,65,112155917.16766356,81423011.77978516,337005701.0650635,88314956.66503906
6563,6563,6570,19237.0,78,61275321.96044922,72494125.36621094,271376201.6296387,82875705.71899414
6564,6564,6571,19322.0,72,75858139.03808594,80237358.09326172,290236244.20166016,89480293.27392578
6565,6565,6572,19516.0,68,90110041.61834715,85523357.39135742,306546519.27948,97633811.9506836
6566,6566,6573,19603.0,70,99193007.46917725,88314516.06750488,356979904.1748047,96991918.56384276
6567,6567,6574,19517.0,66,110854062.0803833,86992170.3338623,308851685.5239868,91722013.47351074
6568,6568,6575,19500.0,68,77937590.59906006,77860313.41552734,350970149.9938965,91523189.54467772
6569,6569,6576,19500.0,67,69806655.88378906,72896430.96923828,277372375.48828125,83984500.88500977
6570,6570,6577,19434.0,65,91812606.81152344,76614578.24707031,342764820.0988769,86060611.72485352
6571,6571,6578,19566.0,66,98931724.54833984,78049461.3647461,287667778.0151367,83888500.21362305
6572,6572,6579,19500.0,66,98534225.4638672,77826644.89746094,350166618.347168,89903411.86523438
6573,6573,6580,19462.0,65,111968891.14379884,83290779.11376953,322579303.7414551,88013256.07299805
6574,6574,6581,19331.0,66,90982982.63549805,73231273.65112305,301676963.80615234,88085697.17407227
6575,6575,6582,19288.0,72,53224965.09552002,68882363.31939697,257159292.2210693,78753454.20837402
6576,6576,6583,19200.0,64,71708106.9946289,75903224.94506836,303962516.784668,85204410.55297852
6577,6577,6584,19200.0,64,62406063.079833984,74303913.11645508,249649143.2189941,78026676.17797852
6578,6578,6585,19200.0,64,58330249.78637695,73581218.71948242,263626098.6328125,79005718.23120117
6579,6579,6586,19091.0,64,60483057.02209473,72787960.05249023,303040152.54974365,79813230.51452637
6580,6580,6587,19309.0,66,62629978.17993164,72384714.12658691,276487325.66833496,77527368.54553223
6581,6581,6588,19200.0,65,55080948.82965088,72033405.30395508,246625805.85479736,76278305.05371094
6582,6582,6589,19200.0,65,48366868.97277832,71965026.85546875,209895755.76782227,77689659.11865234
6583,6583,6590,19200.0,64,66935634.61303711,73103713.98925781,259472465.51513672,78487014.77050781
6584,6584,6591,19200.0,65,48995883.94165039,74164733.88671875,247662221.9085693,78998321.53320312
6585,6585,6592,19200.0,64,48663139.34326172,73011589.05029297,241790771.484375,79585361.48071289
6586,6586,6593,19200.0,64,60068893.43261719,76302051.54418945,300726413.72680664,80518341.06445312
6587,6587,6594,18598.0,64,50037301.0635376,72180261.61193848,302248664.85595703,78052696.22802734
6588,6588,6595,19859.0,86,68090010.64300537,76092511.17706299,370029746.055603,90021399.49798584
6589,6589,6596,20034.0,71,98904895.7824707,84738461.4944458,366238761.90185547,97248779.296875
6590,6590,6597,19882.0,73,72008188.24768066,70209498.40545654,326510028.8391113,83859632.49206543
6591,6591,6598,20197.0,74,98145805.35888672,89062946.31958008,407577384.94873047,107203657.15026855
6592,6592,6599,19851.0,67,120118228.91235352,94016935.34851074,328305061.34033203,101109012.60375977
6593,6593,6600,20188.0,70,111246675.491333,93882595.06225586,310755729.67529297,102285274.50561523
6594,6594,6601,19805.0,71,101351208.6868286,88487407.68432617,342016706.4666748,104891050.33874512
6595,6595,6602,20818.0,76,105571376.80053712,91038096.42791748,369419281.9595337,110171929.35943604
6596,6596,6603,19987.0,73,101554424.28588869,84041569.70977783,377222324.3713379,97313607.21588136
6597,6597,6604,20208.0,72,93688826.56097412,86034568.7866211,301684551.2390137,99766262.05444336
6598,6598,6605,19888.0,69,79129121.78039551,82907207.48901367,378304920.1965332,100693172.45483398
6599,6599,6606,20021.0,73,81255105.97229004,81543392.18139648,388728828.4301758,93690277.09960938
6600,6600,6607,20647.0,72,87523174.28588867,83312607.76519775,315085163.1164551,98653729.43878174
6601,6601,6608,20457.0,73,100548908.23364258,89801681.51855469,391525741.5771485,103162307.7392578
6602,6602,6609,20386.0,70,77905948.63891602,84209880.82885742,352011932.3730469,101475612.64038086
6603,6603,6610,20457.0,72,97697925.56762695,91716964.72167967,373783092.4987793,101161834.71679688
6604,6604,6611,20229.0,70,95527322.76916504,87184150.69580078,413795162.2009277,108137174.60632324
6605,6605,6612,19610.0,93,101094304.08477785,87293073.6541748,350861271.85821533,98386878.01361084
6606,6606,6613,19354.0,73,107289296.15020752,91614645.95794678,394920022.0108032,111162289.6194458
6607,6607,6614,19485.0,69,98874089.24102785,90801151.27563477,384157583.2366944,107295520.7824707
6608,6608,6615,19213.0,65,105106922.1496582,82624008.17871094,401278846.74072266,101852298.73657228
6609,6609,6616,19819.0,72,94773148.53668211,75404497.14660645,306154647.82714844,90301734.9243164
6610,6610,6617,20406.0,83,106978966.71295166,90141553.87878418,380126812.9348755,106641420.36437988
6611,6611,6618,20371.0,69,108285160.06469728,90289203.64379884,321566442.489624,105844909.66796876
6612,6612,6619,20289.0,69,102704113.0065918,87917827.60620117,350451328.2775879,105839382.17163086
6613,6613,6620,20173.0,80,87807984.35211182,74328533.17260742,353694245.33843994,100303475.37994383
6614,6614,6621,20996.0,77,135185831.0699463,101976084.70916748,447541152.9541016,118169789.31427002
6615,6615,6622,20267.0,78,99940614.70031738,81216553.68804932,432457970.61920166,103739505.76782228
6616,6616,6623,20401.0,76,104123713.49334715,86572628.02124023,378166835.7849121,105096641.54052734
6617,6617,6624,20062.0,70,108498062.13378906,92431722.6409912,368318843.84155273,103618847.84698486
6618,6618,6625,20799.0,76,99937976.8371582,86026589.39361572,373145673.7518311,108996276.85546876
6619,6619,6626,20805.0,71,106009328.84216309,87199865.34118652,417156749.7253418,108237098.69384766
6620,6620,6627,20700.0,72,113447785.37750244,93584079.74243164,408136798.8586426,111559244.1558838
6621,6621,6628,20409.0,70,114518081.66503906,86098720.55053711,418126045.2270508,110357589.72167967
6622,6622,6629,20893.0,75,93264767.64678957,79757652.28271484,372852124.2141724,104654432.29675291
6623,6623,6630,20798.0,73,119785110.4736328,87774460.7925415,522484069.8242188,101442186.35559082
6624,6624,6631,20597.0,71,82828535.07995605,80128456.11572266,356705856.3232422,106040699.00512695
6625,6625,6632,20408.0,73,113940671.92077637,90052871.70410156,444189845.085144,109416028.97644044
6626,6626,6633,20251.0,75,127943750.38146973,92028796.19598389,362259818.0770874,101417582.51190186
6627,6627,6634,19816.0,69,83684435.84442139,76504870.41473389,368406191.8258667,97196267.12799072
6628,6628,6635,19634.0,79,109159940.71960448,80693870.5444336,440638747.215271,94349756.24084473
6629,6629,6636,19186.0,66,121850414.27612305,82965511.32202148,421388725.2807617,96563533.78295898
6630,6630,6637,19793.0,80,96009601.59301758,78336084.36584473,365672483.44421387,94645928.38287354
6631,6631,6638,19537.0,67,102861877.44140624,84303625.10681152,343217617.0349121,94446926.11694336
6632,6632,6639,19894.0,71,93874780.65490724,81090157.5088501,324930327.4154663,98305588.722229
6633,6633,6640,20127.0,92,95704131.1264038,87110390.66314697,364198811.5310669,109479091.64428712
6634,6634,6641,19099.0,70,126276719.09332275,94172714.23339844,433785696.0296631,109273496.62780762
6635,6635,6642,19965.0,82,88405136.10839844,80145884.51385498,319298741.3406372,99740662.57476808
6636,6636,6643,20193.0,77,106434034.34753418,88050550.46081543,327772674.5605469,99286518.09692384
6637,6637,6644,19733.0,88,92730491.6381836,78753558.15887451,309250140.1901245,95659071.92230225
6638,6638,6645,20537.0,77,119168054.58068848,88988603.59191895,696532606.1248779,103107841.49169922
6639,6639,6646,20161.0,75,130489539.14642334,96054845.80993652,445749753.9520264,109328321.45690918
6640,6640,6647,20197.0,79,126893043.5180664,105931341.17126463,386143943.7866211,118996389.38903809
6641,6641,6648,19018.0,73,121172929.76379396,93084623.336792,376460437.7746582,107940320.96862791
6642,6642,6649,19825.0,79,95255958.5571289,77892330.16967773,400203388.2141113,105650296.21124268
6643,6643,6650,20177.0,68,135033638.00048828,98478652.95410156,405260845.1843262,108554660.79711914
6644,6644,6651,19917.0,68,113307312.01171876,90507995.60546876,469215747.833252,105553840.63720705
6645,6645,6652,20157.0,73,109155874.25231934,95411374.09210204,370872449.8748779,116352240.56243896
6646,6646,6653,19598.0,71,136716427.80303955,107353972.43499756,351351753.2348633,121377557.7545166
6647,6647,6654,19420.0,69,115536635.39886476,93273195.26672363,384301626.20544434,112378477.09655762
6648,6648,6655,19440.0,66,133578308.10546876,102900497.43652344,343860652.923584,109793891.90673828
6649,6649,6656,19236.0,69,108971456.52770996,87761600.49438477,324001758.57543945,102306751.2512207
6650,6650,6657,19360.0,69,96426534.65270996,72863925.93383789,374053218.84155273,84155460.35766602
6651,6651,6658,20428.0,110,86800003.05175781,76722686.76757812,344107010.8413696,93228939.05639648
6652,6652,6659,20332.0,76,100707248.68774414,91775177.00195312,350005678.1768799,103848300.93383788
6653,6653,6660,19984.0,77,93606714.24865724,86628612.51831055,419747027.39715576,111309460.6399536
6654,6654,6661,19758.0,77,138696980.4763794,105617259.97924805,398392702.10266113,114606562.61444092
6655,6655,6662,19388.0,66,131788299.56054688,97122222.90039062,376450447.08251953,111384536.74316406
6656,6656,6663,19274.0,71,107842535.9725952,86511444.09179688,362633102.4169922,112113835.33477785
6657,6657,6664,19554.0,74,121791777.6107788,96604230.8807373,352511693.9544678,110581658.36334229
6658,6658,6665,18496.0,73,101033648.49090576,89032811.16485596,386652419.090271,102517524.71923828
6659,6659,6666,18924.0,67,103721117.01965332,85207829.47540283,335939361.5722656,105351105.69000244
6660,6660,6667,18600.0,64,102145240.7836914,86403301.23901367,379872074.12719727,102449474.3347168
6661,6661,6668,18877.0,65,109317070.00732422,84531878.47137451,293461261.7492676,90580927.84881592
6662,6662,6669,19005.0,74,77922688.4841919,71932377.81524658,321270139.69421387,97060262.68005373
6663,6663,6670,19208.0,77,107566834.44976808,83345142.36450195,311001128.1967163,94757779.12139893
6664,6664,6671,19813.0,68,122225019.45495604,89155215.2633667,350114490.5090332,99770830.15441896
6665,6665,6672,19487.0,70,103293109.89379884,80505129.81414795,342480385.7803345,93160806.6558838
6666,6666,6673,19123.0,74,83137743.94989014,70906583.78601074,293203961.3723755,89595597.26715088
6667,6667,6674,19740.0,70,108936676.97906494,81504714.012146,358239925.3845215,93281262.39776611
6668,6668,6675,19848.0,75,120996162.41455078,85913730.62133789,351746312.14141846,95916229.24804688
6669,6669,6676,19571.0,70,102762842.17834473,79697154.9987793,330565197.9446411,99556184.76867676
6670,6670,6677,19416.0,79,111327708.24432372,89591123.58093262,367717244.1482544,98696640.96832275
6671,6671,6678,19052.0,73,129762388.22937012,85794074.05853271,426066993.7133789,89383687.01934814
6672,6672,6679,19435.0,72,115503926.27716064,87318256.37817383,389782896.0418701,101679328.91845705
6673,6673,6680,19389.0,71,116795913.69628906,87192390.44189453,370983005.5236816,96836635.5895996
6674,6674,6681,18829.0,68,104881937.02697754,82934787.75024414,357320674.89624023,95554544.44885254
6675,6675,6682,19003.0,65,105072372.43652344,90061866.7602539,333651924.1333008,109912467.95654295
6676,6676,6683,18802.0,64,116249420.16601562,97531383.5144043,417538536.0717773,116599765.77758788
6677,6677,6684,18937.0,64,122395675.65917967,101849754.3334961,354237995.1477051,114745769.50073242
6678,6678,6685,18983.0,66,107944381.7138672,98307336.80725098,369211864.4714356,115982255.93566896
6679,6679,6686,18900.0,65,112226238.25073242,109313072.20458984,328596794.128418,119824050.90332033
6680,6680,6687,18787.0,63,115259601.59301758,108423469.54345705,360779254.9133301,125779106.14013672
6681,6681,6688,19013.0,64,128069515.22827148,112439304.35180664,326103885.6506348,122642631.53076172
6682,6682,6689,18725.0,64,120077751.15966795,112003124.23706056,888463890.0756836,118531276.70288086
6683,6683,6690,18273.0,66,99984231.94885254,102307105.06439207,323203699.1119385,117077497.4822998
6684,6684,6691,19048.0,67,118310240.74554443,114304971.69494627,330253119.46868896,123236444.4732666
6685,6685,6692,18278.0,68,109495048.52294922,108172101.9744873,1754089204.788208,118047970.77178957
6686,6686,6693,18493.0,78,124517693.51959229,94425639.15252686,298204355.23986816,116521212.57781982
6687,6687,6694,17980.0,71,114545948.98223875,83186902.99987793,343142385.4827881,94275485.03875732
6688,6688,6695,18461.0,73,96449907.30285645,77764808.65478516,332371047.9736328,88379747.39074707
6689,6689,6696,18617.0,65,97567395.21026611,79425123.21472168,292011628.15093994,86947732.92541504
6690,6690,6697,18281.0,68,103014132.49969482,78079400.06256104,347141806.602478,90213828.08685304
6691,6691,6698,18989.0,81,99685152.053833,78745711.32659912,322953238.48724365,92526190.75775146
6692,6692,6699,18901.0,79,77254769.32525635,80994706.15386963,288654407.5012207,88825720.78704834
6693,6693,6700,19104.0,66,98556187.6296997,88176763.5345459,331704649.92523193,92232412.33825684
6694,6694,6701,19270.0,66,73358762.74108887,90773086.54785156,328750453.9489746,95050807.95288086
6695,6695,6702,19466.0,76,78631197.92938232,90594031.33392334,248762704.8492432,99998845.10040285
6696,6696,6703,19063.0,73,66567584.99145508,90384737.01477052,566163240.4327393,97398859.97772215
6697,6697,6704,19418.0,76,92084947.58605956,92634687.42370604,283038000.1068115,99967528.34320068
6698,6698,6705,18962.0,79,82784520.14923096,86773177.14691162,273768422.12677,91840151.7868042
6699,6699,6706,19036.0,71,79637331.00891113,86390157.69958496,334111065.864563,92624161.72027588
6700,6700,6707,19264.0,67,84309477.80609131,77843139.6484375,355232477.18811035,88712903.97644043
6701,6701,6708,20030.0,88,104404749.8703003,81350479.12597656,301900249.4812012,97076879.50134276
6702,6702,6709,19477.0,76,117135125.16021729,88760337.82958984,338280866.6229248,100382905.00640868
6703,6703,6710,19646.0,76,117067642.21191406,93020883.56018066,349004384.99450684,101950546.26464844
6704,6704,6711,19796.0,78,105038294.7921753,88157713.89007568,321113756.1798096,101510700.22583008
6705,6705,6712,19550.0,70,113831584.93041992,94846117.01965332,369392881.3934326,102551372.52807616
6706,6706,6713,19945.0,69,114227928.1616211,97525160.78948976,304649398.80371094,104457120.89538574
6707,6707,6714,19335.0,69,117851476.66931152,90088645.9350586,374856885.9100342,104407048.22540285
6708,6708,6715,19376.0,79,105451876.64031982,77907468.79577637,351953428.2684326,91567893.9819336
6709,6709,6716,19444.0,69,90996262.550354,73235287.6663208,363303662.30010986,88763460.15930176
6710,6710,6717,19412.0,72,107340825.08087158,83983619.6899414,370163586.6165161,95340306.28204346
6711,6711,6718,18935.0,83,84271176.3381958,70508366.58477783,256080803.8711548,79149631.50024414
6712,6712,6719,18900.0,63,82945919.03686523,73689365.38696289,236137676.23901367,79961013.79394531
6713,6713,6720,18900.0,64,80464015.96069336,72790786.74316406,255776561.73706052,80841773.9868164
6714,6714,6721,18853.0,64,72884956.35986328,72198966.97998047,243230037.68920895,81013576.50756836
6715,6715,6722,18852.0,67,80216007.23266602,73994311.33270264,243114080.42907715,89308065.41442871
6716,6716,6723,18995.0,64,96941928.8635254,81994094.84863281,312037811.2792969,91733074.18823242
6717,6717,6724,18871.0,63,91460504.53186037,78545736.31286621,261699625.9689331,85101613.99841309
6718,6718,6725,18873.0,64,77610805.51147461,76588031.76879883,272408115.3869629,86276027.67944336
6719,6719,6726,18956.0,64,79717758.17871094,76560287.47558594,273601833.34350586,84061889.6484375
6720,6720,6727,18827.0,63,84752026.55792236,77605049.13330078,288498316.76483154,84942012.78686523
6721,6721,6728,18950.0,69,86750313.7588501,80043988.22784424,243800580.97839355,88205319.40460205
6722,6722,6729,18690.0,64,87800994.87304688,77023571.0144043,235023853.30200195,88937507.62939453
6723,6723,6730,19132.0,65,79088039.39819336,77675773.62060547,250860877.99072263,83255340.57617188
6724,6724,6731,18900.0,64,56385116.57714844,72708911.89575195,248949375.1525879,81116180.41992188
6725,6725,6732,18900.0,63,81003284.4543457,75294685.36376953,264502143.85986328,82585144.04296875
6726,6726,6733,18754.0,64,83364240.6463623,75924020.76721191,278298276.9012451,82519361.49597168
6727,6727,6734,19031.0,71,84435097.69439697,78288160.32409668,255934765.8157349,84747587.20397949
6728,6728,6735,18863.0,63,76306906.70013428,77879821.77734375,286162307.7392578,89250389.0991211
6729,6729,6736,18780.0,67,68403244.972229,74803354.26330566,266784912.109375,87093141.55578613
6730,6730,6737,19050.0,67,74609255.79071045,74078496.9329834,258422700.881958,79199624.06158447
6731,6731,6738,18900.0,64,77321314.81170654,75170564.65148926,272957801.81884766,82490777.96936035
6732,6732,6739,18884.0,63,82388149.26147461,76841876.98364258,301996356.9641113,85829223.6328125
6733,6733,6740,18890.0,71,92454581.26068117,81991037.36877441,275971824.6459961,89453141.21246338
6734,6734,6741,18832.0,63,97135719.2993164,82349212.64648438,269262901.30615234,89155151.3671875
6735,6735,6742,17912.0,65,90722856.52160645,79242097.85461426,265577030.1818848,86933748.24523926
6736,6736,6743,17531.0,93,93110113.1439209,77819516.1819458,284227720.2606201,86728781.70013428
6737,6737,6744,18580.0,65,91562203.4072876,75796776.77154541,280925750.7324219,83620099.06768799
6738,6738,6745,18931.0,71,84903743.74389648,77507058.14361572,266167867.6605225,85034751.89208984
6739,6739,6746,18952.0,66,78098392.48657227,79020788.19274902,258608818.0541992,89883138.65661621
6740,6740,6747,18783.0,65,84646994.59075928,78400712.01324463,262400485.0387573,87739505.76782227
6741,6741,6748,18619.0,64,85085031.50939941,78328098.29711914,255215587.6159668,85914104.46166992
6742,6742,6749,18600.0,62,86201477.05078125,76736640.93017578,310107994.07958984,84464550.01831055
6743,6743,6750,18570.0,70,90546064.37683104,77082689.28527832,307064828.87268066,85804683.68530273
6744,6744,6751,19013.0,65,95277286.52954102,78907765.38848877,247908046.7224121,90164219.8562622
6745,6745,6752,18621.0,67,86629606.24694824,73933020.59173584,262186305.99975583,82484277.72521973
6746,6746,6753,18685.0,74,105283459.66339111,80802270.88928223,298375765.8004761,92948493.95751952
6747,6747,6754,17394.0,83,92679595.94726562,74044209.48028564,247096869.46868896,84624238.96789551
6748,6748,6755,17519.0,60,94231002.8076172,80702701.56860352,262744831.08520508,88633464.81323242
6749,6749,6756,17354.0,60,97212306.02264404,80917470.93200684,240400998.11553955,89887868.88122559
6750,6750,6757,16957.0,60,86345713.61541748,77146223.0682373,279637521.7437744,85999526.97753906
6751,6751,6758,17670.0,66,79392187.11853027,75473282.81402588,294170742.9885864,85604680.06134033
6752,6752,6759,17587.0,60,97121887.20703124,80209722.5189209,325274307.25097656,88822563.17138672
6753,6753,6760,17656.0,65,96675105.09490968,77855592.72766113,304008281.7077637,88062679.29077148
6754,6754,6761,17132.0,65,85060126.30462646,75460967.06390381,276723443.9849853,82213374.13787842
6755,6755,6762,17054.0,58,72095350.26550293,74395965.57617188,272711940.76538086,81497990.60821533
6756,6756,6763,17667.0,71,95948078.15551758,84127212.52441406,287336562.15667725,94757233.61968994
6757,6757,6764,17836.0,63,107159470.5581665,85790466.30859375,306469523.4298706,94956932.0678711
6758,6758,6765,17632.0,62,101688278.1982422,81266551.97143555,258377596.8551636,90977172.8515625
6759,6759,6766,17459.0,66,104159269.33288574,82276279.44946289,322133305.5496216,88924580.57403564
6760,6760,6767,17193.0,68,87261929.51202393,71664004.3258667,254925230.97991943,79207953.45306396
6761,6761,6768,17192.0,58,83254318.23730469,69888538.3605957,264249143.60046387,76290473.93798828
6762,6762,6769,17878.0,66,80118053.4362793,69231142.04406738,240770122.52807617,74569192.88635254
6763,6763,6770,18345.0,63,91195060.72998048,73264305.1147461,246956466.6748047,81194223.40393066
6764,6764,6771,18300.0,61,87361049.65209961,75793933.8684082,239856147.76611328,83256912.23144531
6765,6765,6772,18300.0,61,88852214.81323242,76378726.95922852,262395572.66235352,82697296.14257812
6766,6766,6773,17866.0,68,87837006.56890869,76475367.54608154,251719195.36590576,82705894.47021484
6767,6767,6774,17388.0,67,81866108.89434814,75063076.01928711,283736778.25927734,82027559.28039551
6768,6768,6775,18289.0,88,106029008.86535645,83284278.8696289,316616028.7857056,90537404.06036375
6769,6769,6776,18678.0,73,91885527.6107788,81291752.81524658,335872465.133667,92329463.00506592
6770,6770,6777,18449.0,72,100281954.76531982,82619992.25616455,283885972.02301025,90227034.56878662
6771,6771,6778,18137.0,68,87230385.78033447,78550922.39379883,290807920.4559326,84773313.52233887
6772,6772,6779,18153.0,62,93132186.88964844,77926277.16064453,306569828.03344727,84738338.47045898
6773,6773,6780,19835.0,84,96217533.11157228,82391787.5289917,271896617.8894043,90141619.682312
6774,6774,6781,19156.0,69,94184742.92755128,78452360.15319824,293060573.57788086,87452017.78411865
6775,6775,6782,18909.0,66,94905014.03808594,76954574.58496094,295279993.057251,84068524.36065674
6776,6776,6783,18805.0,64,95832120.89538574,76932001.1138916,291452581.40563965,84869232.17773438
6777,6777,6784,18995.0,64,94251518.24951172,77950773.23913574,282961606.9793701,85856208.80126953
6778,6778,6785,18900.0,64,94318103.7902832,78190517.42553711,275146484.375,86812019.34814453
6779,6779,6786,18719.0,68,95759943.00842284,78523280.1437378,300444850.92163086,84984276.77154541
6780,6780,6787,18229.0,66,92694882.3928833,75440576.55334473,274861728.6682129,83139124.8703003
6781,6781,6788,18441.0,68,94832775.1159668,77161972.04589844,269125524.520874,85978136.06262207
6782,6782,6789,18525.0,75,98228836.05957033,77304986.00006104,224906109.8098755,84490004.53948975
6783,6783,6790,18079.0,62,95803791.04614258,79348571.77734375,244636791.22924805,86302795.41015625
6784,6784,6791,17724.0,67,93672080.03997804,76699023.24676514,259574734.6878052,86920809.74578857
6785,6785,6792,17700.0,59,90057277.67944336,78785705.56640625,231349754.3334961,88269996.6430664
6786,6786,6793,17345.0,68,94649572.37243652,77903365.13519287,285926773.07128906,87181867.5994873
6787,6787,6794,17343.0,61,87800188.0645752,73436522.48382568,283895931.2438965,80214151.38244629
6788,6788,6795,17509.0,62,77292568.20678711,74072822.57080078,260218837.7380371,78559080.12390137
6789,6789,6796,17808.0,72,91232612.60986328,75254880.90515137,273307456.97021484,80302515.02990723
6790,6790,6797,18277.0,69,80875819.2062378,75562014.57977295,245136224.7467041,80902007.10296631
6791,6791,6798,17881.0,60,70516979.2175293,73172512.05444336,229445415.49682617,79206512.45117188
6792,6792,6799,18487.0,68,87621791.83959961,75672126.77001953,247154991.14990237,83297557.83081055
6793,6793,6800,18300.0,61,93744277.95410156,78964519.50073242,253868007.6599121,85422992.70629883
6794,6794,6801,17972.0,63,96691842.0791626,83136240.95916748,263155242.91992188,91303788.18511964
6795,6795,6802,17872.0,63,96660785.67504884,80715675.3540039,264998355.8654785,88636846.5423584
6796,6796,6803,17700.0,59,93547439.57519533,79697799.68261719,264200019.83642575,85467338.56201172
6797,6797,6804,17700.0,59,85704231.26220703,80598163.60473633,321987819.67163086,88547801.97143555
6798,6798,6805,17447.0,62,88046331.40563965,77583594.32220459,225480384.82666016,86100148.20098877
6799,6799,6806,18040.0,62,88142791.74804688,74896889.68658447,272665645.59936523,82456242.56134033
6800,6800,6807,18796.0,69,89914974.21264648,76784418.1060791,271253207.2067261,85628015.51818848
6801,6801,6808,18891.0,77,91757728.57666016,79141926.7654419,251852489.47143555,87497720.71838379
6802,6802,6809,18690.0,71,95438738.822937,80777795.79162598,274221588.1347656,90544261.93237305
6803,6803,6810,18388.0,62,95975330.3527832,79403961.18164062,238168292.9992676,86149160.38513184
6804,6804,6811,18812.0,66,99296810.15014648,78800662.99438477,251979351.0437012,86985418.31970215
6805,6805,6812,18635.0,67,89351675.03356934,74024469.37561035,319444394.1116333,84113577.8427124
6806,6806,6813,19080.0,88,91119103.43170166,75518291.47338867,269221172.3327637,80931022.64404297
6807,6807,6814,19504.0,69,91387043.9529419,72786027.9083252,276664527.8930664,79177467.3461914
6808,6808,6815,19130.0,66,90420434.95178224,74991910.93444824,245666703.22418213,81340263.36669922
6809,6809,6816,19578.0,78,100670856.47583008,80400982.85675049,264405024.52850345,88805584.90753174
6810,6810,6817,18892.0,70,92802425.38452148,76207074.16534424,299102775.57373047,82769488.33465576
6811,6811,6818,19098.0,77,87827107.4295044,76061830.52062988,283580930.70983887,82617237.09106445
6812,6812,6819,18798.0,63,83888282.7758789,76785873.41308594,269966491.69921875,83126003.26538086
6813,6813,6820,19145.0,68,87097369.19403076,79653658.86688232,276633461.9522095,85583899.49798584
6814,6814,6821,19112.0,67,94761436.46240234,82500065.80352783,257782232.2845459,89187666.89300537
6815,6815,6822,19284.0,67,94396802.90222168,85005012.51220703,238167387.9623413,91386205.67321776
6816,6816,6823,19200.0,64,91183090.20996094,83119297.02758789,277547836.30371094,91077232.36083984
6817,6817,6824,19091.0,65,92773118.019104,82231124.87792969,244980686.1877441,89274185.18066406
6818,6818,6825,19170.0,65,73151983.2611084,81239511.48986816,271296863.5559082,89134470.93963623
6819,6819,6826,18955.0,67,71518736.83929443,80085063.93432617,273979387.2833252,85701092.72003174
6820,6820,6827,18900.0,63,82210636.13891602,80996990.20385742,254659652.7099609,86399173.73657227
6821,6821,6828,18900.0,64,77755270.00427246,80842006.68334961,250475504.8751831,86945056.9152832
6822,6822,6829,18731.0,69,87044612.88452148,80310642.24243164,259322452.545166,84811998.36730957
6823,6823,6830,18557.0,69,88004503.25012207,79187017.4407959,263769695.2819824,85329166.41235352
6824,6824,6831,18510.0,70,70347488.40332031,82284299.85046387,285579958.91571045,91616241.45507812
6825,6825,6832,18300.0,61,87915229.79736328,82769680.02319336,240859508.5144043,91457462.31079102
6826,6826,6833,18300.0,61,90560817.71850586,86291885.37597656,239471054.07714844,93633556.3659668
6827,6827,6834,18164.0,61,93862346.64916992,84567348.48022461,275213985.44311523,94985424.04174805
6828,6828,6835,18321.0,66,79549593.92547607,79848543.16711426,238630088.80615237,86706136.70349121
6829,6829,6836,18415.0,62,84383587.83721924,81443576.81274414,284071984.29107666,88798980.71289062
6830,6830,6837,18106.0,62,94000362.39624023,82782962.79907227,253822898.8647461,90554618.83544922
6831,6831,6838,18412.0,73,88420800.20904541,79789214.13421631,269784229.27856445,87524450.30212402
6832,6832,6839,18339.0,63,72727958.67919922,75619003.29589844,252456939.6972656,85908901.21459961
6833,6833,6840,18795.0,88,81812829.97131348,79154548.64501953,244271973.60992432,89431721.6873169
6834,6834,6841,18625.0,74,85132966.04156494,77775199.89013672,262165193.5577393,86193679.80957031
6835,6835,6842,18560.0,75,81583078.38439941,76187963.48571777,236037300.10986328,82796279.90722656
6836,6836,6843,19417.0,84,71036428.45153809,75486597.06115723,256648411.75079343,80750076.29394531
6837,6837,6844,19526.0,73,78817106.24694824,77158954.62036133,245970606.80389404,83549111.36627197
6838,6838,6845,19475.0,66,70074356.07910156,76252429.9621582,251596397.39990237,82410404.20532227
6839,6839,6846,19547.0,80,74000037.19329834,78469797.13439941,302779991.14990234,86992752.07519531
6840,6840,6847,19870.0,68,86909173.9654541,87790832.51953125,277393554.6875,96665573.1201172
6841,6841,6848,18880.0,71,85146768.56994629,80922286.03363037,274794533.7295532,89663894.65332031
6842,6842,6849,18372.0,70,73451134.68170166,75305174.82757568,263150898.93341064,80669842.72003174
6843,6843,6850,18749.0,76,90622908.59222412,79801911.35406494,342610956.1920166,86987442.01660156
6844,6844,6851,19633.0,74,80585388.18359375,82958343.50585938,289987989.4256592,91949466.70532228
6845,6845,6852,19816.0,75,83433303.83300781,82364461.89880371,309918771.7437744,92440337.18109132
6846,6846,6853,18622.0,76,81318367.95806885,77548666.95404053,295108463.2873535,81552449.2263794
6847,6847,6854,18702.0,71,73855889.32037354,74265368.46160889,300893655.77697754,79846448.89831543
6848,6848,6855,18770.0,69,65789554.59594727,71520354.27093506,327551605.2246094,76726187.70599365
6849,6849,6856,18967.0,73,71827353.47747803,72378005.98144531,244058282.85217285,79507870.6741333
6850,6850,6857,19525.0,68,76691316.60461426,77092864.99023438,292571168.89953613,84281753.54003906
6851,6851,6858,19535.0,66,69370558.7387085,76951236.72485352,278154098.5107422,83134716.03393555
6852,6852,6859,19037.0,88,58036166.191101074,67925559.9975586,248878368.37768555,70731259.3460083
6853,6853,6860,19408.0,81,58647612.57171631,66914441.10870361,232505949.0203857,72537257.19451904
6854,6854,6861,18946.0,90,57648468.017578125,73774165.15350342,258897328.37677,82454406.73828125
6855,6855,6862,19234.0,84,96739977.83660889,87793851.85241699,325085737.22839355,92505023.00262453
6856,6856,6863,19254.0,74,104151214.59960938,89199460.98327637,336750857.35321045,93947301.86462402
6857,6857,6864,19200.0,64,90540790.55786131,90953922.27172852,282537746.42944336,97264480.59082033
6858,6858,6865,19270.0,67,81728340.14892578,85396963.11950684,294952915.1916504,95473995.20874023
6859,6859,6866,19497.0,66,88670547.48535156,81861186.98120117,321653869.62890625,93369802.4749756
6860,6860,6867,19775.0,78,108036645.88928224,83954126.35803223,370890792.8466797,96097586.6317749
6861,6861,6868,19827.0,71,108590392.11273192,88186462.40234375,334763001.4419556,96995892.52471924
6862,6862,6869,19579.0,73,66747269.63043213,75464373.58856201,259737989.4256592,84047234.53521729
6863,6863,6870,18780.0,107,77349546.43249512,74397814.75067139,296978037.8341675,86583947.18170166
6864,6864,6871,18871.0,67,107173408.50830078,80532786.36932373,337413021.0876465,87442196.8460083
6865,6865,6872,19048.0,74,122798705.10101318,82575938.22479248,392503115.6539917,98329939.84222412
6866,6866,6873,19854.0,71,124895126.34277344,90755313.87329102,419015430.45043945,110498874.66430664
6867,6867,6874,18759.0,69,111535788.53607178,84015594.48242188,333125617.98095703,96470699.31030272
6868,6868,6875,19024.0,77,90773336.41052246,79189606.66656494,334630002.97546387,94590756.4163208
6869,6869,6876,19167.0,66,110666460.03723145,87992597.57995605,352497421.26464844,97866443.6340332
6870,6870,6877,19266.0,66,113986853.59954834,84915513.99230957,388047744.75097656,97325252.53295898
6871,6871,6878,19361.0,71,99975465.77453612,84234466.55273438,398576197.62420654,100398741.72210692
6872,6872,6879,19674.0,70,115734154.70123293,88680534.36279297,434094187.7365112,104341911.31591795
6873,6873,6880,19842.0,81,102993719.10095216,91781170.84503174,325406588.5543823,108680659.29412842
6874,6874,6881,19303.0,70,122124139.7857666,95663931.84661864,361434773.4451294,102979069.70977785
6875,6875,6882,19604.0,68,118622532.84454346,96453229.9041748,312203101.1581421,104773420.3338623
6876,6876,6883,19581.0,75,111927606.5826416,84905184.74578857,345356587.40997314,97778731.34613036
6877,6877,6884,19426.0,69,118761452.67486572,95657364.84527588,328711325.6454468,110188202.8579712
6878,6878,6885,19302.0,67,132875461.57836914,103286525.72631836,373847019.19555664,112155654.90722656
6879,6879,6886,18454.0,72,106408924.1027832,85320396.42333984,353874794.00634766,98065918.92242432
6880,6880,6887,18657.0,63,96275192.2607422,84755615.234375,385307655.3344727,95651943.20678712
6881,6881,6888,18674.0,71,125401399.61242676,86984310.15014648,352918542.8619385,96080278.39660645
6882,6882,6889,19152.0,73,124321131.7062378,89983142.8527832,393817545.8908081,100547526.3595581
6883,6883,6890,18931.0,73,105793228.14941406,84321078.30047607,378482425.68969727,100389162.06359863
6884,6884,6891,19370.0,73,92213570.5947876,84219453.81164551,328848413.4674072,106652298.92730711
6885,6885,6892,19164.0,70,93586809.1583252,98508796.69189452,348762368.2022095,113042345.04699709
6886,6886,6893,18496.0,71,116634713.1729126,96092446.32720947,363967568.397522,103716561.31744383
6887,6887,6894,18544.0,62,98696319.58007812,97311065.67382812,317731605.5297852,107777721.4050293
6888,6888,6895,18656.0,63,96275440.21606444,98947910.30883788,296501701.35498047,107515670.7763672
6889,6889,6896,18600.0,62,98093318.93920898,96574687.95776369,299802875.5187988,101869297.02758788
6890,6890,6897,18520.0,63,103542119.02618408,98181774.1394043,315312060.35614014,105334484.1003418
6891,6891,6898,18877.0,73,93952167.51098631,90585603.71398926,301173315.0482178,105818704.60510254
6892,6892,6899,18653.0,70,109261896.13342284,92989457.13043211,330139997.4822998,99917712.21160889
6893,6893,6900,18465.0,67,71678281.78405762,76836378.09753418,291487388.61083984,96805538.17749023
6894,6894,6901,19875.0,84,120073087.69226074,87000095.36743164,444323135.37597656,98592740.05889893
6895,6895,6902,20767.0,77,131041648.8647461,100233727.45513916,386899310.1119995,113915167.80853271
6896,6896,6903,20203.0,75,122958982.46765137,93357139.58740234,417494846.3439941,111362655.63964844
6897,6897,6904,19588.0,91,118357111.93084715,88197060.58502197,362038014.4119263,101518897.0565796
6898,6898,6905,19552.0,88,120430939.67437744,93801010.13183594,359898882.86590576,103889789.58129884
6899,6899,6906,19081.0,74,91665368.08013916,74204224.58648682,313718798.63739014,92451693.53485107
6900,6900,6907,20092.0,79,110450688.36212158,82881134.03320312,382882056.2362671,101587256.4315796
6901,6901,6908,19616.0,77,117934888.83972168,83739172.93548584,374555352.21099854,95033103.9428711
6902,6902,6909,19983.0,83,113693882.9421997,88335837.36419678,430628705.0247192,105132845.87860107
6903,6903,6910,20109.0,74,124276012.4206543,95285824.7756958,373995761.8713379,105364995.00274658
6904,6904,6911,20233.0,72,112197810.17303468,89063181.87713623,397881237.0300293,101807381.62994383
6905,6905,6912,19768.0,88,121381874.08447266,83676198.00567627,401577931.40411377,100327319.14520264
6906,6906,6913,19642.0,67,126594335.55603027,88213071.82312012,377456115.72265625,101136432.64770508
6907,6907,6914,19740.0,90,106982088.08898926,95527278.90014648,399383199.69177246,117877248.76403809
6908,6908,6915,19293.0,66,111618555.06896973,94587833.40454102,357355920.791626,110982242.58422852
6909,6909,6916,19970.0,82,114182389.25933838,98427656.17370604,327426733.9706421,111906516.07513428
6910,6910,6917,19956.0,78,119616763.1149292,90156883.2397461,441311434.7457886,111572366.71447754
6911,6911,6918,19798.0,83,119389858.2458496,94783520.69854736,376705202.10266113,111965681.0760498
6912,6912,6919,20651.0,72,134358215.33203125,103781083.10699464,388910911.5600586,115730985.64147948
6913,6913,6920,20406.0,76,113421806.33544922,95112776.75628662,395257118.22509766,113629677.77252196
6914,6914,6921,20831.0,73,125418655.3955078,99040168.76220705,388201049.8046875,115272739.4104004
6915,6915,6922,20247.0,75,103539841.6519165,88521636.96289062,505612348.55651855,107477010.72692873
6916,6916,6923,21193.0,82,121551809.31091309,94903354.6447754,415547554.0161133,114898708.34350586
6917,6917,6924,20563.0,73,132291842.46063232,96459022.52197266,434763553.6193848,115300665.85540771
6918,6918,6925,20140.0,81,128969767.5704956,94678436.27929688,383178693.7713623,108872206.68792725
6919,6919,6926,19340.0,87,115219889.6408081,84425314.90325928,413518884.6588135,105276803.97033691
6920,6920,6927,19535.0,67,122793357.8491211,91108863.8305664,355996212.00561523,105645713.80615234
6921,6921,6928,19197.0,93,90850436.21063232,77244402.88543701,332044500.35095215,91869624.13787842
6922,6922,6929,19023.0,72,107959144.59228516,83595004.08172607,368326362.6098633,95189412.1170044
6923,6923,6930,18605.0,79,84625803.94744873,77570625.30517578,314546234.1308594,91019133.56781006
6924,6924,6931,19188.0,75,134480993.27087402,92768851.2802124,371281627.6550293,98235705.3756714
6925,6925,6932,18758.0,65,134647361.7553711,84241141.3192749,345171241.7602539,91544211.38763428
6926,6926,6933,18762.0,65,108782554.62646484,83106311.7980957,344215885.1623535,98129192.35229492
6927,6927,6934,19372.0,68,121600295.0668335,95993274.6887207,305982419.01397705,103597936.63024902
6928,6928,6935,19209.0,72,125777996.06323242,96807640.0756836,324750059.1278076,101771615.02838136
6929,6929,6936,18794.0,68,111285962.10479736,90059453.9642334,330961871.14715576,101571135.52093506
6930,6930,6937,18909.0,73,102219257.35473631,86244524.0020752,321534786.22436523,97473711.01379396
6931,6931,6938,18946.0,69,101922004.69970705,84825932.50274658,272025386.81030273,98430386.54327393
6932,6932,6939,19824.0,83,102481286.04888916,85166349.41101074,325929098.12927246,96816437.72125244
6933,6933,6940,19933.0,77,113882147.78900146,89567638.3972168,290817527.7709961,96778878.2119751
6934,6934,6941,19802.0,90,93900532.72247314,81099779.12902832,283153292.6559448,86885724.06768799
6935,6935,6942,20050.0,73,110769939.42260742,93577521.32415771,353765605.9265137,109634840.01159668
6936,6936,6943,19554.0,77,113711957.93151855,92835189.81933594,315104103.0883789,101360890.38848875
6937,6937,6944,19470.0,67,124708652.49633788,97433359.14611816,377209508.895874,107367567.06237791
6938,6938,6945,19175.0,68,104968575.4776001,91489144.32525636,339043245.31555176,103646214.48516846
6939,6939,6946,19137.0,76,112823777.1987915,80378042.22106934,395120460.5102539,95908028.6026001
6940,6940,6947,19352.0,69,127972230.91125488,85601140.97595215,330824565.8874512,94128172.87445068
6941,6941,6948,19155.0,67,113960899.35302734,79034167.28973389,350771835.32714844,90659813.8809204
6942,6942,6949,19149.0,67,83381225.5859375,76255485.53466797,290194892.8833008,87441066.74194336
6943,6943,6950,19729.0,71,100110956.1920166,83679847.71728516,335338069.9157715,92100000.38146973
6944,6944,6951,20505.0,76,117902035.7131958,89763376.23596191,343385730.7434082,99494714.73693848
6945,6945,6952,19895.0,72,113297054.29077148,85869594.57397461,368420070.64819336,93191185.95123293
6946,6946,6953,20195.0,94,74906653.40423584,71848652.83966064,265482858.6578369,90202697.75390624
6947,6947,6954,20257.0,94,106570491.79077148,76841588.0203247,347607496.2615967,95721884.72747804
6948,6948,6955,19916.0,75,130401402.4734497,97881891.25061037,356002543.44940186,106106708.52661131
6949,6949,6956,19554.0,68,109126316.07055664,90663837.43286131,323993766.784668,105898344.99359132
6950,6950,6957,20104.0,76,130676706.31408691,105178719.52056883,460866395.9503174,118498611.45019533
6951,6951,6958,18995.0,69,120931768.4173584,100492433.54797363,316210302.3529053,107811996.45996094
6952,6952,6959,18686.0,72,119186357.49816896,98370452.88085938,335169785.49957275,104618029.5944214
6953,6953,6960,19312.0,66,117320484.16137695,101599636.07788086,298156879.4250488,109091251.37329102
6954,6954,6961,19200.0,66,123680877.68554688,96482620.2392578,298409271.2402344,105286273.95629884
6955,6955,6962,18854.0,65,119988288.87939452,95024570.46508788,322021823.88305664,103010202.40783691
6956,6956,6963,19337.0,75,96311052.3223877,79092920.30334473,306946337.69989014,92922116.27960204
6957,6957,6964,19185.0,66,113223426.81884766,89370571.13647461,308159229.27856445,93627521.51489258
6958,6958,6965,19324.0,79,102915980.3390503,80394473.0758667,280084789.27612305,90627355.57556152
6959,6959,6966,18954.0,87,89641652.10723877,74498423.57635498,257189996.71936035,79824702.26287842
6960,6960,6967,19140.0,79,89575614.92919922,74214619.63653564,241215598.10638428,80109500.88500977
6961,6961,6968,18892.0,83,91072881.6986084,68424911.49902344,253579971.31347656,76465781.21185303
6962,6962,6969,18861.0,76,112232027.053833,78350312.23297119,288798734.664917,85133055.68695068
6963,6963,6970,19450.0,79,95437185.2874756,68400100.70800781,277113406.18133545,77083461.76147461
6964,6964,6971,18727.0,83,88843198.77624512,66966725.34942627,264106174.4689941,73898285.86578369
6965,6965,6972,18188.0,74,88710826.8737793,64035953.52172852,251983411.78894043,69797926.902771
6966,6966,6973,19280.0,77,89998248.10028076,68663283.3480835,257643806.45751956,75244994.16351318
6967,6967,6974,19100.0,75,91283242.22564696,68282491.68395996,253206407.54699707,75054229.73632812
6968,6968,6975,19311.0,92,80693500.51879883,66052956.58111572,297920319.55718994,78516277.31323242
6969,6969,6976,18770.0,84,74579978.9428711,65661608.69598389,229028943.0618286,71121927.26135254
6970,6970,6977,19528.0,86,72180552.48260498,68076650.61950684,286803152.0843506,76607053.75671387
6971,6971,6978,20195.0,74,100464775.08544922,80289793.96820068,292644710.5407715,90690950.39367676
6972,6972,6979,19124.0,76,86723789.21508789,73405297.27935791,279229306.2210083,85132212.63885498
6973,6973,6980,19569.0,73,83881397.24731445,69202820.77789307,287267528.53393555,77351917.2668457
6974,6974,6981,18943.0,81,80560038.56658936,68022013.6642456,235894920.3491211,74033970.8328247
6975,6975,6982,18778.0,69,83305442.8100586,68479661.94152832,274164722.4426269,75493645.66802979
6976,6976,6983,19267.0,67,86330642.70019531,68391166.68701172,272823032.3791504,74258708.95385742
6977,6977,6984,19142.0,76,84225302.69622803,69503714.5614624,258012415.8859253,76874393.46313477
6978,6978,6985,19905.0,72,88266006.46972656,72882929.80194092,334671352.3864746,80887667.65594482
6979,6979,6986,19424.0,67,88793075.56152344,72286716.46118164,284405574.798584,81775281.90612793
6980,6980,6987,18984.0,76,90041443.82476807,71641147.61352539,260554925.9185791,79436699.86724854
6981,6981,6988,18736.0,75,87677243.23272705,70531739.23492432,247613026.61895752,77207559.58557129
6982,6982,6989,18524.0,72,89018947.60131836,74001345.63446045,249071158.40911865,81146240.234375
6983,6983,6990,19305.0,78,92179224.96795654,72039255.14221191,308583772.65930176,82664596.55761719
6984,6984,6991,18991.0,70,77331739.42565918,68440900.8026123,563820810.3179932,72852087.02087402
6985,6985,6992,19263.0,74,86108456.6116333,70757451.05743408,246839841.84265137,77888807.29675293
6986,6986,6993,19020.0,67,83659268.37921143,69382161.1404419,296284490.58532715,75816661.8347168
6987,6987,6994,19584.0,80,84864422.79815674,69677259.44519043,261105862.61749268,77803500.17547607
6988,6988,6995,19423.0,79,85342510.22338867,69994857.78808594,287100576.40075684,78531527.51922607
6989,6989,6996,19425.0,80,85787278.175354,69513930.32073975,268887527.4658203,78786229.13360596
6990,6990,6997,19556.0,79,92979721.06933594,74575443.26782227,298573215.48461914,79178606.98699951
6991,6991,6998,19431.0,68,82098539.35241699,70829659.4619751,252037380.21850583,77646522.52197266
6992,6992,6999,19606.0,70,96752398.49090576,75910874.36676025,282618877.4108887,84454199.79095459
6993,6993,7000,18863.0,72,80201864.24255371,69324688.91143799,256274158.4777832,77251336.09771729
6994,6994,7001,18795.0,85,89884477.61535645,69413283.3480835,251746262.550354,76449157.71484375
6995,6995,7002,19523.0,91,97828847.88513184,78954937.93487549,267402178.7643433,90449642.18139648
6996,6996,7003,19194.0,65,98102806.0913086,80308146.4767456,282227165.222168,90246340.75164796
6997,6997,7004,18905.0,65,97636096.9543457,74405216.21704102,262011787.4145508,81771209.71679688
6998,6998,7005,18900.0,65,96229331.97021484,73751073.83728027,285178939.81933594,82168058.39538574
6999,6999,7006,18852.0,65,97175102.23388672,75924072.265625,280624805.45043945,83056797.9812622
7000,7000,7007,18802.0,65,97879926.68151855,78337009.42993164,255468898.77319336,84662408.82873535
7001,7001,7008,18969.0,64,95487199.7833252,77284271.24023438,279888938.9038086,84363306.04553223
7002,7002,7009,18977.0,65,97673320.77026369,77972681.04553223,252736759.18579105,86150271.41571045
7003,7003,7010,18900.0,63,98670673.37036131,76287460.32714844,257244873.046875,85248184.20410156
7004,7004,7011,18900.0,63,98396873.4741211,77972030.63964844,259929943.0847168,84422206.87866211
7005,7005,7012,18900.0,63,97684478.75976562,77401542.66357422,275868415.83251953,85644721.98486328
7006,7006,7013,18900.0,66,98660465.24047852,76673704.14733887,272364212.0361328,85492306.70928955
7007,7007,7014,18521.0,63,95433516.50238036,73410272.5982666,253053701.40075684,80072408.67614746
7008,7008,7015,18222.0,70,95317044.25811768,74370216.3696289,242804691.31469727,82536218.64318848
7009,7009,7016,17920.0,60,94843215.9423828,72665672.3022461,268938961.02905273,82483978.27148438
7010,7010,7017,18080.0,63,96874217.98706056,73076534.27124023,228745880.12695312,79731380.46264648
7011,7011,7018,18071.0,68,94475168.2281494,74575806.61773682,249896508.2168579,81308120.72753906
7012,7012,7019,18642.0,73,91444416.9998169,76772029.87670898,293655025.48217773,85664553.64227295
7013,7013,7020,18485.0,76,91556609.15374756,74210713.38653564,277082582.4737549,80426671.0281372
7014,7014,7021,18322.0,75,93163229.94232178,73175921.44012451,293314075.4699707,81964307.78503418
7015,7015,7022,18616.0,68,97944128.03649902,77474651.33666992,286644145.9655762,85815589.90478516
7016,7016,7023,18609.0,64,104171401.97753906,81593105.31616211,285022113.8000488,90415126.80053712
7017,7017,7024,18397.0,66,99972701.07269289,77222002.02941895,251624902.72521973,84063076.01928711
7018,7018,7025,18300.0,64,95877018.92852785,76013577.46124268,252522113.80004883,82853794.09790039
7019,7019,7026,18300.0,61,97716522.21679688,78748512.2680664,257854270.9350586,87704372.40600586
7020,7020,7027,18026.0,62,98473331.45141602,78511899.94812012,247678983.6883545,86317390.44189453
7021,7021,7028,18210.0,68,99280129.43267822,79572111.12976074,272297762.8707886,87195673.94256592
7022,7022,7029,18730.0,65,98715946.19750977,78582788.46740723,268187683.10546875,85795810.69946289
7023,7023,7030,18680.0,67,99083000.18310548,76657022.47619629,238172725.67749023,81816661.8347168
7024,7024,7031,18376.0,62,99552167.89245604,75285884.85717773,258181791.305542,81154472.35107422
7025,7025,7032,19038.0,71,98730592.72766112,75972783.08868408,271798384.6664429,81955315.58990479
7026,7026,7033,18549.0,67,96409982.6812744,76326545.71533203,263435903.54919437,84716226.57775879
7027,7027,7034,18743.0,65,98109907.15026855,75907527.92358398,251934827.80456543,82003199.57733154
7028,7028,7035,18948.0,71,97663324.3560791,77301449.7756958,267676030.15899655,84996426.58233643
7029,7029,7036,19354.0,74,98427118.3013916,79948782.9208374,274535007.47680664,87600339.88952637
7030,7030,7037,19181.0,68,97708761.21520996,80518810.2722168,252381214.1418457,87466920.85266113
7031,7031,7038,19089.0,67,98538417.81616212,78759065.62805176,269731327.0568848,85943796.15783691
7032,7032,7039,19290.0,66,99416757.58361816,81055839.53857422,250956607.81860352,87616977.69165039
7033,7033,7040,18917.0,70,100381826.40075684,80205719.94781494,266847501.75476077,87893018.72253418
7034,7034,7041,19229.0,65,95429615.97442628,76855262.75634766,284754238.1286621,83467725.75378418
7035,7035,7042,18507.0,72,92425783.15734863,77060012.81738281,269689398.765564,85242727.27966309
7036,7036,7043,18525.0,82,91508975.0289917,82902168.27392578,231414889.33563232,91030609.13085938
7037,7037,7044,18343.0,69,97475239.75372314,76591972.35107422,283476796.1502075,88133185.38665771
7038,7038,7045,18947.0,77,95525631.90460204,75017091.75109863,241921495.43762207,81755167.00744629
7039,7039,7046,18563.0,93,90689618.11065674,72950411.79656982,274302012.4435425,81972500.80108643
7040,7040,7047,18300.0,61,96997833.25195312,80526351.92871094,275545692.44384766,90210914.6118164
7041,7041,7048,18300.0,61,100062561.03515624,83558464.05029297,227452468.8720703,92757511.13891602
7042,7042,7049,18300.0,62,100284336.09008788,81526279.44946289,276163406.3720703,90483448.02856444
7043,7043,7050,18280.0,61,100573616.02783205,82141876.22070312,207411231.9946289,89298782.34863281
7044,7044,7051,18320.0,63,100069196.7010498,81808921.81396484,213904388.4277344,87722856.52160645
7045,7045,7052,18300.0,61,99771881.10351562,81156635.28442383,262546062.4694824,88132953.64379883
7046,7046,7053,18172.0,67,95319385.52856444,79050884.24682617,243291863.4414673,85921731.94885254
7047,7047,7054,19180.0,85,100498003.00598145,83928452.49176025,258494713.78326416,90134918.21289062
7048,7048,7055,18900.0,64,99353218.07861328,82969623.56567383,259569770.81298828,90664672.8515625
7049,7049,7056,18900.0,67,99497272.49145508,84379112.24365234,250389938.3544922,90910844.80285645
7050,7050,7057,18900.0,63,97457313.53759766,81428718.56689453,275284767.1508789,88134670.25756836
7051,7051,7058,18779.0,65,98504480.36193848,80589275.36010742,267471382.14111328,87297973.6328125
7052,7052,7059,18877.0,65,99750232.6965332,79446266.1743164,249210544.58618164,85713630.67626953
7053,7053,7060,18818.0,72,94652816.77246094,74788355.82733154,279159104.347229,82711363.79241943
7054,7054,7061,18520.0,62,85096893.31054688,69860343.93310547,264837493.8964844,76887588.50097656
7055,7055,7062,18710.0,75,88213610.64910889,69984915.7333374,278471345.90148926,77969146.72851562
7056,7056,7063,19497.0,73,89397783.27941895,74166398.04840088,300123691.5588379,82064028.7399292
7057,7057,7064,19313.0,69,100606910.7055664,76597058.29620361,280751064.3005371,83637940.40679932
7058,7058,7065,19200.0,64,99235153.1982422,77963161.46850586,275987720.48950195,85850715.63720703
7059,7059,7066,19149.0,69,96640588.76037598,77969336.50970459,272678944.5877075,86920269.96612549
7060,7060,7067,19333.0,81,99436313.6291504,77878678.32183838,326195858.001709,86306044.57855225
7061,7061,7068,19089.0,64,97165788.6505127,79528816.22314453,279280948.638916,85508911.1328125
7062,7062,7069,19011.0,67,98965849.8764038,80881887.43591309,295119315.1473999,87598766.3269043
7063,7063,7070,19026.0,71,100542760.84899902,81583328.24707031,282871839.5233154,88483603.47747803
7064,7064,7071,18840.0,65,98954589.84375,80248866.0812378,278561073.30322266,88003958.7020874
7065,7065,7072,18999.0,65,97330890.65551758,82345946.31195068,278592830.657959,90684430.12237547
7066,7066,7073,18900.0,64,98996028.90014648,84218616.4855957,253201675.41503903,92775535.5834961
7067,7067,7074,18900.0,63,98666954.04052734,84739208.22143555,249992752.0751953,92827320.09887695
7068,7068,7075,18900.0,63,97229576.11083984,81951427.4597168,244453239.440918,87823677.06298828
7069,7069,7076,18900.0,63,95461177.82592772,80999279.0222168,275360298.1567383,90332508.0871582
7070,7070,7077,18839.0,65,95584424.97253418,80529552.4597168,243427314.7583008,86682802.20031738
7071,7071,7078,18699.0,78,85766373.63433838,74259355.54504395,271234730.72052,82105454.44488525
7072,7072,7079,19031.0,65,92332691.19262695,76812770.84350586,283659313.2019043,86638462.06665039
7073,7073,7080,18824.0,66,92987243.65234376,74690887.45117188,256827211.38000488,84627281.18896484
7074,7074,7081,19180.0,66,74736950.87432861,71615041.73278809,271057981.49108887,82032778.7399292
7075,7075,7082,19178.0,85,81038260.4598999,71446780.20477295,261837952.61383057,78373839.37835693
7076,7076,7083,19719.0,73,84943161.01074219,72840294.83795166,307479156.4941406,81351096.15325928
7077,7077,7084,19629.0,85,91023655.89141846,80361942.29125977,301955611.2289429,89847632.40814209
7078,7078,7085,19500.0,65,98797702.78930664,85677623.7487793,319940757.75146484,91189384.46044922
7079,7079,7086,19388.0,73,78740140.91491699,74804217.33856201,305795963.2873535,85235549.92675781
7080,7080,7087,19240.0,74,88175263.40484619,77629234.31396484,277590499.8779297,84548322.6776123
7081,7081,7088,19065.0,66,90828334.8083496,76812736.51123047,324867366.7907715,82842697.14355469
7082,7082,7089,19388.0,81,78308124.54223633,74694223.40393066,260675320.6253052,83416218.7576294
7083,7083,7090,19200.0,64,84130668.64013672,79803085.32714844,297568702.6977539,89549732.20825195
7084,7084,7091,19200.0,65,88932944.29779053,73468305.58776855,294344924.9267578,81109027.86254883
7085,7085,7092,19200.0,64,63484096.52709961,69655323.02856445,250053977.9663086,77510833.74023438
7086,7086,7093,18899.0,64,63875370.025634766,67675622.94006348,298950471.87805176,74457342.14782715
7087,7087,7094,19501.0,71,68981765.74707031,69092443.46618652,226064002.99072263,74475125.31280518
7088,7088,7095,19200.0,64,64444541.93115234,68758392.33398438,214766120.91064453,74434375.76293945
7089,7089,7096,19200.0,66,64682990.07415772,68975046.15783691,247424556.73217773,72446947.09777832
7090,7090,7097,19200.0,64,63260078.43017578,68142127.99072266,270111751.5563965,74294757.84301758
7091,7091,7098,19200.0,64,67850303.64990234,68071460.72387695,265635395.05004883,72952938.07983398
7092,7092,7099,19088.0,64,74388042.44995117,69224594.11621094,243955928.80249023,74921577.45361328
7093,7093,7100,19311.0,68,87913761.13891602,71775332.4508667,296609334.9456787,79481349.94506836
7094,7094,7101,19198.0,67,67960309.9822998,68847553.25317383,263796634.67407227,74782862.66326904
7095,7095,7102,19057.0,64,74828624.7253418,66967421.531677246,281259899.1394043,73736901.28326416
7096,7096,7103,19336.0,68,77904540.06195068,71766008.3770752,252871026.99279785,80440564.15557861
7097,7097,7104,19199.0,64,87363319.39697266,70215633.39233398,285741870.8801269,80733497.6196289
7098,7098,7105,19201.0,65,75336395.26367188,71116916.65649414,247304187.7746582,78630821.22802734
7099,7099,7106,19004.0,64,68484917.64068604,71164836.88354492,231995275.4974365,76630998.6114502
7100,7100,7107,19396.0,67,80185348.51074219,72498807.90710449,319103153.22875977,77401731.49108887
7101,7101,7108,19200.0,64,77920532.2265625,70664405.8227539,269047737.12158203,74589729.30908203
7102,7102,7109,19200.0,65,82162714.0045166,71701669.69299316,276236200.3326416,78419065.47546387
7103,7103,7110,19200.0,64,72456264.49584961,72865390.77758789,241417694.09179688,78234386.4440918
7104,7104,7111,19068.0,64,70368724.82299805,70956710.81542969,369904174.8046875,76949901.58081055
7105,7105,7112,19346.0,75,92938114.16625977,75876414.29901123,277569252.01416016,82141436.57684326
7106,7106,7113,19167.0,64,89456537.2467041,75267282.48596191,271171789.1693115,84734985.3515625
7107,7107,7114,19233.0,65,87081719.39849854,75289186.47766113,275821675.30059814,81205781.93664551
7108,7108,7115,18870.0,72,78578610.42022705,68911249.1607666,279344671.24938965,74896915.43579102
7109,7109,7116,19330.0,89,86790290.83251953,67017420.76873779,260040789.604187,74255661.01074219
7110,7110,7117,19371.0,72,89393995.28503418,70431137.08496094,270147760.3912353,75830093.38378906
7111,7111,7118,19200.0,64,93490505.21850586,72998142.24243164,240386009.2163086,80509185.79101562
7112,7112,7119,19014.0,65,91452577.59094238,78271112.4420166,255340209.9609375,86623544.69299316
7113,7113,7120,19386.0,69,92804440.49835204,75514231.68182373,265963123.3215332,83373222.35107422
7114,7114,7121,19200.0,66,89543886.18469238,70990011.21520996,259752407.0739746,77496044.15893555
7115,7115,7122,19200.0,65,85938932.41882324,69717075.34790039,247313243.8659668,73975170.13549805
7116,7116,7123,19168.0,64,85758026.12304688,71490478.515625,249301368.7133789,74541069.03076172
7117,7117,7124,19232.0,65,89791481.0180664,70761360.16845703,296958217.6208496,76204742.43164062
7118,7118,7125,19200.0,64,88688850.40283203,68904876.70898438,246821880.34057617,73091983.79516602
7119,7119,7126,19200.0,64,92162132.2631836,70858955.38330078,262761497.4975586,76074886.32202148
7120,7120,7127,19200.0,64,92896842.95654295,74780559.53979492,234380722.04589844,81443023.68164062
7121,7121,7128,19094.0,64,90924793.2434082,70909744.26269531,253231925.96435547,80705722.80883789
7122,7122,7129,19306.0,65,92230993.27087402,70420356.75048828,266406154.6325684,74168758.39233398
7123,7123,7130,19200.0,64,89730262.75634766,69196987.15209961,267582607.2692871,75388526.9165039
7124,7124,7131,19200.0,64,92167282.1044922,70468139.6484375,223520278.9306641,74791145.32470703
7125,7125,7132,19109.0,64,90855527.87780762,71878616.33300781,232423130.0354004,78385126.1138916
7126,7126,7133,19203.0,65,88460072.51739502,69697402.95410156,272423213.0050659,78737295.15075684
7127,7127,7134,19260.0,65,94148189.54467772,71312725.06713867,246332340.2404785,77200180.05371094
7128,7128,7135,19163.0,66,91571773.52905272,70480201.7211914,268201154.7088623,73771028.51867676
7129,7129,7136,19118.0,66,92388312.33978271,69519582.74841309,251122301.10168457,73941282.27233887
7130,7130,7137,19347.0,66,86886797.90496826,67847356.79626465,268298892.97485352,72618478.77502441
7131,7131,7138,19200.0,64,88099479.67529297,65811538.69628906,265380477.90527344,69464492.79785156
7132,7132,7139,19077.0,66,94242751.121521,66373939.51416016,270192951.2023926,70503997.80273438
7133,7133,7140,19141.0,69,91575422.2869873,65198586.46392822,299289424.89624023,68912316.32232666
7134,7134,7141,19050.0,65,88091464.99633789,65172786.71264648,237567127.2277832,69401012.4206543
7135,7135,7142,19153.0,69,84890513.42010498,64205818.17626953,275244272.23205566,67297177.3147583
7136,7136,7143,19177.0,69,90976979.25567628,63920292.85430908,236823146.8200684,68460437.7746582
7137,7137,7144,19295.0,65,91318988.80004884,64959754.943847656,279606094.3603516,68255996.70410156
7138,7138,7145,19200.0,64,87961006.16455078,63780784.6069336,263032150.2685547,68547248.84033203
7139,7139,7146,19200.0,64,81902217.86499023,61548614.501953125,249464035.0341797,65214157.10449219
7140,7140,7147,19200.0,65,82750213.62304688,62284755.70678711,216691497.8027344,66377449.03564453
7141,7141,7148,19200.0,64,87508392.33398438,65081119.53735352,250675392.1508789,71120452.88085938
7142,7142,7149,19200.0,65,89230564.11743164,66998695.37353516,268002811.4318848,72412528.99169922
7143,7143,7150,19200.0,65,92421180.72509766,70202922.82104492,251487699.508667,77075969.69604492
7144,7144,7151,19200.0,66,92481315.61279295,73062094.68841553,211458477.02026367,77405800.81939697
7145,7145,7152,19200.0,64,91949272.15576172,72276592.25463867,222911739.34936523,75849151.61132812
7146,7146,7153,19200.0,64,86379432.67822266,71919822.6928711,307076168.06030273,76208209.99145508
7147,7147,7154,19200.0,64,92235374.4506836,71027755.73730469,269599628.4484863,74158573.15063477
7148,7148,7155,19152.0,64,86422542.57202148,69531955.71899414,286056907.6538086,75485618.5913086
7149,7149,7156,19201.0,65,88178173.06518555,70893600.46386719,238084247.58911133,74550308.22753906
7150,7150,7157,19188.0,65,93124823.57025146,73078977.58483887,268311674.118042,78197565.07873535
7151,7151,7158,19188.0,68,96935807.22808838,74110475.54016113,232817474.3652344,79922071.45690918
7152,7152,7159,19183.0,67,93512267.11273192,73683649.06311035,247772901.53503415,78959163.66577148
7153,7153,7160,19288.0,66,95683519.36340332,73444828.03344727,259412910.46142575,77895263.671875
7154,7154,7161,18976.0,65,94403604.50744627,72888671.875,229249612.80822757,80589384.07897949
7155,7155,7162,18017.0,79,92170138.35906982,71912255.28717041,228156906.1279297,77609546.66137695
7156,7156,7163,18363.0,63,93124477.3864746,77362377.16674805,260407276.15356445,83720638.27514648
7157,7157,7164,17955.0,63,88682332.99255371,75082907.67669678,222695779.80041504,79720525.74157715
7158,7158,7165,18058.0,63,90971220.01647948,74613346.09985352,256676876.06811523,80529752.73132324
7159,7159,7166,17805.0,62,89762706.7565918,70580351.82952881,200326618.19458008,75214439.39208984
7160,7160,7167,18537.0,77,84292518.61572266,67729567.527771,264190865.5166626,72562782.28759766
7161,7161,7168,18344.0,64,78582916.25976562,66671606.06384277,228251666.0690308,70481604.57611084
7162,7162,7169,19219.0,66,84098192.21496582,69797799.1104126,233556995.3918457,75109805.1071167
7163,7163,7170,18923.0,67,90280737.87689207,73530943.87054443,261571216.58325195,80111399.65057373
7164,7164,7171,19402.0,80,91421427.7267456,78604933.7387085,270482364.654541,84487998.00872803
7165,7165,7172,19200.0,67,90833301.54418944,82224750.51879883,223849754.3334961,88098793.02978516
7166,7166,7173,19160.0,64,91879062.65258788,83374671.93603516,232929096.22192383,88752479.55322266
7167,7167,7174,18927.0,79,92902350.4257202,83485126.49536133,246754435.5392456,88558765.41137695
7168,7168,7175,18900.0,65,90822860.71777344,82934749.60327148,238822433.4716797,90034505.84411621
7169,7169,7176,18900.0,64,85601554.87060547,82895225.52490234,258410465.2404785,89212169.6472168
7170,7170,7177,18900.0,65,82645598.41156006,82942895.88928223,278581920.6237793,88664958.95385742
7171,7171,7178,18900.0,64,63951709.74731445,78414344.78759766,237929786.6821289,85583936.69128418
7172,7172,7179,18510.0,64,47533044.81506348,73928165.43579102,198747453.6895752,78475265.50292969
7173,7173,7180,19027.0,86,46667734.14611816,67758031.84509277,242590845.10803223,72849905.9677124
7174,7174,7181,19647.0,80,65945466.99523926,70894221.30584717,253352189.06402588,78915180.20629883
7175,7175,7182,19149.0,74,74111523.62823486,74114942.55065918,283428390.5029297,80884699.82147217
7176,7176,7183,19316.0,73,62360984.802246094,76528114.31884766,261129801.7501831,80486197.47161865
7177,7177,7184,19225.0,75,47518769.26422119,77743556.97631836,209376737.5946045,84033654.21295166
7178,7178,7185,19483.0,73,71509242.0578003,82708657.26470947,274445702.5527954,90714885.71166992
7179,7179,7186,19531.0,69,89634798.04992676,85849956.51245117,312283425.3311157,93523942.9473877
7180,7180,7187,19622.0,83,110388396.26312256,87916331.29119873,283710412.02545166,95379920.00579834
7181,7181,7188,19840.0,74,76167446.13647461,82163844.10858154,304446042.06085205,95715553.2836914
7182,7182,7189,19482.0,67,74680124.28283691,82517543.79272461,259502080.9173584,92523017.88330078
7183,7183,7190,19371.0,70,91496312.14141846,83231122.97058105,261249852.18048096,86148736.95373535
7184,7184,7191,20139.0,73,87888623.23760986,81161341.6671753,339639131.5460205,92307040.21453856
7185,7185,7192,19338.0,74,76532803.53546143,78548583.984375,278666687.96539307,87212762.8326416
7186,7186,7193,19192.0,88,83315673.828125,77061801.91040039,310008300.78125,85878653.52630615
7187,7187,7194,19610.0,91,81467901.2298584,74732662.20092773,275868083.0001831,86442354.20227051
7188,7188,7195,19816.0,71,65684787.75024414,71347612.38098145,277669193.26782227,82425180.43518066
7189,7189,7196,19456.0,75,58468920.70770264,70133819.58007812,234409385.68115237,80115355.49163818
7190,7190,7197,19445.0,83,52582966.8045044,69044012.06970215,217637400.62713623,73750865.9362793
7191,7191,7198,19501.0,72,55330775.26092529,68102586.74621582,251849469.1848755,75383437.15667725
7192,7192,7199,18529.0,82,45565525.05493164,62585137.367248535,170034990.31066895,66030151.3671875
7193,7193,7200,19130.0,70,64850450.51574707,67263296.12731934,239938205.7189941,75622755.05065918
7194,7194,7201,18555.0,65,79438482.2845459,71636306.76269531,259297264.0991211,83862479.2098999
7195,7195,7202,18847.0,68,72494462.96691895,73956599.23553467,279051124.5727539,84064352.98919678
7196,7196,7203,18495.0,63,61233460.42633057,74714970.58868408,263340557.09838867,81800308.22753906
7197,7197,7204,18578.0,69,78129136.08551025,76968318.93920898,257274082.1838379,82803157.80639648
7198,7198,7205,18678.0,63,86334589.0045166,80321250.91552734,260657764.43481445,88799606.32324219
7199,7199,7206,18497.0,63,81826706.8862915,79422155.38024902,286043787.0025635,87367109.29870605
7200,7200,7207,18602.0,64,84505833.62579346,78786501.88446045,264016533.85162356,85000576.97296143
7201,7201,7208,18277.0,64,91696779.25109863,81044026.3748169,276610158.9202881,92155318.26019289
7202,7202,7209,18236.0,64,65445335.3881836,80323336.60125732,231258247.37548828,89536749.83978271
7203,7203,7210,18242.0,63,58898210.525512695,77553264.61791992,239116203.30810547,85835327.1484375
7204,7204,7211,17798.0,65,58965977.66876221,71421504.97436523,210855587.00561523,76164760.58959961
7205,7205,7212,18035.0,63,64174868.5836792,72727920.53222656,193964897.1557617,76982215.88134766
7206,7206,7213,17710.0,64,58764918.32733154,72203896.52252197,195134189.6057129,76212432.86132812
7207,7207,7214,17700.0,60,57101446.1517334,71550125.12207031,196370121.00219727,75765037.5366211
7208,7208,7215,17700.0,59,62699604.03442383,70927906.03637695,252497577.66723636,75192832.94677734
7209,7209,7216,18283.0,72,58558003.42559815,75205216.40777588,199037223.815918,80853302.95562744
7210,7210,7217,19294.0,81,64957266.80755615,74632022.85766602,238628887.17651367,78307763.09967041
7211,7211,7218,18908.0,84,66338997.84088135,73323569.29779053,238069263.45825195,81340177.53601074
7212,7212,7219,20066.0,85,90907952.3086548,81450386.04736328,393612630.8441162,88944931.03027344
7213,7213,7220,19787.0,81,87358482.36083984,82332826.61437988,306549466.1331177,90804913.520813
7214,7214,7221,19655.0,68,95119430.5419922,84766704.55932617,338672271.7285156,98303169.25048828
7215,7215,7222,18480.0,77,85496587.7532959,77786419.86846924,281711402.8930664,86592712.40234375
7216,7216,7223,18600.0,73,105625548.36273192,88852907.18078613,310573112.48779297,98464210.5102539
7217,7217,7224,18386.0,67,94152575.49285889,86795312.88146973,301406305.31311035,95150189.39971924
7218,7218,7225,18492.0,68,78238533.02001953,82799591.06445312,280120794.29626465,92571300.5065918
7219,7219,7226,18976.0,70,93710765.83862305,86968587.87536621,304137115.4785156,92873868.94226074
7220,7220,7227,19198.0,68,95920211.7919922,84148911.47613525,285809206.00891113,88735007.28607178
7221,7221,7228,19515.0,72,100785305.97686768,85577217.10205078,314515607.8338623,90098614.692688
7222,7222,7229,19561.0,72,99350044.25048828,88117952.34680176,280171737.67089844,95909927.36816406
7223,7223,7230,19342.0,75,96625486.37390137,87165589.33258057,283731527.3284912,92854066.84875488
7224,7224,7231,19040.0,78,88917109.48944092,80956183.43353271,271548272.13287354,94841199.87487791
7225,7225,7232,19561.0,76,78344913.48266602,77750487.32757568,295235618.5913086,91065997.12371826
7226,7226,7233,19240.0,77,72212121.00982666,83875364.30358887,301278146.7437744,90806838.0355835
7227,7227,7234,19116.0,76,103823390.96069336,83114779.47235107,270791515.3503418,86643445.96862793
7228,7228,7235,18541.0,71,85372603.41644287,81624017.7154541,265793802.2613525,85019239.42565918
7229,7229,7236,19919.0,78,89182073.59313965,87649221.42028809,295666862.48779297,94772838.5925293
7230,7230,7237,19129.0,74,74828647.61352539,80188542.36602783,276932374.0005493,93048447.60894775
7231,7231,7238,18501.0,66,82959836.95983887,80036731.7199707,278882975.5783081,87624534.6069336
7232,7232,7239,17816.0,70,63354124.06921387,74804784.77478027,249417611.12213132,81734692.57354736
7233,7233,7240,18218.0,85,73982395.17211914,74739826.20239258,245115553.855896,79830979.347229
7234,7234,7241,18220.0,68,75044481.27746582,72338624.95422363,267974808.69293213,78864418.02978516
7235,7235,7242,18817.0,66,83684829.71191406,72402757.64465332,233087745.6665039,76762008.66699219
7236,7236,7243,18544.0,67,89756375.31280518,74375081.0623169,236768709.1827393,78386452.67486572
7237,7237,7244,18997.0,73,88993233.6807251,76229433.05969238,261829162.59765625,82428315.16265869
7238,7238,7245,18801.0,70,83086137.77160645,77112486.83929443,230762922.2869873,82502968.78814697
7239,7239,7246,18353.0,64,71515267.37213135,73997299.19433594,231504683.49456787,78173427.58178711
7240,7240,7247,18548.0,66,81090422.63031006,73441967.96417236,264988647.4609375,78527546.8826294
7241,7241,7248,18925.0,64,90206687.9272461,76529457.09228516,255284599.3041992,84070968.62792969
7242,7242,7249,18347.0,68,85356687.54577637,74170536.04125977,260279254.91333008,77658725.73852539
7243,7243,7250,18467.0,63,71166282.6538086,72093159.67559814,259660701.75170895,75430822.37243652
7244,7244,7251,18538.0,62,72978477.47802734,71249736.78588867,280263744.35424805,76350379.94384766
7245,7245,7252,18605.0,66,78031810.76049805,72368855.4763794,241865698.8143921,76969388.96179199
7246,7246,7253,18539.0,69,87700796.12731934,73322094.91729736,244674684.52453613,78981317.5201416
7247,7247,7254,18003.0,62,78693385.12420654,72265796.66137695,265187201.49993896,80629138.9465332
7248,7248,7255,18299.0,70,77514467.23937988,73709826.46942139,241349304.19921875,79127764.70184326
7249,7249,7256,18848.0,84,62751909.255981445,75890963.55438232,218118529.3197632,81483827.59094238
7250,7250,7257,19338.0,71,89015770.91217041,81182814.5980835,261987664.2227173,89704723.3581543
7251,7251,7258,18832.0,68,81192815.78063965,81782167.43469238,267035297.39379883,87739629.7454834
7252,7252,7259,18408.0,65,78249462.12768555,81730134.01031494,253486534.11865237,87424882.88879395
7253,7253,7260,18432.0,65,70960491.18041992,80520618.4387207,264805767.05932617,88536312.10327148
7254,7254,7261,18347.0,66,72855569.83947754,79566987.99133301,259481307.98339844,85125833.51135254
7255,7255,7262,18590.0,64,83282555.58013916,83571286.20147705,253820358.2763672,93435736.65618896
7256,7256,7263,18551.0,63,80053527.83203125,85489612.5793457,269119039.53552246,94513055.8013916
7257,7257,7264,18512.0,63,79648279.19006348,85255189.89562988,295697951.3168335,94376728.05786131
7258,7258,7265,18513.0,67,73159336.09008789,79898300.17089844,268757894.5159912,85661125.18310547
7259,7259,7266,18825.0,71,90475461.00616457,77363471.98486328,261505796.43249512,83565515.51818848
7260,7260,7267,18756.0,79,76446713.4475708,76503552.43682861,301056160.92681885,85544698.71520996
7261,7261,7268,18606.0,76,82554079.05578613,76786301.612854,240848069.190979,83288414.00146484
7262,7262,7269,19596.0,83,85522907.25708008,79441406.25,258556003.57055664,89043663.97857666
7263,7263,7270,19086.0,66,81427047.72949219,78505546.56982422,290786920.5474853,87299194.3359375
7264,7264,7271,19209.0,65,77983139.03808594,78041217.80395508,248642147.06420895,84669658.66088867
7265,7265,7272,19339.0,67,78587949.75280762,76137172.69897461,288330478.6682129,81865261.07788086
7266,7266,7273,19049.0,67,81565307.6171875,74119968.41430664,264630718.2312012,79128983.49761963
7267,7267,7274,19211.0,65,76809543.60961914,75892322.5402832,266242080.68847656,83231708.52661133
7268,7268,7275,18688.0,80,76245710.3729248,75132586.47918701,254007670.4025269,81826656.34155273
7269,7269,7276,18962.0,75,78439809.79919434,74790846.824646,242529598.236084,85686148.64349365
7270,7270,7277,19244.0,70,74095362.66326904,76039922.7142334,236234145.16448972,85940305.70983887
7271,7271,7278,18911.0,72,71688653.94592285,77301440.23895264,251608551.02539065,84124341.01104736
7272,7272,7279,18947.0,76,76967013.35906982,79093876.83868408,660742817.8787231,84746533.39385986
7273,7273,7280,19364.0,72,79180662.15515137,81468495.36895752,251122211.45629883,86683043.47991943
7274,7274,7281,18885.0,64,63698914.52789307,76182617.1875,229389078.1402588,80854358.6730957
7275,7275,7282,18893.0,80,81523195.26672363,77745425.2243042,270394066.8106079,82622659.68322754
7276,7276,7283,18462.0,71,85754443.16864014,77701135.63537598,263221944.80896,85310329.43725586
7277,7277,7284,18208.0,76,86108829.49829102,78578675.27008057,303593155.8609009,88508612.63275146
7278,7278,7285,19121.0,88,92038203.23944092,80481272.69744873,280292766.5710449,90924479.4845581
7279,7279,7286,18810.0,66,81858911.51428223,76729555.13000488,250124048.23303223,83561073.30322266
7280,7280,7287,18962.0,76,79035523.41461182,75268755.91278076,266959271.43096924,83439524.65057373
7281,7281,7288,18691.0,74,89377924.91912842,78379333.49609375,246083662.98675537,84976284.98077393
7282,7282,7289,19049.0,78,87852085.11352539,77166675.56762695,274482824.3255615,87096615.7913208
7283,7283,7290,18762.0,70,84769569.39697266,73937758.44573975,245110958.09936523,80480540.27557373
7284,7284,7291,19006.0,76,88889808.65478516,76781131.74438477,260814746.85668945,87421916.96166992
7285,7285,7292,19267.0,80,76387473.10638428,77581964.49279785,258182246.2081909,88248955.72662354
7286,7286,7293,19303.0,67,85976425.17089844,76852668.76220703,285629680.6335449,84491714.47753906
7287,7287,7294,19181.0,68,89938907.62329102,77507035.25543213,263314964.2944336,86174305.91583252
7288,7288,7295,19036.0,73,90690132.14111328,83509387.9699707,262307039.26086423,91675683.0215454
7289,7289,7296,17887.0,72,88588107.10906982,79508305.54962158,254790184.0209961,87859475.13580322
7290,7290,7297,18475.0,79,94214381.21795654,80921825.40893555,247567173.0041504,87083489.41802979
7291,7291,7298,18512.0,78,93552864.07470705,80807747.84088135,250273935.3179932,89585565.5670166
7292,7292,7299,19465.0,67,91126339.91241457,81963045.12023926,257322757.72094727,91582322.1206665
7293,7293,7300,19200.0,64,86493587.49389648,77580642.70019531,281311798.0957031,85818099.97558594
7294,7294,7301,18831.0,64,92499284.7442627,79335359.57336426,284028587.3413086,87437395.0958252
7295,7295,7302,18900.0,84,99016256.33239746,80936944.96154785,248630603.7902832,88583578.10974121
7296,7296,7303,18600.0,62,96239376.06811523,78572559.35668945,241765022.27783203,86491012.57324219
7297,7297,7304,18600.0,62,94255828.85742188,78919315.33813477,260667800.9033203,88156414.03198242
7298,7298,7305,18571.0,65,91993036.2701416,78461935.99700928,255774429.32128903,88477990.15045166
7299,7299,7306,18829.0,72,93009552.95562744,81585853.57666016,266587852.4780273,92468992.23327637
7300,7300,7307,18605.0,65,92359777.45056152,83938906.6696167,272364297.8668213,94840536.11755373
7301,7301,7308,18467.0,65,84454971.31347656,77709766.38793945,247131731.0333252,85959365.84472656
7302,7302,7309,19495.0,80,96036844.25354004,78266330.71899414,260447481.1553955,87461297.9888916
7303,7303,7310,19063.0,64,93659248.35205078,78815401.07727051,241742973.32763672,85880168.91479492
7304,7304,7311,19107.0,67,83603542.32788086,76424098.96850586,257415508.27026367,83995296.47827148
7305,7305,7312,19037.0,75,80309127.80761719,78522967.33856201,268944169.99816895,86355777.74047852
7306,7306,7313,18792.0,67,79394048.6907959,76501507.75909424,239052524.5666504,87100003.24249268
7307,7307,7314,19419.0,73,89579414.36767578,80354803.08532715,254738178.25317383,90991225.24261476
7308,7308,7315,19073.0,69,86492911.33880615,76851634.02557373,252579145.43151852,84685989.37988281
7309,7309,7316,19218.0,71,82473156.92901611,76862307.54852295,258308151.2451172,84828779.22058105
7310,7310,7317,19200.0,66,91947479.24804688,78499603.27148438,247160350.79956052,84392726.89819336
7311,7311,7318,19216.0,67,77236225.12817383,78579914.09301758,270184234.6191406,88540607.45239258
7312,7312,7319,19217.0,67,79913921.35620117,80962184.90600586,244572185.51635745,89756557.46459961
7313,7313,7320,18939.0,73,75491634.36889648,78463005.06591797,298193408.96606445,87417092.32330322
7314,7314,7321,19461.0,71,87578399.65820312,80831789.97039795,270254028.3203125,87550929.06951904
7315,7315,7322,18752.0,71,91043134.68933104,83590209.9609375,278181980.13305664,88913612.36572266
7316,7316,7323,18885.0,86,85612149.23858643,80695625.30517578,270558979.0344238,90788321.49505617
7317,7317,7324,18728.0,77,89587709.42687988,78266541.48101807,256073908.8058472,86478400.23040771
7318,7318,7325,18957.0,89,92275643.34869383,82960865.97442627,249527170.1812744,92150575.63781738
7319,7319,7326,18402.0,75,88032253.26538086,76690711.02142334,270668686.86676025,88551990.5090332
7320,7320,7327,19122.0,75,94455317.49725342,78715264.32037354,261135923.3856201,87306792.25921631
7321,7321,7328,19287.0,91,96113300.32348631,80930466.6519165,274388686.18011475,87377939.22424316
7322,7322,7329,19325.0,75,95531618.11828612,80876516.34216309,249876362.8005981,90372856.14013672
7323,7323,7330,19202.0,66,92808734.89379884,82347606.65893555,261875488.28125,90652313.23242188
7324,7324,7331,18548.0,75,94828806.87713625,81941180.22918701,252409534.4543457,89825617.79022217
7325,7325,7332,18515.0,91,94394714.35546876,77770021.43859863,278726183.8912964,86908772.4685669
7326,7326,7333,18904.0,90,87000670.43304443,79297959.32769775,259696678.1616211,85281632.42340088
7327,7327,7334,19016.0,72,88520463.94348145,78150152.2064209,282439418.7927246,87799221.03881836
7328,7328,7335,18872.0,84,92553365.70739746,80988395.69091797,305064660.07232666,88675000.19073486
7329,7329,7336,18097.0,71,93539671.89788818,79942077.63671875,248755045.8908081,87910565.37628174
7330,7330,7337,18020.0,64,80420063.01879883,77728672.02758789,256013881.6833496,84413921.35620117
7331,7331,7338,17905.0,64,76519760.13183594,75370250.7019043,240437473.29711917,81656017.3034668
7332,7332,7339,18408.0,66,81544960.02197266,77839231.49108887,245777027.13012692,85251289.36767578
7333,7333,7340,19222.0,81,69537170.41015625,79366987.22839355,249510894.77539065,86821635.24627686
7334,7334,7341,18960.0,84,85187393.18847656,78451278.68652344,260017341.61376956,83880164.14642334
7335,7335,7342,19331.0,70,88993444.44274902,81679442.40570068,267579140.66314697,87829297.06573486
7336,7336,7343,18902.0,74,89248482.7041626,80851025.58135986,300455816.2689209,91412728.30963136
7337,7337,7344,19261.0,73,89342684.74578857,82033266.06750488,243653068.54248047,89879293.44177246
7338,7338,7345,19110.0,70,90377223.96850586,84413079.26177979,258608409.8815918,91273852.34832764
7339,7339,7346,18827.0,79,90212544.44122314,81244135.85662842,252506255.1498413,89298115.73028564
7340,7340,7347,18282.0,83,91735099.79248048,81923002.24304199,248586174.01123047,90349441.52832033
7341,7341,7348,19053.0,74,96791640.28167725,85765038.49029541,240352609.6343994,92540852.5466919
7342,7342,7349,18719.0,72,89525028.22875977,81215972.90039062,250877180.0994873,91810848.23608398
7343,7343,7350,18849.0,79,89749317.16918945,81974294.66247559,244833169.9371338,88689947.1282959
7344,7344,7351,18293.0,75,90485323.90594482,82323324.20349121,252467595.10040283,87734822.2732544
7345,7345,7352,19422.0,77,93257908.82110596,80238303.18450928,254996802.3300171,87644476.89056396
7346,7346,7353,18383.0,74,86291598.32000732,76929710.3881836,256737557.41119385,82709355.35430908
7347,7347,7354,18574.0,87,90615122.79510498,81402465.8203125,256587131.5002441,89485276.222229
7348,7348,7355,18911.0,97,90988005.63812256,80656406.40258789,270806504.24957275,87198644.63806152
7349,7349,7356,19156.0,80,80157926.55944824,76713920.59326172,268727476.1199951,84569213.8671875
7350,7350,7357,18995.0,69,88175996.78039551,78353755.95092773,274952489.8529053,82373687.74414062
7351,7351,7358,18961.0,77,77747023.5824585,75753310.20355225,325395757.6751709,81199706.07757568
7352,7352,7359,19527.0,71,87794916.1529541,81929681.7779541,264712562.5610352,89843159.67559814
7353,7353,7360,19184.0,84,90592690.46783447,78045045.85266113,244060689.92614743,86028100.01373291
7354,7354,7361,19194.0,72,86957056.04553223,76087522.50671387,276161541.93878174,83875624.65667725
7355,7355,7362,19281.0,74,90292294.5022583,76268217.08679199,235323380.47027588,84031794.54803467
7356,7356,7363,19031.0,73,87588878.6315918,77518054.9621582,281271251.6784668,82463843.34564209
7357,7357,7364,18617.0,87,87447741.50848389,78096903.80096436,277953483.58154297,88091020.58410645
7358,7358,7365,18952.0,77,92945398.33068848,81337918.28155518,256198316.57409668,89966267.5857544
7359,7359,7366,18329.0,70,95313390.73181152,77280785.56060791,255670402.52685547,82528217.31567383
7360,7360,7367,18302.0,63,87008953.09448242,79174839.01977539,290784107.20825195,88731704.71191406
7361,7361,7368,18102.0,63,86356401.44348145,80954973.2208252,263062839.50805664,87667442.32177734
7362,7362,7369,18646.0,83,90226339.34020996,79819594.38323975,273187427.52075195,87174628.25775146
7363,7363,7370,18588.0,70,88257367.13409424,78199693.67980957,268534986.4959717,83773604.39300537
7364,7364,7371,18669.0,70,80064603.80554199,78825366.02020264,265230339.05029297,87617517.47131348
7365,7365,7372,18583.0,74,76088123.3215332,83094084.73968506,237104544.6395874,90925595.2835083
7366,7366,7373,18470.0,74,88792062.75939941,76805823.32611084,266609989.16625977,84733058.92944336
7367,7367,7374,18932.0,77,87903060.91308594,76486158.37097168,233362565.9942627,81950838.08898926
7368,7368,7375,18599.0,66,86230683.32672119,77281755.4473877,262778652.1911621,83419275.28381348
7369,7369,7376,18672.0,75,85761848.44970703,80415804.86297607,244689307.2128296,88446959.49554443
7370,7370,7377,18555.0,65,82759883.88061523,77940125.46539307,230605228.42407227,83394757.27081299
7371,7371,7378,18681.0,83,75021223.0682373,79189132.69042969,233349095.34454343,85444559.09729004
7372,7372,7379,18759.0,69,76014910.69793701,82152462.95928955,251157598.4954834,87530302.04772949
7373,7373,7380,18647.0,64,82872188.56811523,79097862.24365234,281178443.9086914,85347862.24365234
7374,7374,7381,18919.0,74,89240112.3046875,80744158.74481201,264782371.5209961,87897434.23461914
7375,7375,7382,18312.0,73,89436487.19787598,81856038.0935669,269936960.2203369,88663316.72668457
7376,7376,7383,18643.0,71,91988098.14453124,83733036.04125977,272150733.9477539,91063795.08972168
7377,7377,7384,18699.0,72,73920749.66430664,80325268.74542236,245010778.427124,87074576.37786865
7378,7378,7385,18166.0,72,77137542.72460938,77355028.15246582,263233727.4551392,85759149.5513916
7379,7379,7386,18469.0,72,78469623.56567383,76482174.87335205,247566606.52160645,81406320.57189941
7380,7380,7387,19476.0,82,92121932.98339844,77484964.37072754,268914304.7332764,85177161.21673584
7381,7381,7388,18822.0,83,74609592.43774414,73713280.67779541,258141610.14556885,78824450.49285889
7382,7382,7389,19422.0,75,86724843.97888184,76535186.76757812,251437779.4265747,86337218.28460693
7383,7383,7390,19402.0,75,84979510.30731201,79082474.70855713,239125057.22045895,86779002.18963623
7384,7384,7391,19109.0,70,78080253.60107422,80094055.17578125,254403690.3381348,90105216.97998048
7385,7385,7392,19380.0,74,80763637.54272461,79841151.2374878,231195974.3499756,87073531.15081787
7386,7386,7393,19166.0,70,80455619.81201172,78195940.97137451,251094149.58953857,84432678.22265625
7387,7387,7394,19164.0,68,76786390.30456543,77428962.70751953,247916133.88061523,82945436.47766113
7388,7388,7395,19215.0,69,86291224.4796753,77693527.22167969,246567344.6655273,84013996.12426758
7389,7389,7396,19133.0,71,69178386.68823242,76793424.60632324,272687437.0574951,82733522.41516113
7390,7390,7397,19234.0,77,66495914.45922852,75394099.23553467,264407277.1072388,81670265.1977539
7391,7391,7398,19504.0,72,89422970.77178955,79380594.25354004,248443007.46917725,86627349.85351562
7392,7392,7399,19013.0,71,76508277.8930664,77288770.67565918,270193506.2408447,82329601.2878418
7393,7393,7400,19862.0,72,91606523.51379396,84137111.66381836,258110008.2397461,92903985.97717284
7394,7394,7401,19152.0,71,84510743.14117432,79105000.49591064,254580532.0739746,86959355.35430908
7395,7395,7402,19164.0,73,84349652.29034424,83081170.08209229,240550838.47045895,88610763.54980469
7396,7396,7403,18900.0,68,81226743.69812012,79818298.33984375,243997693.0618286,87468828.20129395
7397,7397,7404,19118.0,66,83040668.48754883,77244731.90307617,285114730.83496094,82419612.88452148
7398,7398,7405,19194.0,79,89437689.78118896,79078871.72698975,264593247.41363525,87897686.95831299
7399,7399,7406,19218.0,67,81309734.34448242,80156360.6262207,275082550.0488281,90064773.55957031
7400,7400,7407,18982.0,72,59522580.14678955,75164548.87390137,245284749.9847412,87740029.33502197
7401,7401,7408,18712.0,67,64050169.94476318,74150579.45251465,215827542.30499268,79788231.84967041
7402,7402,7409,19140.0,74,78552518.84460449,73906876.56402588,241874788.28430176,79709069.25201416
7403,7403,7410,19683.0,73,75191501.61743164,77983309.74578857,261018526.0772705,86802754.40216064
7404,7404,7411,19216.0,72,81768020.62988281,76551690.10162354,270280244.8272705,84535346.03118896
7405,7405,7412,18658.0,88,89983875.2746582,78015419.96002197,275332292.5567627,84745516.77703857
7406,7406,7413,19085.0,78,74353444.09942627,80388123.51226807,262133382.7972412,89753643.98956299
7407,7407,7414,18958.0,74,72995891.57104492,79147309.30328369,247689305.30548096,86233450.8895874
7408,7408,7415,19237.0,75,70805006.02722168,77580255.50842285,251304376.60217285,86916597.36633301
7409,7409,7416,19189.0,67,77658373.83270264,78079216.00341797,246923150.06256104,84484260.55908203
7410,7410,7417,19050.0,75,78572455.40618896,76376826.28631592,235877799.03411865,82390239.71557617
7411,7411,7418,18986.0,77,74445042.61016846,75718687.05749512,241602867.12646484,82642963.40942383
7412,7412,7419,19645.0,73,95089267.73071288,82556855.20172119,292549800.87280273,90799887.65716553
7413,7413,7420,19343.0,66,91698277.4734497,80178560.25695801,310836885.4522705,84565734.86328125
7414,7414,7421,19460.0,71,92359120.36895752,79626310.34851074,351052152.633667,85607027.05383301
7415,7415,7422,19383.0,69,81007001.87683105,73252319.3359375,293148839.9505615,84536369.32373047
7416,7416,7423,19682.0,76,97688660.62164308,84302470.20721436,279573191.64276123,91840863.22784424
7417,7417,7424,19515.0,67,95894866.94335938,84816055.29785156,335687530.5175781,91665172.5769043
7418,7418,7425,19413.0,67,76655433.65478516,77043373.10791016,279013122.5585937,88751853.9428711
7419,7419,7426,19529.0,69,91654161.45324709,77806123.73352051,268224987.0300293,84798284.53063965
7420,7420,7427,19019.0,71,62541772.84240723,70470499.03869629,227578866.00494385,74719304.08477783
7421,7421,7428,19005.0,71,65861057.28149414,69097962.37945557,240524812.69836423,74816709.51843262
7422,7422,7429,19373.0,75,75721818.9239502,71686800.00305176,246648965.8355713,78224002.83813477
7423,7423,7430,18608.0,68,71452726.36413574,71271857.26165771,228048780.44128415,75120497.70355225
7424,7424,7431,18630.0,64,72168666.83959961,70585098.26660156,238934055.32836917,76341945.64819336
7425,7425,7432,18973.0,68,68661140.44189453,70811336.51733398,268806400.29907227,77062229.15649414
7426,7426,7433,19791.0,71,95482723.23608398,80306039.81018066,308940814.9719238,85869731.90307617
7427,7427,7434,19534.0,73,108169285.77423096,80039936.06567383,315850874.9008179,84844138.14544678
7428,7428,7435,19093.0,68,77723037.71972656,73321055.41229248,288974086.7614746,81600783.3480835
7429,7429,7436,19791.0,72,95874529.838562,84586157.79876709,328172779.08325195,91967055.32073976
7430,7430,7437,19367.0,70,91639965.05737305,82660963.05847168,291012775.4211426,89686502.45666504
7431,7431,7438,19534.0,73,88630796.43249512,84551160.81237793,264149662.01782227,90516622.54333496
7432,7432,7439,19046.0,70,81639018.05877686,82765487.67089844,263799433.7081909,89798574.44763184
7433,7433,7440,19197.0,74,66421081.54296875,73587736.12976074,240916263.58032227,78477432.25097656
7434,7434,7441,19093.0,76,65505543.70880127,73768231.39190674,237700465.20233157,77726693.15338135
7435,7435,7442,19005.0,74,61619153.97644043,71698091.50695801,196671739.57824707,75018251.41906738
7436,7436,7443,18945.0,70,64559185.02807617,72035999.2980957,230367816.92504883,75641979.2175293
7437,7437,7444,18623.0,74,70684126.85394287,71120347.97668457,235969081.8786621,75167493.82019043
7438,7438,7445,18958.0,69,68933259.96398926,71143022.53723145,229900461.1968994,75865146.63696289
7439,7439,7446,19152.0,71,64558429.71801758,72688022.61352539,224860923.76708984,74997364.99786377
7440,7440,7447,19153.0,68,81005256.65283203,73775857.92541504,243327799.7970581,78184011.45935059
7441,7441,7448,19137.0,71,76599050.52185059,73852462.76855469,225887439.7277832,79703870.77331543
7442,7442,7449,19227.0,67,75617650.03204346,74376686.0961914,246715587.6159668,77979385.37597656
7443,7443,7450,19093.0,68,61631944.65637207,72442166.32843018,214010601.0437012,78114503.86047363
7444,7444,7451,19012.0,74,62922843.93310547,71098997.11608887,218652336.12060547,74953979.4921875
7445,7445,7452,19249.0,68,65034465.78979492,72936176.30004883,228626495.36132807,75900924.68261719
7446,7446,7453,18931.0,70,75583624.83978271,72596387.86315918,266643642.4255371,76145845.41320801
7447,7447,7454,18840.0,73,62781057.357788086,70313495.63598633,233727893.8293457,76415684.7000122
7448,7448,7455,18610.0,75,71716969.49005127,69954683.30383301,205761266.708374,75907582.28302002
7449,7449,7456,18590.0,65,69393325.80566406,71849483.48999023,234792371.74987796,77765480.0415039
7450,7450,7457,19016.0,69,70525650.97808838,73090421.67663574,229022108.07800293,77578567.50488281
7451,7451,7458,19083.0,74,65078456.87866211,72260265.3503418,228253899.5742798,76447685.24169922
7452,7452,7459,19398.0,67,75372299.19433594,73725379.94384766,257891929.62646484,78323440.55175781
7453,7453,7460,18971.0,67,69230007.17163086,70636505.12695312,222362609.86328125,73843254.08935547
7454,7454,7461,18796.0,69,76065683.36486816,72335724.83062744,264539161.6821289,78120175.3616333
7455,7455,7462,19180.0,68,79391422.27172852,74091029.1671753,253650527.9541016,78510135.65063477
7456,7456,7463,19064.0,68,76305084.22851562,73597219.46716309,256875614.16625977,78778471.94671631
7457,7457,7464,18822.0,63,71666633.60595703,73137039.18457031,225480171.20361328,78705184.93652344
7458,7458,7465,18998.0,68,64536455.15441895,72062237.73956299,250757781.0287476,78596754.07409668
7459,7459,7466,18977.0,65,72077392.578125,74752604.4845581,234642108.91723636,80276133.53729248
7460,7460,7467,18680.0,66,67896905.89904785,72698961.25793457,216289548.87390137,78942541.12243652
7461,7461,7468,18623.0,73,65763453.48358154,70091053.96270752,250631559.37194824,78393671.98944092
7462,7462,7469,18130.0,65,72842997.55096436,70348477.36358643,255205430.03082275,73966813.08746338
7463,7463,7470,18276.0,63,65792655.94482422,69708981.51397705,214333358.76464844,74233983.03985596
7464,7464,7471,18111.0,65,52561350.82244873,67194336.89117432,209975809.09729004,71086347.57995605
7465,7465,7472,18334.0,65,78576910.97259521,71983882.90405273,220509765.625,76500439.64385986
7466,7466,7473,18172.0,61,76700218.2006836,69605625.15258789,274935989.3798828,79213420.86791992
7467,7467,7474,18339.0,66,84333653.4500122,66605660.4385376,246938647.27020264,71427942.27600098
7468,7468,7475,18327.0,68,73314146.04187012,68415574.0737915,237590861.3204956,73154434.20410156
7469,7469,7476,18404.0,64,76209512.71057129,70442808.15124512,224451805.1147461,77006425.85754395
7470,7470,7477,18520.0,65,66945957.18383789,69179557.80029297,251609802.24609372,77424644.47021484
7471,7471,7478,18076.0,67,74991468.42956543,67544505.11932373,234511734.00878903,72298028.94592285
7472,7472,7479,18006.0,62,71206970.21484375,68096979.14123535,225400512.6953125,72785268.78356934
7473,7473,7480,18212.0,72,64316592.2164917,69796945.57189941,217029480.93414307,78407322.88360596
7474,7474,7481,18027.0,64,72049968.71948242,68805736.54174805,236632282.25708008,77899831.77185059
7475,7475,7482,18164.0,78,82748627.66265869,68771750.45013428,218220133.7814331,72809266.09039307
7476,7476,7483,18438.0,66,59887818.33648682,68505337.71514893,243094181.06079105,75841322.89886475
7477,7477,7484,17897.0,66,85131779.67071533,70853107.45239258,242608949.66125488,78554979.32434082
7478,7478,7485,18558.0,76,73422188.7588501,72096841.81213379,245755914.68811035,79577841.75872803
7479,7479,7486,18349.0,68,70576034.54589844,69640577.31628418,231606953.62091064,74993773.46038818
7480,7480,7487,18562.0,71,72846649.16992188,71786005.0201416,239977825.1647949,77338044.16656494
7481,7481,7488,19066.0,66,75761857.03277588,74493976.59301758,253006744.3847656,79703556.06079102
7482,7482,7489,18785.0,69,75902852.05841064,72274057.38830566,254798004.15039065,76244880.67626953
7483,7483,7490,18713.0,66,63852231.0256958,70389567.3751831,238282331.4666748,74203664.77966309
7484,7484,7491,18677.0,72,62366469.38323975,69733140.94543457,227868848.8006592,76029447.55554199
7485,7485,7492,18466.0,71,74838594.43664551,71933440.20843506,247017271.99554443,76876733.77990723
7486,7486,7493,18536.0,66,81992980.95703125,72905403.13720703,251147954.9407959,78414268.49365234
7487,7487,7494,19454.0,76,82438635.82611084,76624468.80340576,245057918.548584,82366034.50775146
7488,7488,7495,19200.0,65,84272691.72668457,77953720.09277344,266035609.2453003,83096300.12512207
7489,7489,7496,19200.0,64,73128318.7866211,77665615.08178711,234753227.23388672,83328723.9074707
7490,7490,7497,18890.0,70,65516741.75262451,74285017.0135498,237742166.51916504,79348432.54089355
7491,7491,7498,18926.0,68,66493080.13916016,73524775.50506592,267377803.80249023,81010060.31036377
7492,7492,7499,18884.0,74,78803635.597229,75736602.78320312,229732047.08099365,83556468.96362305
7493,7493,7500,19065.0,66,69817905.42602539,74068187.71362305,262454143.52416992,79457969.66552734
7494,7494,7501,18646.0,65,63845307.35015869,74191099.16687012,250164492.6071167,79405072.21221924
7495,7495,7502,18677.0,66,67006725.3112793,74552621.84143066,221300979.6142578,79194497.10845947
7496,7496,7503,18992.0,67,73662441.25366211,77795600.89111328,274293614.3875122,84252229.69055176
7497,7497,7504,18531.0,74,76346036.91101074,77289032.93609619,255849688.52996823,86885542.86956787
7498,7498,7505,18188.0,61,64136524.20043945,73192317.96264648,250407875.0610352,77677330.01708984
7499,7499,7506,18752.0,65,66229518.89038086,74250857.35321045,245138843.53637692,79064175.60577393
7500,7500,7507,18808.0,67,73809230.80444336,76176636.69586182,251055179.59594727,81401690.48309326
7501,7501,7508,19076.0,73,71421811.1038208,77147428.51257324,236532254.2190552,82525114.05944824
7502,7502,7509,19097.0,66,74318422.31750488,77587613.10577393,261445354.46166992,83196331.02416992
7503,7503,7510,19484.0,81,90127606.39190674,79764378.54766846,318178951.26342773,87197483.06274414
7504,7504,7511,19399.0,77,86787007.33184814,81420042.99163818,283636031.1508179,88789419.17419434
7505,7505,7512,19354.0,82,74044133.18634033,76804216.3848877,279435756.6833496,83619857.78808594
7506,7506,7513,19125.0,74,81082403.1829834,78147645.95031738,249847807.8842163,84256739.61639404
7507,7507,7514,19364.0,66,74317008.97216797,82614966.39251709,263214229.58374023,87634599.68566895
7508,7508,7515,19200.0,67,77854450.22583008,80454346.65679932,252110412.59765625,90895001.411438
7509,7509,7516,18916.0,64,80555656.43310547,81248054.50439453,226285175.32348636,87931659.69848633
7510,7510,7517,19482.0,69,71979957.5805664,79874210.35766602,231823997.4975586,86987346.64916992
7511,7511,7518,19202.0,66,66600824.3560791,76614406.58569336,252023632.04956052,85022411.34643555
7512,7512,7519,19200.0,64,93976593.01757812,76811027.52685547,241292381.2866211,82904434.20410156
7513,7513,7520,19200.0,65,79023456.57348633,75686931.61010742,277973041.5344238,83491539.00146484
7514,7514,7521,19200.0,64,72397327.4230957,78800582.88574219,236993980.40771484,85524845.12329102
7515,7515,7522,19200.0,64,83361911.77368164,81163501.73950195,262104320.52612305,90545082.09228516
7516,7516,7523,19191.0,66,87998647.68981934,83354438.78173828,267735076.90429688,87972925.18615723
7517,7517,7524,19175.0,65,67251976.0131836,79188320.15991211,254659370.42236328,85065296.1730957
7518,7518,7525,19234.0,65,77485260.00976562,81637928.0090332,254492702.4841309,87824317.9321289
7519,7519,7526,19091.0,66,80270793.91479492,85534273.14758301,290163387.298584,90760566.71142578
7520,7520,7527,19309.0,66,71917810.44006348,84542949.67651367,247501113.8916016,92027072.90649414
7521,7521,7528,18969.0,67,65558732.9864502,79183589.93530273,261997135.16235352,88575685.50109863
7522,7522,7529,19258.0,67,78987634.65881348,78601140.02227783,267427528.3813477,87506574.6307373
7523,7523,7530,19095.0,66,88667082.78656006,81270923.61450195,236543445.5871582,88271884.91821289
7524,7524,7531,18367.0,75,74875843.0480957,76305665.01617432,259792822.8378296,84205476.76086426
7525,7525,7532,18768.0,71,71602534.29412842,79089513.77868652,250404293.06030276,86184143.06640625
7526,7526,7533,18344.0,67,83161998.7487793,78502687.45422363,262004985.80932617,83165188.78936768
7527,7527,7534,18894.0,70,81966408.72955322,77347530.36499023,269699482.91778564,86692552.56652832
7528,7528,7535,18951.0,67,73583354.94995117,74714805.60302734,245974651.33666992,79015504.83703613
7529,7529,7536,19329.0,71,62842344.28405762,73400085.44921875,208826709.74731445,79304763.79394531
7530,7530,7537,18906.0,67,72997762.68005371,71639699.93591309,223887445.4498291,77499868.39294434
7531,7531,7538,18803.0,64,74982858.65783691,70082111.35864258,259103416.4428711,76333140.37322998
7532,7532,7539,18881.0,72,60896679.87823486,73752267.83752441,221613760.94818115,81335133.55255127
7533,7533,7540,19357.0,66,75863776.20697021,78014566.42150879,248173740.3869629,83754693.98498535
7534,7534,7541,18872.0,67,75934339.52331543,75113183.97521973,270317989.34936523,82874615.66925049
7535,7535,7542,19231.0,68,82185218.81103516,78446115.49377441,243454002.3803711,84583781.2423706
7536,7536,7543,18904.0,64,76760128.02124023,79527267.45605469,258147354.12597656,84197067.26074219
7537,7537,7544,18900.0,65,77260498.046875,75488019.9432373,235444259.6435547,84571641.92199707
7538,7538,7545,18975.0,66,82053447.72338867,78871872.9019165,275921938.8961792,87257501.60217285
7539,7539,7546,18948.0,69,85424154.28161621,83342753.41033936,241724399.5666504,91375282.28759766
7540,7540,7547,18900.0,64,77486893.65386963,79023603.43933105,253356439.5904541,92388469.69604492
7541,7541,7548,18850.0,63,91803932.1899414,82024192.8100586,254626178.74145508,89006805.41992188
7542,7542,7549,18950.0,64,89727878.57055664,80475616.45507812,242644214.63012692,87672805.78613281
7543,7543,7550,19118.0,69,79029706.00128174,78417572.02148438,251327836.99035645,85494638.44299316
7544,7544,7551,19300.0,72,73002002.71606445,80731258.39233398,232343812.94250488,88040129.66156006
7545,7545,7552,19169.0,65,70737442.01660156,78497962.95166016,252596031.18896484,85690860.74829102
7546,7546,7553,19231.0,66,86665355.68237305,76843280.79223633,239500610.3515625,83379749.2980957
7547,7547,7554,19200.0,65,84406604.7668457,82486152.64892578,253861417.7703857,90253524.78027344
7548,7548,7555,19200.0,67,86618106.84204102,80101896.28601074,263246372.2229004,84294088.36364746
7549,7549,7556,19200.0,64,84480285.64453125,75581645.96557617,242627620.69702148,81558895.11108398
7550,7550,7557,19182.0,65,85273263.93127441,74397148.13232422,241053342.81921387,80092037.20092773
7551,7551,7558,19218.0,67,90252575.8743286,78706588.74511719,287491767.8833008,86030263.90075684
7552,7552,7559,19200.0,64,86396312.71362305,78269290.92407227,267672729.4921875,90203762.05444336
7553,7553,7560,18965.0,68,81531928.06243896,77289710.04486084,247673673.62976077,82633845.32928467
7554,7554,7561,19014.0,70,84280873.29864502,80885608.6730957,250971572.87597656,88713468.55163574
7555,7555,7562,19439.0,68,96863761.90185548,87658074.37896729,245022560.1196289,94509967.80395508
7556,7556,7563,19200.0,64,95674037.9333496,87831687.9272461,249326133.7280273,93648147.5830078
7557,7557,7564,19024.0,69,90870466.2322998,79799754.14276123,278098091.1254883,89355367.66052246
7558,7558,7565,18882.0,64,91557817.45910645,81721740.72265625,238148414.6118164,89599039.07775879
7559,7559,7566,18374.0,67,84515439.0335083,80279586.79199219,269815941.8106079,91464847.56469728
7560,7560,7567,18500.0,69,69472602.84423828,76381649.9710083,558748207.0922852,85520174.02648926
7561,7561,7568,18241.0,68,79606662.75024414,78838537.21618652,245431419.3725586,83947368.62182617
7562,7562,7569,19581.0,73,86375109.67254639,85634336.47155762,269125308.9904785,92575910.5682373
7563,7563,7570,19200.0,64,88559532.16552734,82858371.73461914,274271965.02685547,93637275.69580078
7564,7564,7571,19200.0,65,94098503.11279295,82646385.1928711,263150341.03393555,87614551.54418945
7565,7565,7572,19200.0,66,82022610.66436768,75822502.13623047,257182685.8520508,84183626.17492676
7566,7566,7573,19200.0,66,85146128.65447998,80227354.04968262,272456466.6748047,87813719.74945068
7567,7567,7574,19092.0,65,90226772.3083496,80416477.20336914,250921028.13720703,86528305.05371094
7568,7568,7575,18924.0,67,80495922.08862305,74105989.45617676,284958705.9020996,83520078.65905762
7569,7569,7576,19196.0,71,94119008.06427002,76426870.34606934,238320665.35949707,82034165.38238525
7570,7570,7577,19088.0,78,82826597.21374512,76050002.0980835,268432657.2418213,86221224.78485107
7571,7571,7578,19380.0,76,85217253.68499756,78819231.0333252,253709900.85601807,88014359.47418213
7572,7572,7579,18379.0,78,75194650.65002441,73798745.15533447,252603804.58831787,86313184.73815918
7573,7573,7580,18592.0,70,87808415.41290283,78710969.92492676,263342681.8847656,86991573.33374023
7574,7574,7581,18507.0,72,90107467.6513672,79302083.0154419,238248294.83032227,89079998.97003174
7575,7575,7582,18824.0,74,86115715.02685547,80974493.98040771,274204798.6984253,89139327.04925537
7576,7576,7583,18866.0,68,90388246.53625488,81531966.20941162,283142087.93640137,93201293.9453125
7577,7577,7584,19012.0,68,86977185.24932861,85173666.00036621,255515933.9904785,93127567.29125977
7578,7578,7585,18900.0,63,70048427.58178711,80130100.25024414,259937667.8466797,87738418.57910156
7579,7579,7586,18770.0,66,87508509.6359253,79113548.2788086,261557693.4814453,86470504.76074219
7580,7580,7587,19025.0,77,90917573.928833,83805883.40759277,261122409.82055664,90618766.78466795
7581,7581,7588,18965.0,81,88255648.61297607,79407115.9362793,307964515.6860352,86527908.32519531
7582,7582,7589,18859.0,76,92252582.55004884,83566173.5534668,267562143.3258057,92522122.38311768
7583,7583,7590,18299.0,64,90641009.33074953,83396577.83508301,276217769.62280273,92331520.0805664
7584,7584,7591,18273.0,67,87267551.42211914,81856330.87158203,255065721.5118408,91358023.64349364
7585,7585,7592,18422.0,63,81718179.70275879,85000968.93310547,246355035.78186035,93702724.45678712
7586,7586,7593,18300.0,61,85963439.94140625,82167148.59008789,266642475.12817383,91265773.77319336
7587,7587,7594,18255.0,61,85319924.35455322,81982183.4564209,256510105.13305664,87911281.58569336
7588,7588,7595,18418.0,66,66309799.19433594,74802245.14007568,257350172.04284668,83944311.14196777
7589,7589,7596,19283.0,70,70177471.16088867,75639389.99176025,227605829.2388916,81874796.8673706
7590,7590,7597,18881.0,75,76355369.5678711,78710478.78265381,226093673.7060547,84030085.56365967
7591,7591,7598,19037.0,67,79318573.95172119,80499803.54309082,224633296.96655276,89016542.43469238
7592,7592,7599,18413.0,77,87246553.42102051,84005860.32867432,261003610.6109619,94260553.35998537
7593,7593,7600,18260.0,70,78391418.45703125,76007271.7666626,222528274.5361328,83861655.23529053
7594,7594,7601,18907.0,88,88030477.52380371,80803313.25531006,233720333.09936523,88279249.19128418
7595,7595,7602,18513.0,84,90428321.8383789,79705050.46844482,297807888.03100586,86266272.54486084
7596,7596,7603,18934.0,78,76684781.07452393,77853256.22558594,286611506.4620972,85900111.1984253
7597,7597,7604,19247.0,74,92695942.87872314,81984870.91064453,326493601.79901123,92740634.91821288
7598,7598,7605,18486.0,71,94424390.79284668,84860303.87878418,249912326.8127441,94769076.34735107
7599,7599,7606,18461.0,71,97388757.70568848,84506927.49023438,234597475.05187988,90220015.52581789
7600,7600,7607,18154.0,61,96912937.16430664,82691379.54711914,248843399.0478516,92389823.91357422
7601,7601,7608,18013.0,64,95566221.23718262,84075287.81890869,245353530.88378903,90714787.48321532
7602,7602,7609,17851.0,60,96351524.35302734,84010807.03735352,237651519.77539065,90279331.2072754
7603,7603,7610,18084.0,62,90291964.53094482,83342666.62597656,269107734.6801758,89600769.04296875
7604,7604,7611,18240.0,64,96259542.46520996,82163630.48553467,290232711.7919922,89940943.71795654
7605,7605,7612,18541.0,69,97012103.08074953,84349458.69445801,247508820.53375244,89742928.50494385
7606,7606,7613,18147.0,65,94717203.1402588,87229236.6027832,264312736.51123047,96846191.40625
7607,7607,7614,18088.0,68,95966436.3861084,85610409.7366333,250896903.9916992,98187415.12298584
7608,7608,7615,18000.0,60,96792984.00878906,82803440.09399414,245082664.4897461,90672969.81811523
7609,7609,7616,17880.0,63,95028953.5522461,82116166.11480713,248394119.2626953,87792170.52459717
7610,7610,7617,18305.0,70,89083906.17370605,78963122.36785889,273344707.4890137,85398221.01593018
7611,7611,7618,18979.0,82,97190520.28656006,83573172.5692749,224722640.9912109,90983097.07641602
7612,7612,7619,18555.0,69,95300868.98803712,83507108.68835449,256265810.01281735,91002165.79437256
7613,7613,7620,18636.0,69,94568871.49810793,82304567.33703613,247746801.3763428,90978879.92858888
7614,7614,7621,18818.0,73,95156960.48736572,81769311.90490723,231392283.43963623,89785908.69903564
7615,7615,7622,19002.0,74,93783779.14428712,83735671.99707031,275639114.3798828,91711464.88189696
7616,7616,7623,18889.0,66,92571166.9921875,82826812.74414062,257431421.27990723,90002843.85681152
7617,7617,7624,19049.0,65,96728279.11376952,81966995.23925781,267125625.6103516,89226293.56384277
7618,7618,7625,19128.0,65,96412315.36865234,83007690.4296875,271417476.65405273,92299256.32476808
7619,7619,7626,19050.0,66,93018882.75146484,83792390.82336426,247643106.4605713,90110891.34216309
7620,7620,7627,18741.0,73,90827743.53027344,82228586.19689941,263237880.7067871,88631141.66259766
7621,7621,7628,18460.0,65,95219238.28125,82967190.74249268,247893039.70336917,88982854.84313965
7622,7622,7629,18749.0,65,94171332.35931396,83175956.72607422,247279321.67053223,90380979.53796388
7623,7623,7630,19394.0,68,94413076.40075684,85412326.81274414,273934280.3955078,90699440.95611572
7624,7624,7631,19142.0,66,93096611.02294922,86656684.87548828,283860374.4506836,93790058.13598631
7625,7625,7632,19306.0,67,95020744.32373048,85058357.23876953,256803180.69458008,91788974.76196288
7626,7626,7633,19048.0,66,92316811.56158447,84721221.92382812,246024753.57055664,91032410.62164308
7627,7627,7634,18943.0,67,92067543.02978516,83988348.96087646,294805490.4937744,89223833.08410645
7628,7628,7635,18900.0,63,92871952.05688477,83016014.0991211,249521827.6977539,89875602.72216797
7629,7629,7636,18632.0,67,96201221.46606444,86462555.88531494,228934522.62878415,91595517.1585083
7630,7630,7637,18484.0,63,94033697.1282959,85862178.80249023,267385641.0980225,91427436.82861328
7631,7631,7638,18630.0,64,94961820.602417,82867353.43933105,246492767.3339844,91197027.2064209
7632,7632,7639,18571.0,63,94306724.54833984,84638710.02197266,245354938.50708008,90476451.8737793
7633,7633,7640,18715.0,63,95686941.1468506,85657920.83740234,264262475.96740723,90934438.70544434
7634,7634,7641,18561.0,63,96706378.93676758,84991141.3192749,249231170.65429688,92521847.72491457
7635,7635,7642,18063.0,69,96432739.2578125,81003177.64282227,242285566.32995605,86234639.16778564
7636,7636,7643,18546.0,65,96997886.65771484,79183745.38421631,291512622.83325195,88775458.33587646
7637,7637,7644,18300.0,63,95005870.8190918,80761100.76904297,242202232.36083984,86816234.58862305
7638,7638,7645,18101.0,61,95785469.05517578,81189224.24316406,245450210.57128903,87518775.9399414
7639,7639,7646,18802.0,69,96131359.1003418,82449092.86499023,243078695.2972412,87060861.58752441
7640,7640,7647,18624.0,79,91772252.0828247,76817975.04425049,257274841.30859372,85759578.70483398
7641,7641,7648,19304.0,84,91360827.44598389,79850661.277771,241323753.3569336,87096567.15393066
7642,7642,7649,19083.0,74,93876388.54980467,81128641.12854004,243173520.0881958,87778313.63677979
7643,7643,7650,19177.0,65,97204334.2590332,83949184.41772461,275086746.2158203,92847640.99121094
7644,7644,7651,19255.0,69,94246685.02807616,80820241.92810059,281596899.0325928,90422513.961792
7645,7645,7652,19363.0,70,97417764.66369627,84519884.10949707,275708341.59851074,93549390.79284668
7646,7646,7653,18935.0,84,92573545.45593262,81526427.26898193,270190684.3185425,87652364.73083496
7647,7647,7654,18815.0,67,92021432.87658691,83470939.63623047,256789314.27001956,90325572.9675293
7648,7648,7655,18812.0,64,91949982.64312744,86165317.53540039,238931047.4395752,95843894.9584961
7649,7649,7656,18625.0,69,92841400.14648438,84171405.79223633,257904142.37976077,96614888.19122314
7650,7650,7657,18240.0,65,92697605.13305664,81757042.88482666,246499612.80822757,87400694.84710693
7651,7651,7658,18409.0,63,89756210.32714844,81492702.48413086,244282211.3037109,86641944.8852539
7652,7652,7659,18778.0,65,77295063.97247314,79929081.91680908,272969837.1887207,87162476.53961182
7653,7653,7660,18819.0,67,86554378.50952148,79158996.58203125,242752567.29125977,84899124.14550781
7654,7654,7661,17064.0,84,78422381.40106201,72099926.94854736,243081457.13806152,79432374.95422363
7655,7655,7662,14941.0,95,80337117.1951294,70244786.2625122,239734107.0175171,79511650.08544922
7656,7656,7663,14261.0,49,77444228.17230225,75141490.9362793,216705959.3200684,82234375.0
7657,7657,7664,15173.0,60,74810040.47393799,76995986.93847656,213497284.8892212,82831122.39837646
7658,7658,7665,15279.0,68,79031748.77166748,76803550.72021484,202440773.0102539,84551908.49304199
7659,7659,7666,14845.0,62,74787241.93572998,81046258.9263916,178411156.6543579,85930580.13916016
7660,7660,7667,16499.0,64,80126058.57849121,81524845.12329102,217818861.96136475,92692722.32055664
7661,7661,7668,16267.0,64,87155160.90393066,77914514.54162598,234589651.1077881,84589674.949646
7662,7662,7669,16520.0,71,89954258.9187622,78480727.19573975,228427076.33972168,85693610.19134521
7663,7663,7670,16356.0,82,84836281.77642822,79370496.74987793,209208719.25354004,84773786.5447998
7664,7664,7671,16232.0,55,73861282.34863281,78000495.91064453,210827247.6196289,83167949.67651367
7665,7665,7672,16200.0,54,61420440.673828125,76426792.14477539,208905887.60375977,84819602.9663086
7666,7666,7673,16496.0,59,84327212.3336792,71892252.9220581,236730468.75,80327730.17883301
7667,7667,7674,17343.0,78,82655960.08300781,71429333.68682861,254081481.93359372,79317617.41638184
7668,7668,7675,17024.0,95,76643357.2769165,69010499.95422363,233345351.21917725,77045067.78717041
7669,7669,7676,16393.0,72,69919587.13531494,66483283.04290772,224774159.43145752,73634114.2654419
7670,7670,7677,16399.0,76,83950789.45159912,73330023.76556396,234207622.52807617,79883178.7109375
7671,7671,7678,16560.0,68,86622003.55529785,71587247.84851074,247114423.75183105,78004480.36193848
7672,7672,7679,16451.0,64,75912261.96289062,71450691.22314453,216343875.88500977,79268638.61083984
7673,7673,7680,17520.0,68,81317652.70233154,72591330.52825928,241087783.81347656,79451028.82385254
7674,7674,7681,17990.0,63,84667032.24182129,72635473.25134277,285899356.842041,79113336.56311035
7675,7675,7682,17843.0,68,85010828.9718628,74068730.35430908,283531509.39941406,81091499.32861328
7676,7676,7683,17535.0,72,81197791.09954834,75644063.94958496,266158876.41906735,81215572.35717773
7677,7677,7684,17925.0,75,68934026.71813965,71252439.49890137,247080990.7913208,79815358.16192627
7678,7678,7685,16956.0,70,78540792.46520996,70509700.77514648,234286283.493042,79300992.01202393
7679,7679,7686,17894.0,68,74787426.94854736,75411652.56500244,243522835.73150635,83279517.17376709
7680,7680,7687,17809.0,73,87739235.87799072,81578104.01916504,283385265.3503418,88420586.58599854
7681,7681,7688,17639.0,74,82248875.61798096,78103978.15704346,255312541.96166992,86999945.64056396
7682,7682,7689,17557.0,79,77743976.59301758,73748854.637146,269231746.673584,83891689.30053711
7683,7683,7690,17241.0,59,71628108.02459717,73361507.41577148,244555206.29882807,79698251.72424316
7684,7684,7691,16968.0,65,78365975.37994385,70471648.21624756,235636319.16046143,78190390.58685303
7685,7685,7692,16719.0,86,76310771.94213867,72750296.5927124,217645910.26306152,79958868.0267334
7686,7686,7693,16568.0,58,71527019.50073242,70609026.90887451,221970226.2878418,78081966.40014648
7687,7687,7694,16462.0,59,79186632.15637207,74302810.66894531,230926052.09350583,79478275.29907227
7688,7688,7695,16576.0,56,80319843.29223633,76828212.73803711,241760742.1875,87968441.00952148
7689,7689,7696,16532.0,56,80656833.64868164,74322246.55151367,281408569.3359375,86764549.2553711
7690,7690,7697,16194.0,60,85564565.65856934,74395256.99615479,244994083.40454105,81729260.44464111
7691,7691,7698,16660.0,57,86935874.93896484,74991298.67553711,269777656.5551758,83040412.90283203
7692,7692,7699,16468.0,55,85461883.54492188,76659934.9975586,246811100.00610352,84192867.27905273
7693,7693,7700,16602.0,66,90340595.24536131,75271953.58276367,219843004.22668457,83472827.91137695
7694,7694,7701,16762.0,57,76763151.16882324,76553035.73608398,209971309.66186523,84705633.16345215
7695,7695,7702,16399.0,57,73514400.48217773,69614421.84448242,277877819.0612793,81237369.53735352
7696,7696,7703,16622.0,57,84825950.6225586,68654646.87347412,234239814.7583008,74382229.80499268
7697,7697,7704,16677.0,58,65574901.58081055,68605168.34259033,231003795.6237793,74246491.43218994
7698,7698,7705,17259.0,72,78957211.4944458,72594725.60882568,245314126.9683838,77488116.26434326
7699,7699,7706,17439.0,64,79925443.64929199,72610775.9475708,239296112.06054688,79765849.11346436
7700,7700,7707,17758.0,74,84830758.0947876,74241399.76501465,227997945.7855225,79099326.13372803
7701,7701,7708,17796.0,87,59591481.20880127,71052259.44519043,212542297.36328125,77685544.96765137
7702,7702,7709,17912.0,70,65263839.72167969,70396630.28717041,225651085.85357663,76053145.40863037
7703,7703,7710,17632.0,64,69389094.35272217,70172126.77001953,205396879.196167,74692087.17346191
7704,7704,7711,17646.0,65,57378732.681274414,66631814.00299072,199397516.25061035,71807309.1506958
7705,7705,7712,17201.0,69,58397483.8256836,67196496.00982666,194391640.66314697,72170433.99810791
7706,7706,7713,16800.0,56,59782505.03540039,66073036.193847656,202528953.5522461,71485519.40917969
7707,7707,7714,17510.0,61,61632469.177246094,65306663.5131836,214265598.29711917,69783860.206604
7708,7708,7715,17693.0,66,55802952.76641846,64118989.94445801,195496931.0760498,68590421.67663574
7709,7709,7716,18133.0,62,56350826.26342773,66066833.49609375,224091915.13061523,70317184.44824219
7710,7710,7717,18407.0,73,70175453.18603516,71653611.1831665,235245529.1748047,77249286.65161133
7711,7711,7718,16992.0,77,62004217.14782715,69465898.51379395,200673069.0002441,74345707.89337158
7712,7712,7719,16179.0,58,57957909.58404541,63784267.42553711,177906643.86749268,67340041.1605835
7713,7713,7720,16369.0,67,62512232.78045654,65037036.89575195,209195864.6774292,69921654.70123291
7714,7714,7721,16202.0,59,60773267.74597168,64606572.15118408,201069353.1036377,69293651.58081055
7715,7715,7722,16240.0,57,67198704.71954346,68047318.45855713,223237993.24035645,73143959.99908447
7716,7716,7723,15910.0,56,53840436.935424805,66633623.12316895,190293029.78515625,70282005.3100586
7717,7717,7724,15900.0,54,66977639.19830322,66936206.81762695,211421155.92956543,73160505.2947998
7718,7718,7725,15900.0,53,66908740.99731445,68297195.43457031,225215148.92578125,73087120.05615234
7719,7719,7726,15967.0,56,54663663.86413574,68391067.50488281,186692905.4260254,72865032.19604492
7720,7720,7727,15750.0,57,63203985.2142334,69658664.70336914,208239202.49938965,73768452.64434814
7721,7721,7728,16641.0,61,63830799.1027832,69462939.26239014,220395606.9946289,78328377.72369385
7722,7722,7729,16783.0,59,61925670.6237793,71585348.12927246,205690116.88232425,76144971.84753418
7723,7723,7730,15828.0,66,64036147.117614746,69435918.8079834,211810620.3079224,74565237.04528809
7724,7724,7731,15855.0,55,63410187.72125244,68003671.64611816,189237493.51501465,73094261.1694336
7725,7725,7732,16351.0,66,53858882.904052734,69722864.15100098,193867778.77807617,74371756.5536499
7726,7726,7733,16747.0,60,71948208.80889893,72718155.86090088,230443796.1578369,78622922.89733887
7727,7727,7734,15758.0,63,59154334.06829834,69429967.88024902,186074539.1845703,75049567.22259521
7728,7728,7735,16054.0,61,75650572.77679443,72306298.25592041,237229842.1859741,77933091.16363525
7729,7729,7736,16570.0,56,79049264.90783691,74161289.21508789,251203254.69970703,80948474.8840332
7730,7730,7737,15882.0,68,65883314.13269043,72965481.75811768,247270697.59368896,78822458.26721191
7731,7731,7738,16014.0,56,53529017.44842529,69406396.86584473,180314693.45092773,73712940.21606445
7732,7732,7739,15900.0,53,60155010.22338867,68706321.7163086,241883182.5256348,72726917.2668457
7733,7733,7740,15678.0,53,58624294.28100586,67908679.9621582,213074905.3955078,71967456.81762695
7734,7734,7741,16122.0,57,46763645.17211914,67749359.13085938,189406471.2524414,72410137.17651367
7735,7735,7742,16186.0,62,64731613.15917969,68389826.77459717,217452164.64996335,72962422.37091064
7736,7736,7743,16019.0,55,77809034.34753418,70573009.4909668,229206012.72583008,76144783.02001953
7737,7737,7744,15940.0,57,59502447.1282959,71441396.71325684,189091127.39562988,75274183.27331543
7738,7738,7745,15712.0,55,66611606.59790039,74660377.5024414,185203662.87231445,78980663.29956055
7739,7739,7746,15994.0,61,70443277.35900879,77670688.62915039,175323017.12036133,79843885.42175293
7740,7740,7747,15900.0,56,56599123.00109863,73797217.36907959,161195407.86743164,78932969.09332275
7741,7741,7748,14393.0,75,60994791.03088379,68692831.03942871,166260087.96691895,70286272.0489502
7742,7742,7749,13800.0,46,66641521.45385742,69148921.96655273,178702640.53344727,70855236.0534668
7743,7743,7750,13645.0,49,61578889.84680176,69959319.11468506,178414047.24121094,73018568.99261475
7744,7744,7751,13500.0,45,69222736.35864258,68890571.59423828,216429805.75561523,72706890.10620117
7745,7745,7752,13482.0,45,68395477.29492188,66707862.85400391,201734996.7956543,70320648.19335938
7746,7746,7753,13207.0,46,73248452.18658447,68611445.42694092,191681225.7766724,72023792.2668457
7747,7747,7754,13200.0,44,81637859.34448242,71062660.21728516,241138744.35424805,75660037.99438477
7748,7748,7755,13361.0,45,68393712.99743652,70460500.71716309,211387233.7341309,77767675.39978027
7749,7749,7756,13450.0,51,60004483.22296143,68126692.77191162,191605278.96881104,75753175.73547363
7750,7750,7757,13859.0,48,73910367.01202393,67302183.15124512,205671134.94873047,76059913.6352539
7751,7751,7758,13932.0,51,79336563.11035156,72713697.43347168,204881316.1849976,80598395.34759521
7752,7752,7759,13915.0,52,76369985.58044434,74970501.89971924,203759063.72070312,83329078.6743164
7753,7753,7760,13582.0,48,72935503.00598145,74208971.97723389,170409708.0230713,77821637.15362549
7754,7754,7761,13473.0,46,72237709.99908447,72571018.21899414,202339771.27075195,77262969.97070312
7755,7755,7762,14039.0,53,79609165.19165039,74863836.28845215,213770828.2470703,79481760.02502441
7756,7756,7763,14210.0,55,71402343.75,76150277.13775635,196796783.4472656,80508942.60406494
7757,7757,7764,14086.0,51,71658252.71606445,75330374.7177124,207923498.1536865,82795440.67382812
7758,7758,7765,14211.0,54,71215573.31085205,75315393.44787598,203516782.7606201,84297788.61999512
7759,7759,7766,13828.0,52,65829399.10888672,73889968.87207031,186679954.5288086,77871852.87475586
7760,7760,7767,14002.0,70,66086987.49542236,72997141.83807373,196994130.1345825,76391494.75097656
7761,7761,7768,15399.0,66,75060326.57623291,72871440.88745117,216058959.0072632,76699140.54870605
7762,7762,7769,15130.0,51,75646266.93725586,73339900.97045898,229531002.04467773,77961311.34033203
7763,7763,7770,14257.0,58,69503203.39202881,74580383.30078125,195419536.59057617,81179964.06555176
7764,7764,7771,14772.0,72,72145595.55053711,77707921.0281372,181486589.4317627,84037517.54760742
7765,7765,7772,14124.0,51,68018388.74816895,74475077.62908936,207297052.38342285,78024088.8595581
7766,7766,7773,14160.0,58,54670719.14672852,72055214.88189697,198901711.46392825,79375454.90264893
7767,7767,7774,14514.0,55,49025159.83581543,74061023.7121582,182586326.5991211,80313896.17919922
7768,7768,7775,14545.0,53,51334731.10198975,65351013.18359375,172142380.7144165,77517842.29278564
7769,7769,7776,14423.0,53,69124994.2779541,68722698.21166992,235042640.6860352,73241908.0734253
7770,7770,7777,14996.0,59,63714792.251586914,71213424.68261719,207214366.9128418,77187519.07348633
7771,7771,7778,14419.0,52,64234155.65490723,70986464.50042725,203800273.89526367,80982167.24395752
7772,7772,7779,15158.0,60,78364756.58416748,78687418.9376831,218785338.40179443,82957699.7756958
7773,7773,7780,14916.0,56,64907939.91088867,74089480.40008545,208173244.4763184,83394489.28833008
7774,7774,7781,15003.0,60,63202969.551086426,67944377.89916992,206216649.05548096,74074149.1317749
7775,7775,7782,15714.0,58,64641862.869262695,71791327.47650146,233673889.16015625,79230847.35870361
7776,7776,7783,16701.0,68,68258644.1040039,75011874.19891357,220371618.270874,82917199.13482666
7777,7777,7784,16652.0,59,87101106.64367676,75502724.64752197,260817314.1479492,83755156.51702881
7778,7778,7785,16247.0,72,73594311.71417236,70836427.68859863,218684436.7980957,77066131.59179688
7779,7779,7786,15792.0,58,68968652.72521973,72781119.34661865,256288849.83062744,76415764.80865479
7780,7780,7787,15759.0,58,73691622.73406982,73210225.10528564,192837846.75598145,76455513.9541626
7781,7781,7788,15353.0,60,62296670.91369629,70399682.04498291,200088336.94458008,82000584.60235596
7782,7782,7789,15300.0,51,68748950.95825195,71178817.74902344,205585384.36889648,78244400.02441406
7783,7783,7790,15300.0,52,59486145.97320557,68567304.61120605,181890048.9807129,72086362.83874512
7784,7784,7791,15236.0,55,61876308.44116211,69134017.94433594,195592479.70581052,72794151.30615234
7785,7785,7792,15632.0,54,60253872.871398926,71272449.4934082,191286842.3461914,72790569.30541992
7786,7786,7793,16714.0,60,68655593.87207031,69942465.78216553,216689182.2814941,74671508.7890625
7787,7787,7794,17085.0,61,75463798.52294922,73289340.97290039,240257997.51281735,78672615.05126953
7788,7788,7795,17067.0,67,64622647.28546143,76343388.55743408,274254548.07281494,81776389.12200928
7789,7789,7796,16175.0,72,56227236.7477417,68039771.08001709,184290005.68389893,72871541.97692871
7790,7790,7797,17022.0,71,60093908.30993652,68840586.66229248,201599544.52514648,73446531.29577637
7791,7791,7798,18107.0,74,62642096.519470215,76171810.15014648,241988215.44647217,83725264.54925537
7792,7792,7799,17564.0,60,78110940.93322754,76092220.30639648,262621457.09991452,83717882.15637207
7793,7793,7800,17626.0,75,85870395.66040039,74471023.55957031,263578227.04315183,82531526.56555176
7794,7794,7801,17071.0,58,62964862.82348633,70089924.8123169,247895935.05859372,77146986.96136475
7795,7795,7802,16648.0,71,85147873.878479,74148682.59429932,252472450.2563477,81954549.78942871
7796,7796,7803,16098.0,58,99582050.32348631,80362171.1730957,241118778.22875977,87021331.78710938
7797,7797,7804,16229.0,55,85027408.59985352,81515258.7890625,232095657.3486328,89878269.19555664
7798,7798,7805,16226.0,56,86404968.26171875,81159812.9272461,242469684.60083008,90261661.52954102
7799,7799,7806,16130.0,55,89358436.58447266,77101715.08789062,254792541.50390625,87895614.62402344
7800,7800,7807,15608.0,55,59439442.63458252,66996001.24359131,179136863.7084961,73399477.00500488
7801,7801,7808,15657.0,54,74049600.60119629,66647649.76501465,212692694.66400144,72108579.63562012
7802,7802,7809,16629.0,59,79286633.49151611,73093362.80822754,252029323.5778809,80449593.54400635
7803,7803,7810,16500.0,57,81703922.27172852,74499903.67889404,241188056.9458008,84180668.83087158
7804,7804,7811,16500.0,56,76783962.24975586,71326732.63549805,199806095.12329105,75699485.7788086
7805,7805,7812,16365.0,56,76350745.20111084,72684631.34765625,193754819.86999512,76237884.52148438
7806,7806,7813,16513.0,57,83016780.85327148,77063310.62316895,245924194.3359375,84187297.82104492
7807,7807,7814,16574.0,58,80655464.17236328,76851758.95690918,244822517.39501956,86039247.51281738
7808,7808,7815,15982.0,59,70007436.75231934,77500738.1439209,209804552.07824707,84150172.23358154
7809,7809,7816,15900.0,53,83259201.04980469,79623699.18823242,219961452.4841309,83089256.2866211
7810,7810,7817,15632.0,56,75172443.38989258,75521999.35913086,226525009.15527344,80870201.11083984
7811,7811,7818,15312.0,52,73880458.83178711,76291168.21289062,201395668.0297852,79879920.95947266
7812,7812,7819,14848.0,70,72712880.13458252,76113976.47857666,204241124.1531372,81273919.10552979
7813,7813,7820,14037.0,50,72013677.5970459,70153567.31414795,214704067.2302246,75344636.91711426
7814,7814,7821,14163.0,50,73289524.07836914,71411480.90362549,230942012.78686523,75778655.05218506
7815,7815,7822,14090.0,51,83781838.41705322,71968485.83221436,212694549.56054688,76563978.19519043
7816,7816,7823,14146.0,50,71548875.80871582,69882144.92797852,200700061.7980957,76548904.41894531
7817,7817,7824,13951.0,47,80428838.7298584,73094528.19824219,236723846.43554688,78459819.79370117
7818,7818,7825,14249.0,49,65001444.81658936,67947624.20654297,173719860.0769043,77328910.82763672
7819,7819,7826,14100.0,49,65653320.3125,66832964.89715576,167747966.76635742,71111843.10913086
7820,7820,7827,14225.0,51,73899780.2734375,70428673.74420166,204410137.17651367,74571742.0578003
7821,7821,7828,15291.0,58,78404307.36541748,74591779.7088623,239079737.66326904,78434906.00585938
7822,7822,7829,15261.0,58,79931974.41101074,74561642.64678955,195493943.2144165,78979207.0388794
7823,7823,7830,14990.0,58,67395069.12231445,73396436.69128418,182675586.70043945,77596329.68902588
7824,7824,7831,14969.0,51,70075149.53613281,73495086.66992188,205767574.31030276,77109569.54956055
7825,7825,7832,15079.0,51,69257366.18041992,72585174.56054688,193727455.13916016,81753623.96240234
7826,7826,7833,15060.0,57,76349884.03320312,75114600.18157959,207088776.58843997,82090590.47698975
7827,7827,7834,15297.0,56,85739674.56817627,81762645.72143555,221250265.12146,86943733.21533203
7828,7828,7835,15166.0,61,86287184.715271,84203351.9744873,219123034.4772339,90382418.63250732
7829,7829,7836,15000.0,50,81639575.95825195,80619907.37915039,255721664.4287109,91742706.29882812
7830,7830,7837,15000.0,50,81842136.38305664,78886127.47192383,200066184.9975586,83761596.6796875
7831,7831,7838,15000.0,52,81993379.59289551,80358420.37200928,214478931.42700195,84920825.95825195
7832,7832,7839,15000.0,51,81393058.77685547,78387611.38916016,231112117.767334,87984683.99047852
7833,7833,7840,15450.0,57,82101695.06072998,82639168.73931885,196511909.48486328,89728096.9619751
7834,7834,7841,15168.0,51,81831287.3840332,82054664.6118164,203347229.00390625,89877696.9909668
7835,7835,7842,15053.0,56,84659597.39685059,77768036.84234619,220945649.1470337,82357036.59057617
7836,7836,7843,15090.0,52,84658610.3439331,77854663.84887695,223376644.13452148,82450780.86853027
7837,7837,7844,15000.0,50,72013378.14331055,75889492.03491211,216776847.83935547,81485652.92358398
7838,7838,7845,14964.0,51,85691310.88256836,81472492.21801758,232863166.80908203,88878170.01342773
7839,7839,7846,15036.0,52,88098278.0456543,82015044.21234131,219865264.89257807,89018771.17156982
7840,7840,7847,15000.0,50,87270641.3269043,79335308.07495117,198243713.37890625,84897994.99511719
7841,7841,7848,14911.0,50,87455593.10913086,80251029.96826172,218905658.72192383,84516136.1694336
7842,7842,7849,15089.0,51,73447223.66333008,76887508.39233398,219978397.3693848,82945545.1965332
7843,7843,7850,15000.0,50,72179603.57666016,77051925.65917969,216076469.42138672,79226016.99829102
7844,7844,7851,15000.0,50,76763534.54589844,77459907.53173828,208699321.74682617,82668399.81079102
7845,7845,7852,15000.0,50,85293674.46899414,80618476.86767578,205422878.2653809,83964729.30908203
7846,7846,7853,14927.0,50,89238090.51513672,82728445.05310059,244762306.2133789,89225027.08435059
7847,7847,7854,15009.0,53,90694557.1899414,84699694.63348389,203477687.83569336,90821915.62652588
7848,7848,7855,15064.0,51,85797061.92016602,77956867.21801758,748658660.8886719,84300529.47998047
7849,7849,7856,14963.0,50,81700286.86523438,79590795.51696777,224718433.38012692,85320516.58630371
7850,7850,7857,14887.0,52,79135599.13635254,79512848.85406494,202081985.4736328,83493351.93634033
7851,7851,7858,15150.0,53,78627677.91748047,80660592.0791626,205351230.6213379,87460480.69000244
7852,7852,7859,14956.0,50,80922073.36425781,85762004.85229492,249314121.2463379,92452083.58764648
7853,7853,7860,15044.0,52,77225460.05249023,81398490.90576172,205574867.2485352,85669689.1784668
7854,7854,7861,15258.0,52,82617093.08624268,79334321.02203369,214825462.3413086,83825692.17681885
7855,7855,7862,15300.0,51,84477138.51928711,79768753.05175781,217867469.7875977,84801292.4194336
7856,7856,7863,15368.0,60,85949895.85876465,80978961.94458008,228162939.07165527,87215888.02337646
7857,7857,7864,15146.0,52,83955659.86633301,84559395.7901001,210479347.2290039,91047944.06890868
7858,7858,7865,14768.0,65,81511946.67816162,80983136.17706299,232369594.5739746,89468007.08770752
7859,7859,7866,14497.0,50,78619228.36303711,77500259.39941406,197106750.48828125,81815502.16674805
7860,7860,7867,15339.0,65,79979911.80419922,77665694.23675537,216512168.8842773,84208893.77593994
7861,7861,7868,14960.0,64,79409849.16687012,77718425.75073242,215695342.0639038,84355147.36175537
7862,7862,7869,14700.0,49,81632423.4008789,79724407.19604492,250282573.6999512,85061359.40551758
7863,7863,7870,14700.0,49,88319778.44238281,82716178.89404297,206377887.72583008,91035747.52807616
7864,7864,7871,14700.0,49,87925815.58227539,86943054.19921875,212195205.68847656,95617961.88354492
7865,7865,7872,14700.0,49,92662239.07470705,86221218.10913086,244549655.91430664,95581340.78979492
7866,7866,7873,14700.0,49,91221427.91748048,83691215.51513672,223432731.628418,89019012.45117188
7867,7867,7874,14700.0,49,88197898.8647461,82215499.87792969,196123981.47583008,89523696.89941406
7868,7868,7875,14668.0,52,83787243.84307861,80610648.1552124,221700576.78222656,86721734.04693604
7869,7869,7876,14734.0,55,88364460.9451294,82693491.93572998,204955154.4189453,89032115.9362793
7870,7870,7877,14700.0,49,82081604.00390625,84792995.45288086,193936729.43115237,91234016.41845705
7871,7871,7878,14700.0,49,92505741.11938477,85786056.51855469,232690143.58520508,94342517.8527832
7872,7872,7879,14667.0,50,78700916.2902832,79741430.28259277,236043674.4689941,86790830.61218262
7873,7873,7880,14733.0,50,77332191.46728516,74358429.90875244,208669944.7631836,81096965.78979492
7874,7874,7881,14696.0,50,78446071.62475586,75835773.46801758,248073394.77539065,79032058.71582031
7875,7875,7882,14694.0,53,68641495.70465088,76556358.33740234,274531446.4569092,82389705.65795898
7876,7876,7883,14700.0,49,83110141.75415039,76015949.24926758,239041614.5324707,80653667.44995117
7877,7877,7884,14700.0,49,79614257.8125,78135967.25463867,270928287.5061035,82249259.94873047
7878,7878,7885,14700.0,49,78834342.95654297,79337024.6887207,215768051.1474609,86324214.93530273
7879,7879,7886,14700.0,49,85335445.40405273,80162429.80957031,222896289.82543945,86599445.34301758
7880,7880,7887,14608.0,49,84108608.24584961,83817222.59521484,222275478.3630371,91654418.9453125
7881,7881,7888,14792.0,52,77485449.79095459,81742202.75878906,227449813.84277344,92248627.66265868
7882,7882,7889,14298.0,52,76164685.24932861,78062675.47607422,225922977.44750977,83998510.36071777
7883,7883,7890,14314.0,52,81732979.7744751,77413421.63085938,216345535.2783203,82607271.19445801
7884,7884,7891,14698.0,50,72477857.58972168,75409267.42553711,218373620.98693848,83566869.73571777
7885,7885,7892,14400.0,48,87597656.25,75110721.58813477,210587024.6887207,80817890.16723633
7886,7886,7893,14455.0,49,83191604.61425781,74627925.87280273,241749519.34814453,81745536.80419922
7887,7887,7894,14723.0,50,82348896.02661133,76608211.51733398,249817703.2470703,84343406.6772461
7888,7888,7895,14760.0,57,77316972.73254395,74031196.59423828,227992185.59265137,80964710.2355957
7889,7889,7896,14564.0,51,84799282.07397461,77013423.91967773,203763149.2614746,83973369.59838867
7890,7890,7897,14678.0,51,69200778.96118164,75423198.69995117,215341659.54589844,82658779.14428711
7891,7891,7898,15041.0,58,80873807.90710449,71793488.50250244,226535468.10150144,76858223.9151001
7892,7892,7899,15427.0,71,86516504.28771973,76822328.56750488,302275789.26086426,84965145.11108398
7893,7893,7900,15000.0,50,88735198.97460938,77346038.81835938,207162952.4230957,88820171.35620117
7894,7894,7901,15000.0,50,78983116.14990234,74966812.13378906,265454292.29736328,81113719.94018555
7895,7895,7902,14892.0,50,71629749.2980957,73271381.37817383,201500347.1374512,80572025.29907227
7896,7896,7903,14747.0,52,73332767.48657227,70315408.70666504,249753959.6557617,75825031.28051758
7897,7897,7904,16503.0,80,85400712.96691895,74291687.96539307,224215156.55517575,81466007.23266602
7898,7898,7905,15976.0,58,84423006.05773926,74598092.0791626,194351303.10058597,81551693.9163208
7899,7899,7906,17314.0,67,82075198.17352295,78015859.60388184,232850261.6882324,84213993.07250977
7900,7900,7907,16496.0,67,69282781.60095215,74401823.99749756,234149871.82617188,83661601.06658936
7901,7901,7908,17450.0,64,81224436.75994873,75957001.68609619,230374944.68688965,86744666.09954834
7902,7902,7909,17833.0,93,85487226.48620605,77302762.03155518,244793329.2388916,84040568.3517456
7903,7903,7910,16960.0,84,83778520.58410645,77311223.98376465,222607173.91967773,83476206.77947998
7904,7904,7911,17010.0,58,83483734.13085938,78688888.54980469,219974536.89575195,86910152.43530273
7905,7905,7912,16674.0,70,83805408.4777832,76304844.8562622,232810356.14013672,82691831.58874512
7906,7906,7913,16761.0,73,74291671.75292969,72339980.12542725,209415513.9923096,76722118.37768555
7907,7907,7914,16940.0,69,67086795.806884766,72007080.078125,202038284.3017578,77587539.67285156
7908,7908,7915,18256.0,72,71505344.39086914,76327778.81622314,237976520.53833008,82819244.38476562
7909,7909,7916,18518.0,77,80322274.20806885,77311308.86077881,236439640.99884036,84154644.96612549
7910,7910,7917,18447.0,62,85712522.50671387,81471233.36791992,236010372.16186523,87761695.8618164
7911,7911,7918,18300.0,61,87324142.45605469,85787487.0300293,233089542.388916,92440509.79614258
7912,7912,7919,18300.0,68,85258178.7109375,87225372.31445312,226048408.5083008,94155029.296875
7913,7913,7920,18300.0,61,86249256.1340332,89724254.6081543,210815048.21777344,94391727.44750977
7914,7914,7921,18300.0,61,84339809.41772461,88145828.24707031,213535308.83789065,91873741.14990234
7915,7915,7922,18073.0,64,86538646.69799805,87682349.20501709,216408838.27209476,95052693.3670044
7916,7916,7923,17712.0,63,87185489.65454102,89269163.13171387,259318794.25048828,94050056.45751952
7917,7917,7924,17626.0,59,79132690.4296875,88113277.43530273,231899589.53857425,93443691.25366212
7918,7918,7925,17774.0,62,76696211.81488037,85269769.6685791,215395597.4578857,91283285.1409912
7919,7919,7926,16808.0,66,82098872.18475342,82277624.13024902,217009710.31188965,88492204.6661377
7920,7920,7927,16175.0,84,88674563.40789795,80659639.35852051,221122258.18634036,85126641.27349854
7921,7921,7928,16052.0,71,81863469.12384033,79935576.43890381,221883595.46661377,88128065.10925293
7922,7922,7929,15764.0,68,76609377.86102295,81610625.26702881,218976859.0927124,86446189.8803711
7923,7923,7930,16057.0,55,81874271.39282227,84690834.04541016,261930152.8930664,91130443.57299805
7924,7924,7931,16610.0,71,78098829.26940918,84867497.44415283,230650570.8694458,89613521.57592773
7925,7925,7932,16284.0,60,77463791.847229,81958989.14337158,219155177.11639404,86797345.16143799
7926,7926,7933,15773.0,79,77706860.54229736,82589055.06134033,226018164.6347046,87457441.32995605
7927,7927,7934,16188.0,60,81254452.7053833,84224932.67059326,223045549.3927002,90785023.68927002
7928,7928,7935,15714.0,56,82915577.88848877,85449000.35858154,213635961.5325928,91128241.53900146
7929,7929,7936,15600.0,52,84571838.37890625,84437656.40258789,224484729.7668457,92186164.85595705
7930,7930,7937,15600.0,52,81129741.66870117,81977176.66625977,205539608.00170895,89445590.97290039
7931,7931,7938,15480.0,52,79953060.15014648,79098300.93383789,235979976.65405276,86883602.14233398
7932,7932,7939,15720.0,53,79349269.86694336,81546707.15332031,242347183.22753903,87906818.38989258
7933,7933,7940,15600.0,55,79162162.78076172,81041780.47180176,203194450.378418,87277578.35388184
7934,7934,7941,15600.0,52,75081825.25634766,79593944.54956055,256690120.69702148,88419342.04101562
7935,7935,7942,15424.0,54,83299091.33911133,81443130.49316406,208839164.73388672,86426513.671875
7936,7936,7943,15394.0,60,86275116.92047119,83601158.14208984,200556083.6791992,89509664.53552246
7937,7937,7944,15163.0,52,80713760.37597656,82752872.46704102,210397525.78735352,89862319.94628906
7938,7938,7945,15437.0,52,77618835.44921875,84933406.82983398,233680278.77807617,95186012.2680664
7939,7939,7946,15300.0,51,81694221.49658203,81838989.2578125,218403625.48828125,90650081.63452148
7940,7940,7947,15300.0,51,80484867.09594727,81257915.49682617,216489315.03295895,87614822.38769531
7941,7941,7948,15017.0,52,79547451.01928711,84332326.88903809,228473659.5153809,89537122.72644043
7942,7942,7949,15583.0,56,84213232.99407959,86659580.23071289,223907578.46832275,93867561.34033205
7943,7943,7950,9062.0,51,49242021.56066895,52014781.9519043,126825908.66088869,54770641.3269043
7944,7944,7951,15300.0,52,87293643.95141602,84611430.16815186,251898193.359375,91725149.15466309
7945,7945,7952,15300.0,51,78993988.03710938,80484867.09594727,207576942.4438477,87827682.49511719
7946,7946,7953,15300.0,51,71906375.88500977,85126304.62646484,219377517.7001953,92334651.94702148
7947,7947,7954,14979.0,54,76990732.19299316,82392418.86138916,239202033.99658203,87171277.99987793
7948,7948,7955,15576.0,62,80598946.5713501,85079325.67596436,213984132.76672363,90431010.24627686
7949,7949,7956,15017.0,58,82704027.17590332,85381829.26177979,216532989.50195312,89981316.56646729
7950,7950,7957,15140.0,51,85307941.43676758,87440643.31054688,224029769.8974609,95561866.7602539
7951,7951,7958,14918.0,50,80657722.47314453,86447406.76879883,214518993.37768555,95206615.44799805
7952,7952,7959,15082.0,54,69946895.59936523,84480724.3347168,198332557.67822263,90475597.3815918
7953,7953,7960,14798.0,51,62631972.312927246,81243272.78137207,173330956.4590454,85440084.45739746
7954,7954,7961,15166.0,58,48955405.23529053,75968337.059021,202797541.6183472,81616247.17712402
7955,7955,7962,15535.0,84,64084486.961364746,73429895.40100098,219229933.7387085,80843755.7220459
7956,7956,7963,16851.0,102,63140975.95214844,74744762.4206543,220955991.74499512,82306013.1072998
7957,7957,7964,16238.0,59,75762842.17834473,75585606.5750122,215182256.6986084,81604118.34716797
7958,7958,7965,15926.0,65,77904538.15460205,78066502.57110596,217096101.76086423,83492350.5783081
7959,7959,7966,16219.0,93,70705537.79602051,77234007.83538818,242423068.04656985,83800759.31549072
7960,7960,7967,16337.0,67,79605788.230896,78746694.56481934,258029567.71850583,86039364.8147583
7961,7961,7968,16348.0,69,80057020.18737793,79761148.45275879,221745962.14294437,84653469.08569336
7962,7962,7969,16437.0,69,72816191.67327881,76928885.4598999,227328376.77001956,85473834.99145508
7963,7963,7970,16726.0,72,85842509.26971436,81081777.57263184,235184968.94836423,89563787.46032715
7964,7964,7971,16294.0,57,83357394.21844482,84882724.76196289,217962835.31188965,91702869.4152832
7965,7965,7972,16200.0,54,85254764.55688477,86127662.6586914,241582775.1159668,91652870.17822266
7966,7966,7973,16134.0,55,81739410.40039062,88273670.1965332,244278747.55859372,94541774.74975586
7967,7967,7974,15908.0,56,73900989.5324707,84536532.40203857,252155754.08935547,93376499.1760254
7968,7968,7975,15900.0,53,79668903.35083008,81811523.4375,242734622.95532227,89231300.3540039
7969,7969,7976,15900.0,53,81858444.21386719,80746650.69580078,224866104.12597656,87588787.07885742
7970,7970,7977,15900.0,53,71603393.5546875,79659461.97509766,236162567.13867188,86265563.96484375
7971,7971,7978,15750.0,53,79064941.40625,79423713.68408203,219700527.1911621,85971736.90795898
7972,7972,7979,15966.0,54,92305561.06567384,85060592.65136719,228537357.33032227,89939815.52124023
7973,7973,7980,15984.0,55,88991237.64038086,82541105.27038574,262437015.53344727,90128501.89208984
7974,7974,7981,15900.0,53,84819889.06860352,83867168.42651367,207415008.54492188,90211486.81640624
7975,7975,7982,15851.0,53,77161101.34124756,83056270.59936523,217433601.37939453,90097953.79638672
7976,7976,7983,15949.0,54,76875878.33404541,81196586.60888672,234181760.78796387,90985290.52734376
7977,7977,7984,15900.0,55,79579845.4284668,81911395.07293701,257341995.2392578,90322703.36151125
7978,7978,7985,15572.0,56,78154750.82397461,82423862.45727539,238120857.23876956,90542278.28979492
7979,7979,7986,15576.0,56,66839136.12365723,74345253.94439697,208178472.5189209,81769227.02789307
7980,7980,7987,15600.0,53,78864283.56170654,76372018.81408691,200774172.78289795,80716890.33508301
7981,7981,7988,15726.0,56,71775547.9812622,73515896.79718018,217979351.9973755,79789578.43780518
7982,7982,7989,15941.0,54,88350482.94067383,78401161.19384766,214306594.8486328,86791641.23535156
7983,7983,7990,15387.0,59,82564443.58825684,81048392.2958374,201852073.6694336,88447652.81677246
7984,7984,7991,15855.0,58,80968818.66455078,82419222.83172607,230578285.2172852,94902117.729187
7985,7985,7992,15690.0,53,85813894.27185059,82838401.7944336,232782382.9650879,89740104.67529297
7986,7986,7993,15462.0,52,84847572.32666016,81905788.42163086,219428089.1418457,90874374.38964844
7987,7987,7994,15681.0,53,67234371.18530273,76102752.68554688,256404453.2775879,84785499.5727539
7988,7988,7995,15791.0,59,78323188.78173828,78263236.99951172,235591945.64819336,83861207.00836182
7989,7989,7996,15559.0,60,70804735.18371582,77209392.54760742,224714717.86499023,84689741.13464355
7990,7990,7997,15307.0,53,60046024.322509766,70310239.79187012,179021556.85424805,78144677.16217041
7991,7991,7998,15847.0,58,60780900.00152588,72755975.7232666,190646477.6992798,76137140.27404785
7992,7992,7999,16346.0,68,58543134.689331055,71698729.51507568,223995016.0980225,77527630.80596924
7993,7993,8000,17272.0,72,76793992.99621582,76628704.07104492,260031629.56237796,81541970.25299072
7994,7994,8001,16810.0,69,65039755.82122803,75711914.0625,209937651.6342163,81165877.34222412
7995,7995,8002,16910.0,75,58303487.77770996,75568539.6194458,197790662.76550293,81099593.16253662
7996,7996,8003,17540.0,75,59582562.44659424,75928483.9630127,222514110.56518555,80899969.10095215
7997,7997,8004,17308.0,79,77994093.8949585,76279976.8447876,243656156.539917,81723739.62402344
7998,7998,8005,17316.0,73,75343079.56695557,76168642.9977417,199871633.5296631,82321626.66320801
7999,7999,8006,17100.0,57,49366378.78417969,74032974.24316406,194627952.5756836,80245399.47509766
8000,8000,8007,17100.0,57,58766269.68383789,72558689.11743164,195447635.6506348,76203918.45703125
8001,8001,8008,17008.0,57,63580440.52124024,75088233.9477539,202719394.6838379,81157321.92993164
8002,8002,8009,13880.0,112,69244208.33587646,67528729.43878174,237659861.56463623,74185719.49005127
8003,8003,8010,13209.0,47,65756759.64355469,64129852.29492188,236179470.06225583,74110794.06738281
8004,8004,8011,14371.0,57,81105486.86981201,70293587.68463135,232347848.8922119,78872362.13684082
8005,8005,8012,14511.0,56,85532571.79260254,71432847.02301025,234256818.7713623,82098076.82037354
8006,8006,8013,14792.0,52,87570751.19018555,72999505.9967041,236159111.0229492,79464935.30273438
8007,8007,8014,14704.0,51,93983549.118042,75241605.75866699,254574472.42736816,82762948.98986816
8008,8008,8015,14388.0,59,84021476.74560547,75346683.50219727,220220561.0275269,79920684.81445312
8009,8009,8016,13548.0,55,63549656.86798096,69805558.20465088,182224930.76324463,74549860.00061035
8010,8010,8017,14141.0,57,79877912.5213623,70448704.71954346,271958343.5058594,75391903.8772583
8011,8011,8018,14768.0,64,89818299.29351807,77175048.828125,276632927.8945923,82475311.27929688
8012,8012,8019,14808.0,59,89915973.66333008,79164397.23968506,240774887.0849609,88101104.73632812
8013,8013,8020,14605.0,51,89394664.7644043,77933319.09179688,279056915.2832031,88318027.49633789
8014,8014,8021,14436.0,54,97687152.86254884,79341489.79187012,239450172.4243164,86080918.31207275
8015,8015,8022,14949.0,56,93969335.55603027,81145650.86364746,287200251.57928467,88013530.73120117
8016,8016,8023,14697.0,50,93298885.34545898,78865768.43261719,237702014.9230957,85358150.48217773
8017,8017,8024,14538.0,57,89963553.4286499,78947770.11871338,229393943.7866211,85969377.5177002
8018,8018,8025,14404.0,50,100167614.9368286,80263223.64807129,255289932.25097656,88029180.5267334
8019,8019,8026,14735.0,57,99936238.2888794,78808343.8873291,266776017.18902588,87217819.21386719
8020,8020,8027,14697.0,53,95309595.10803224,81360562.32452393,228108716.96472168,88045888.90075684
8021,8021,8028,14850.0,52,96361530.30395508,82501991.27197266,237856658.93554688,90518669.12841795
8022,8022,8029,14485.0,55,92419977.18811037,79042084.69390869,252974657.05871585,87961560.24932861
8023,8023,8030,14400.0,50,87253019.33288574,77830791.47338867,241117069.2443848,86118980.40771484
8024,8024,8031,14400.0,49,94510303.49731444,79561893.46313477,237927768.7072754,87057777.40478516
8025,8025,8032,13870.0,53,92820870.3994751,74490906.71539307,254836458.2061768,78521406.17370605
8026,8026,8033,13223.0,55,80093262.67242432,73179190.63568115,222887392.9977417,77130621.91009521
8027,8027,8034,13487.0,57,87122642.51708984,73634288.7878418,194546465.87371823,75620294.57092285
8028,8028,8035,13808.0,64,83939325.3326416,72318890.57159424,222272362.7090454,76449712.7532959
8029,8029,8036,13505.0,50,83737214.08843994,74479105.94940186,190716686.2487793,77083481.78863525
8030,8030,8037,13699.0,47,87340488.43383789,76721620.55969238,221520656.58569336,79366744.99511719
8031,8031,8038,14054.0,72,98052782.05871582,78557675.3616333,238988896.36993408,83739806.17523193
8032,8032,8039,13712.0,53,93375579.83398438,76733432.76977539,217023386.0015869,80308619.49920654
8033,8033,8040,13500.0,45,85602951.04980469,75096416.47338867,205631446.8383789,78315353.39355469
8034,8034,8041,13873.0,47,94355895.99609376,78736963.27209473,217482238.76953125,79714202.88085938
8035,8035,8042,14455.0,55,102135227.20336914,82368757.2479248,388279217.7200317,88788986.20605469
8036,8036,8043,14211.0,54,99277787.20855711,81154383.6593628,406182126.99890137,86418251.99127197
8037,8037,8044,13993.0,49,100045262.33673096,82085206.98547363,240931671.14257807,89402950.28686523
8038,8038,8045,13827.0,55,84574003.21960449,80045570.37353516,235959640.5029297,87543784.14154053
8039,8039,8046,13537.0,46,75831039.42871094,75498287.20092773,179850534.4390869,81952323.91357422
8040,8040,8047,14343.0,57,68323794.3649292,71387438.77410889,210350370.4071045,74958606.7199707
8041,8041,8048,14454.0,54,74399608.61206055,68456073.76098633,235923703.19366452,75899621.96350098
8042,8042,8049,15439.0,78,93204086.30371094,73671467.7810669,247145668.0297852,76959650.99334717
8043,8043,8050,14720.0,59,77081402.77862549,72847073.55499268,225649508.4762573,78244541.16821289
8044,8044,8051,15250.0,73,83651635.16998291,78160284.99603271,227208197.59368896,84817342.75817871
8045,8045,8052,15131.0,51,98082772.25494383,80766643.52416992,401260047.91259766,86380798.33984375
8046,8046,8053,16016.0,55,94332883.83483888,85327493.66760254,364241188.0493164,89187734.60388184
8047,8047,8054,15900.0,54,91866016.38793944,80817890.16723633,241542037.01019287,87755012.51220703
8048,8048,8055,15842.0,54,88524528.50341797,79032469.74945068,303840518.951416,86133502.00653076
8049,8049,8056,15550.0,62,90527391.43371582,83331455.23071289,318685474.39575195,90457161.90338136
8050,8050,8057,15349.0,65,97567694.66400146,82344808.57849121,245022840.49987796,91453255.65338136
8051,8051,8058,15419.0,63,100857937.81280518,78020316.1239624,309886000.63323975,85080393.79119873
8052,8052,8059,15681.0,55,99116630.55419922,81328740.11993408,242825756.07299805,86653411.86523438
8053,8053,8060,15423.0,56,95866498.94714355,78797807.69348145,248163532.25708008,86188652.03857422
8054,8054,8061,15707.0,59,88106121.06323242,77680396.08001709,222983783.72192383,83253528.5949707
8055,8055,8062,16150.0,63,103613914.4897461,83896668.43414307,358527628.8986206,92855627.05993652
8056,8056,8063,15746.0,56,114345674.51477052,92009047.50823976,456485660.5529785,96612822.5326538
8057,8057,8064,15830.0,61,113118258.47625732,91067317.96264648,274064154.62493896,98439487.4572754
8058,8058,8065,15159.0,52,100779436.1114502,86885109.90142822,244052092.55218503,94687783.24127196
8059,8059,8066,14888.0,53,95400648.11706544,89069969.1772461,255488349.9145508,93521871.56677246
8060,8060,8067,14593.0,54,88885206.22253418,84916320.80078125,238528709.4116211,92419338.22631836
8061,8061,8068,14213.0,51,107295801.16271973,86332043.64776611,383588924.407959,91262742.99621582
8062,8062,8069,14543.0,52,98032692.90924072,89515735.6262207,354946094.51293945,96950103.75976562
8063,8063,8070,57.0,1,2108276.3671875,918457.03125,2515319.82421875,932373.046875
8064,8064,8076,6006.0,65,58525738.71612549,37693391.79992676,254519740.1046753,66330890.65551758
8065,8065,8077,8100.0,35,153150676.72729492,89399908.0657959,482240783.6914063,127732322.6928711
8066,8066,8078,8421.0,32,175559379.57763672,106333150.86364746,649851142.8833008,130038129.80651855
8067,8067,8079,9316.0,45,158164342.88024902,93116531.37207033,522564399.7192383,131471920.96710204
8068,8068,8080,10629.0,52,178882814.40734863,121356074.33319092,534256223.67858887,147410892.48657227
8069,8069,8081,10853.0,48,175562365.5319214,126393880.8441162,559544967.6513672,153975886.34490967
8070,8070,8082,9761.0,103,163902773.8571167,99606678.0090332,589167429.9240112,119613078.1173706
8071,8071,8083,11334.0,89,169324189.1860962,109703586.57836914,550528062.8204346,134710128.7841797
8072,8072,8084,10970.0,101,169930498.12316895,115393024.44458008,599252478.5995483,126779920.57800291
8073,8073,8085,11011.0,67,158796154.0222168,107448254.58526611,516519006.729126,133033666.61071776
8074,8074,8086,9808.0,85,158487461.0900879,98638631.82067873,464799844.7418213,114673885.34545898
8075,8075,8087,11137.0,94,152111277.58026123,86688759.80377197,536993586.5402222,127448243.14117432
8076,8076,8088,12096.0,69,173799521.44622803,120727226.25732422,628445783.6151123,156859416.96166992
8077,8077,8089,12036.0,54,167665498.7335205,126738961.2197876,583626351.3565063,151836506.8435669
8078,8078,8090,12121.0,93,143145209.31243896,87657180.78613281,513098822.59368896,129774351.11999512
8079,8079,8091,11529.0,62,152673817.63458252,107455600.7385254,531698451.0421753,136939460.75439453
8080,8080,8092,12797.0,107,160715602.87475586,101476219.1772461,632086312.2940063,135631818.7713623
8081,8081,8093,12141.0,76,162552818.29833984,109306094.1696167,592659583.0917358,141675163.26904297
8082,8082,8094,11745.0,47,171755393.9819336,124777675.62866212,590524188.9953613,146061647.41516113
8083,8083,8095,10937.0,60,162739293.0984497,115627538.68103027,618926553.7261963,147296768.18847656
8084,8084,8096,10482.0,61,176271123.8861084,137147885.3225708,624608990.6692505,159540673.2559204
8085,8085,8097,10876.0,52,174997462.27264404,127226703.64379884,543862232.208252,162289466.85791016
8086,8086,8098,10114.0,44,176576224.3270874,137726235.38970947,514926525.1159668,147482851.9821167
8087,8087,8099,9517.0,45,166538080.2154541,122075632.09533691,527582077.9800415,141844853.40118408
8088,8088,8100,9593.0,35,164126770.01953125,128703510.28442384,510276672.3632813,150710102.08129883
8089,8089,8101,9130.0,35,163328746.7956543,123302113.53302002,603176194.190979,146910455.70373535
8090,8090,8102,9650.0,65,167679288.86413574,122034314.1555786,511051983.833313,141134295.463562
8091,8091,8103,9375.0,69,151224482.53631592,94018003.46374512,518320367.8131104,123513328.5522461
8092,8092,8104,9200.0,61,152504810.33325195,99126667.9763794,538649682.0449829,117058069.22912598
8093,8093,8105,8381.0,38,138038390.15960693,98620182.03735352,419282639.503479,105245634.07897948
8094,8094,8106,7626.0,53,140682057.38067627,76409960.74676514,417952020.6451416,87051465.98815918
8095,8095,8107,7045.0,62,104382163.04779053,34716882.70568848,324211668.9682007,47409098.62518311
8096,8096,8108,6729.0,27,99414650.91705322,28085136.41357422,316843826.2939453,41927950.859069824
8097,8097,8109,8274.0,58,134180539.13116457,53157103.53851318,495011227.6077271,71472289.08538818
8098,8098,8110,8012.0,51,122978738.78479004,59153539.65759277,401599546.4324951,72754927.63519287
8099,8099,8111,7926.0,43,115126875.87738036,58943707.46612549,334002163.8870239,71270258.90350342
8100,8100,8112,7135.0,47,115432047.8439331,50326730.72814941,320501817.7032471,56728432.65533447
8101,8101,8113,8256.0,110,115301178.93218994,47792096.13800049,408967480.65948486,61889957.42797852
8102,8102,8114,7657.0,44,145587357.52105713,61283657.07397461,467528258.32366943,70376744.2703247
8103,8103,8115,6933.0,47,127952757.83538818,56251246.45233154,317824430.46569824,63279529.5715332
8104,8104,8116,5863.0,29,114528545.37963869,39492268.562316895,221639833.45031735,41103497.50518799
8105,8105,8117,5074.0,30,109377523.4222412,23940217.97180176,219120203.9718628,26326303.482055664
8106,8106,8118,4634.0,31,92819257.73620604,13504842.758178713,168673696.51794434,14252784.729003906
8107,8107,8119,8325.0,51,124873330.11627196,57460644.72198486,352626001.3580322,69804293.63250732
8108,8108,8120,7014.0,34,118522136.68823242,49714051.24664307,289223584.17510986,54563533.78295898
8109,8109,8121,10435.0,53,63528675.0793457,32126791.954040527,270989825.24871826,52078871.72698975
8110,8110,8122,9107.0,101,91753017.42553712,50618645.668029785,333676891.3269043,56054827.69012451
8111,8111,8123,10793.0,191,98596994.4000244,48383774.75738525,289560711.86065674,58608461.38000488
8112,8112,8124,13679.0,111,152263507.84301758,98806179.04663086,598985053.062439,125171233.17718506
8113,8113,8125,11775.0,57,161240465.16418457,83381972.31292725,485055803.2989502,106198926.92565918
8114,8114,8126,12488.0,57,167038434.9822998,109876666.06903076,600102880.4779053,138058808.3267212
8115,8115,8127,12023.0,60,160372275.35247803,112913855.55267334,567768021.5835571,141942565.91796875
8116,8116,8128,12542.0,89,162276073.45581055,91864535.33172607,536156810.7604981,122088336.94458008
8117,8117,8129,12751.0,70,142252101.89819336,89813746.45233154,465759604.4540405,112077863.6932373
8118,8118,8130,12147.0,92,122688096.04644775,77514466.28570557,453017469.4061279,114127900.1235962
8119,8119,8131,12549.0,64,149310166.35894775,121272473.33526611,1185796935.081482,156971549.03411865
8120,8120,8132,12108.0,87,145797535.89630127,133372308.7310791,917505339.6224976,160288566.58935547
8121,8121,8133,10711.0,77,143160468.10150146,141528298.37799072,417847020.14923096,150550830.84106445
8122,8122,8134,8745.0,60,88960252.76184082,64637439.7277832,284169475.5554199,78244034.76715088
8123,8123,8135,7804.0,71,94398243.90411375,61814252.85339356,377938708.3053589,70264802.93273926
8124,8124,8136,9076.0,77,97729928.97033691,63731123.92425537,277869506.8359375,71905070.3048706
8125,8125,8137,7543.0,39,90209724.42626952,58846587.18109131,288855818.7484741,65387339.59197998
8126,8126,8138,10205.0,82,100809773.4451294,54621511.459350586,375774991.9891357,61137639.99938965
8127,8127,8139,11750.0,74,105495636.94000244,44832202.91137695,346470723.15216064,52271608.35266113
8128,8128,8140,9608.0,66,85731636.04736328,35291016.57867432,315093288.42163086,43425652.503967285
8129,8129,8141,8772.0,82,102895890.23590088,52650704.3838501,374435608.86383057,62990964.88952637
8130,8130,8142,7665.0,94,109306853.29437256,45386267.66204834,307233979.2251587,48760071.75445557
8131,8131,8143,8236.0,102,103163047.79052734,46830659.86633301,294657987.5946045,51521498.680114746
8132,8132,8144,8573.0,100,86877190.58990479,36634158.13446045,335301700.592041,48655616.76025391
8133,8133,8145,9324.0,100,107848679.5425415,38952475.54779053,268110704.42199707,47289432.525634766
8134,8134,8146,7147.0,53,88963643.07403564,27039393.424987797,293075795.173645,33826074.60021973
8135,8135,8147,7845.0,103,98177856.4453125,23371126.17492676,254253543.85375977,27814132.690429688
8136,8136,8148,6856.0,39,77105116.84417725,23205954.551696777,190073127.74658203,25146724.70092773
8137,8137,8149,11529.0,101,78531133.6517334,59325195.3125,344641391.7541504,74044425.01068115
8138,8138,8150,15046.0,95,145550166.13006592,108399170.87554932,545992960.9298706,130632513.04626463
8139,8139,8151,13417.0,71,143336003.30352783,106510835.647583,472144132.6141357,120487869.26269533
8140,8140,8152,12160.0,106,146670363.4262085,87880558.96759033,412501363.75427246,95995953.55987547
8141,8141,8153,10206.0,96,96307106.0180664,42631386.75689697,314022541.9998169,52705824.85198975
8142,8142,8154,12627.0,55,104813007.35473631,56764282.2265625,341757745.74279785,66724543.57147217
8143,8143,8155,11967.0,77,80503669.73876953,46031768.798828125,249704332.35168457,53511957.1685791
8144,8144,8156,10736.0,76,71647356.98699951,42773956.298828125,253661170.00579837,65185878.75366211
8145,8145,8157,10960.0,37,83160419.46411133,63816852.56958008,241796302.79541016,73982219.69604492
8146,8146,8158,11027.0,39,91506368.63708496,65518789.29138184,220327304.8400879,73038434.9822998
8147,8147,8159,10738.0,36,53121345.52001953,62752788.54370117,288729312.8967285,74046966.55273438
8148,8148,8160,10504.0,37,66486494.064331055,50976668.35784912,278888236.9995117,73601351.73797607
8149,8149,8161,10500.0,35,75053787.23144531,57085132.59887695,306162071.22802734,78091335.29663086
8150,8150,8162,10341.0,35,66585722.92327881,63523572.92175293,263997127.53295895,72620292.66357422
8151,8151,8163,10060.0,47,68677177.42919922,58059262.2756958,301724941.2536621,72123041.1529541
8152,8152,8164,10594.0,37,60777191.162109375,58113658.9050293,255946826.93481445,72265602.1118164
8153,8153,8165,11274.0,39,60864667.892456055,53715894.69909668,249875877.3803711,65994431.4956665
8154,8154,8166,11371.0,38,60501955.03234863,54920175.55236816,275195285.79711914,66667226.79138184
8155,8155,8167,11309.0,38,47366329.193115234,54009956.35986328,243679535.8657837,71619379.0435791
8156,8156,8168,12583.0,44,54050758.361816406,60908473.01483154,231639410.9725952,70073163.03253174
8157,8157,8169,12493.0,47,48590205.19256592,57545534.13391113,236287967.6818848,71055064.20135498
8158,8158,8170,12838.0,43,25901762.008666992,51266794.20471192,171190994.2626953,63617750.16784668
8159,8159,8171,13608.0,50,52501438.14086914,61385531.42547608,230417704.5822144,69823153.49578857
8160,8160,8172,13107.0,45,33163155.555725098,61955074.310302734,206347206.11572263,71489295.95947266
8161,8161,8173,13893.0,71,41856625.5569458,63350780.48706055,213928058.6242676,72435539.24560547
8162,8162,8174,14768.0,56,39586835.861206055,59437211.990356445,246506786.34643555,74209478.3782959
8163,8163,8175,15168.0,52,74076478.00445557,71764251.70898438,299200050.3540039,85989421.84448242
8164,8164,8176,14712.0,52,49312416.07666016,70711344.7189331,256741207.12280276,83600961.68518066
8165,8165,8177,14700.0,49,38735389.709472656,64845657.34863281,230734348.29711917,81214141.84570312
8166,8166,8178,14528.0,58,44127978.32489014,61964150.42877197,256082348.82354736,71326600.07476807
8167,8167,8179,14632.0,50,57496499.06158447,65992046.35620117,292527355.1940918,79607713.69934082
8168,8168,8180,15725.0,58,82903778.07617188,67234209.06066895,315094182.96813965,78717291.83197021
8169,8169,8181,14576.0,68,84758412.36114502,62708431.24389648,351011148.4527588,69296001.43432617
8170,8170,8182,14128.0,78,93370730.40008543,61594914.43634033,302897324.56207275,70148305.89294434
8171,8171,8183,12474.0,86,86918530.46417236,55527375.22125244,205189187.0498657,64425353.05023193
8172,8172,8184,11858.0,73,91303109.16900636,62525803.56597901,205826576.23291016,70840145.11108398
8173,8173,8185,10986.0,67,89200677.8717041,58608091.35437012,234178022.38464355,69874873.16131592
8174,8174,8186,11414.0,64,85860297.20306396,61882658.00476074,194455596.92382807,69545267.10510254
8175,8175,8187,13314.0,64,87626412.3916626,61114752.769470215,234670162.20092773,71270310.4019165
8176,8176,8188,10900.0,71,78975878.71551514,61216786.38458252,184888673.78234863,68786894.79827881
8177,8177,8189,10679.0,53,106165555.00030518,72888449.66888428,205026673.3169556,81585359.57336426
8178,8178,8190,10200.0,34,101990032.19604492,73088836.66992188,174135303.49731445,82187175.75073242
8179,8179,8191,10200.0,34,102696418.76220705,76855087.28027344,195235633.8500977,84169864.65454102
8180,8180,8192,10063.0,34,102115510.94055176,78799659.7290039,203851928.7109375,87201259.61303711
8181,8181,8193,10337.0,36,102629199.02801514,79454587.93640137,176637153.62548828,88089555.74035645
8182,8182,8194,8971.0,56,79619856.83441162,67484349.25079346,184128697.3953247,73108774.18518066
8183,8183,8195,9459.0,39,96087882.99560548,65964947.70050049,264013038.6352539,73806621.55151367
8184,8184,8196,9596.0,53,87936414.71862793,58639775.27618408,235799688.3392334,68273393.63098145
8185,8185,8197,10114.0,67,94728314.39971924,62435957.90863037,242637478.82843015,71567627.90679932
8186,8186,8198,9481.0,44,97901281.35681152,61895752.90679932,205096740.72265625,72413130.76019287
8187,8187,8199,10244.0,75,91573687.55340576,59067283.63037109,213106882.0953369,68255286.21673584
8188,8188,8200,10117.0,57,88202260.97106934,58504869.46105957,226451869.9645996,65251951.21765137
8189,8189,8201,11284.0,50,91922092.43774414,59831231.117248535,251414211.27319336,72521405.22003174
8190,8190,8202,11023.0,55,87644141.19720459,52824172.97363281,212415839.19525144,60671788.21563721
8191,8191,8203,10081.0,53,92674128.53240968,47243762.01629639,247939335.82305908,52323562.62207031
8192,8192,8204,10033.0,61,98052100.1815796,46322482.109069824,212434655.18951416,51039357.18536377
8193,8193,8205,9975.0,34,97298895.83587646,49378910.06469727,214162170.41015625,54544063.568115234
8194,8194,8206,11171.0,42,93204387.66479492,52805895.80535889,243017676.3534546,56241250.99182129
8195,8195,8207,12002.0,68,96097847.9385376,55401965.14129639,244677614.21203613,66475804.32891846
8196,8196,8208,11700.0,39,82404613.49487305,54164600.37231445,223459339.1418457,61040210.72387695
8197,8197,8209,11700.0,39,83827972.41210938,52240276.33666992,247838115.69213867,58177185.05859375
8198,8198,8210,12234.0,42,86771335.60180664,54449655.532836914,226628585.8154297,60508890.15197754
8199,8199,8211,12945.0,51,94788347.2442627,60933310.50872803,248628150.9399414,68221582.41271973
8200,8200,8212,13347.0,45,93755756.37817384,61308880.80596924,257582954.40673828,68680326.46179199
8201,8201,8213,13558.0,47,95783353.805542,58544206.619262695,207885841.3696289,65374988.5559082
8202,8202,8214,13408.0,45,93120286.94152832,59064911.84234619,239407796.8597412,65309506.4163208
8203,8203,8215,12547.0,53,90251027.10723875,59129786.49139404,223352386.47460935,66475972.17559815
8204,8204,8216,12590.0,47,89518529.89196777,62803857.80334473,148378129.00543213,71468829.15496826
8205,8205,8217,12280.0,45,96452357.2921753,63758892.05932617,241819583.89282227,69306857.10906982
8206,8206,8218,10527.0,91,70744296.07391357,57771830.558776855,225125512.1231079,69180522.91870117
8207,8207,8219,10560.0,37,95097785.94970705,70062988.28125,179548667.90771484,77088415.14587402
8208,8208,8220,11230.0,40,92547607.421875,70102497.10083008,205557502.74658203,77851799.01123047
8209,8209,8221,11634.0,47,97268630.027771,73453827.85797119,190196100.23498532,83025849.34234619
8210,8210,8222,10817.0,52,91530295.37200928,72121356.96411133,202970438.9572144,80455127.71606445
8211,8211,8223,10800.0,36,88019657.13500977,71135616.30249023,221920394.8974609,78727054.59594727
8212,8212,8224,10800.0,36,95074081.42089844,72532653.80859375,214901161.1938477,80004787.44506836
8213,8213,8225,10800.0,36,95633411.4074707,74341392.51708984,212044143.6767578,82328510.28442383
8214,8214,8226,11039.0,37,96195980.07202148,71837525.36773682,241280616.7602539,82415503.50189209
8215,8215,8227,11100.0,37,92273712.15820312,70301055.90820312,183433914.1845703,77023887.63427734
8216,8216,8228,11068.0,37,90499050.14038086,69913291.93115234,230390434.26513672,78412422.18017578
8217,8217,8229,10600.0,39,85274351.11999512,67597139.35852051,241111587.5244141,80115703.58276367
8218,8218,8230,10851.0,59,98487317.08526611,70438251.49536133,308229618.07250977,79800784.11102295
8219,8219,8231,10534.0,61,92377202.9876709,64742835.04486084,246633255.95855716,71003070.83129883
8220,8220,8232,10420.0,65,94432226.18103027,69718174.9343872,255904457.0922852,81175024.98626709
8221,8221,8233,10526.0,59,93597757.33947754,61234827.99530029,286555226.3259888,70617421.15020752
8222,8222,8234,10016.0,45,88699902.53448486,56115396.49963379,249844435.6918335,61916850.090026855
8223,8223,8235,10654.0,45,92815442.08526611,60921521.18682861,252403737.06817627,66694543.83850098
8224,8224,8236,11534.0,48,86279163.3605957,60137781.14318848,292930035.5911255,72300139.42718506
8225,8225,8237,12270.0,58,100737775.8026123,65115478.515625,345411425.59051514,75076101.30310059
8226,8226,8238,12624.0,54,105693328.85742188,71180102.34832764,317396621.7041016,82279375.07629395
8227,8227,8239,12404.0,45,97450217.24700928,67852952.003479,333980175.01831055,78192867.27905273
8228,8228,8240,12941.0,54,108781451.22528076,70190246.58203125,372069265.3656006,82841223.71673584
8229,8229,8241,12615.0,50,106265015.60211182,68559932.70874023,310128038.4063721,86890197.75390625
8230,8230,8242,12042.0,67,99339137.07733154,72604581.83288574,318285932.54089355,86358219.14672852
8231,8231,8243,9341.0,56,62362253.189086914,45381859.77935791,218875524.520874,50203070.640563965
8232,8232,8244,11835.0,94,99444411.277771,65505842.20886231,276978084.564209,74511371.61254883
8233,8233,8245,10800.0,36,94661808.01391602,70034408.56933594,171839904.78515625,76034259.79614258
8234,8234,8246,10902.0,39,95239765.16723631,71642297.74475098,220724710.46447757,78255731.5826416
8235,8235,8247,10800.0,36,96572399.1394043,71447181.70166016,231298255.92041016,78829479.2175293
8236,8236,8248,11055.0,39,80918033.59985352,68354106.90307617,194562412.2619629,78576585.76965332
8237,8237,8249,10538.0,48,96546676.6357422,69834504.12750244,274844641.68548584,79073958.39691162
8238,8238,8250,10696.0,36,95606796.26464844,70303134.91821289,191827568.0541992,76761375.4272461
8239,8239,8251,10800.0,36,97707366.94335938,66385746.00219727,149569702.1484375,76229095.45898438
8240,8240,8252,10719.0,36,88383602.14233398,61610687.255859375,201462833.40454105,69448688.50708008
8241,8241,8253,10675.0,38,92679706.57348631,62939900.3982544,198226724.6246338,70026070.5947876
8242,8242,8254,11028.0,53,88434212.68463135,63139230.72814941,250749779.7012329,72225643.15795898
8243,8243,8255,11656.0,58,99326862.33520508,66242128.37219238,288304951.66778564,78505197.52502441
8244,8244,8256,11388.0,80,104715751.64794922,62815612.79296875,450589073.18115234,72940964.6987915
8245,8245,8257,12319.0,51,108497962.95166016,67049376.48773193,289139797.21069336,81826545.71533203
8246,8246,8258,12664.0,50,111531108.85620116,68419450.7598877,317474079.1320801,80478461.26556396
8247,8247,8259,13209.0,55,109390873.90899658,81936239.24255371,311895819.66400146,103746973.03771973
8248,8248,8260,12500.0,47,112366428.37524414,74144489.28833008,324847404.47998047,86028137.20703125
8249,8249,8261,11600.0,74,94705249.78637695,65426107.40661621,316539547.92022705,83340474.12872314
8250,8250,8262,11922.0,42,90455704.68902588,70120407.10449219,243431198.1201172,81166257.85827637
8251,8251,8263,11596.0,60,98514220.23773192,73947269.43969727,330157200.81329346,86459554.67224121
8252,8252,8264,12006.0,77,95302273.75030518,73869051.93328857,308946146.01135254,80013767.24243164
8253,8253,8265,12743.0,64,107514354.70581056,82682425.4989624,321671223.6404419,88322226.52435303
8254,8254,8266,10950.0,64,80983945.84655762,68525605.20172119,225757975.5783081,68956976.89056396
8255,8255,8267,10923.0,45,94077036.85760498,71463438.03405762,218416825.29449463,72693090.43884277
8256,8256,8268,11026.0,64,94863172.53112791,69180667.87719727,283304218.2922363,74536288.26141357
8257,8257,8269,12364.0,68,125043522.83477785,87965791.70227051,344932926.1779785,95437163.35296632
8258,8258,8270,12567.0,47,130717639.9230957,96984455.10864258,385667343.1396485,109594669.34204102
8259,8259,8271,11837.0,47,134487819.67163086,97690673.828125,308234909.0576172,98522857.66601562
8260,8260,8272,11019.0,67,91099214.553833,63911631.58416748,266411365.5090332,69259631.15692139
8261,8261,8273,10912.0,53,102808692.9321289,73520773.88763428,267482619.2855835,72950533.86688232
8262,8262,8274,10729.0,56,105665103.91235352,69737207.41271973,218552251.8157959,68739199.6383667
8263,8263,8275,12241.0,65,106413226.12762453,74022870.06378174,295749344.8257446,77928442.95501709
8264,8264,8276,11858.0,46,98806553.8406372,69164069.17572021,259595501.89971924,77384331.70318604
8265,8265,8277,12022.0,62,106487414.3600464,69263708.11462402,265099113.46435547,70241718.29223633
8266,8266,8278,10979.0,51,91331054.6875,61093049.04937744,247230335.2355957,60945088.386535645
8267,8267,8279,11756.0,52,89864550.59051514,65409961.70043945,270713763.2369995,67578182.22045898
8268,8268,8280,11637.0,39,93897906.30340576,66359670.639038086,238246639.25170895,64122968.673706055
8269,8269,8281,11851.0,59,82016059.87548828,67518797.87445068,246932186.12670895,68830230.71289062
8270,8270,8282,11540.0,67,89386069.29779053,70891563.41552734,244467413.9022827,71750087.73803711
8271,8271,8283,13501.0,73,102204476.35650636,76131650.92468262,321536523.8189697,79552812.57629395
8272,8272,8284,13043.0,67,101607829.0939331,74717819.21386719,300971024.5132446,77161843.29986572
8273,8273,8285,13788.0,50,91987003.32641602,72460766.79229736,324351911.5447998,83731484.41314697
8274,8274,8286,13139.0,50,82714724.54071045,68535675.04882812,228269775.390625,69192564.96429443
8275,8275,8287,12741.0,56,101382890.70129396,72021709.44213867,656324781.4178467,74535769.46258545
8276,8276,8288,12362.0,67,89090151.7868042,66636085.51025391,271770160.6750488,67101037.02545166
8277,8277,8289,11618.0,41,89229719.1619873,65837997.43652344,229594270.7061768,63177375.79345703
8278,8278,8290,13003.0,86,86630774.49798584,70192062.37792969,372041591.6442871,82921204.56695557
8279,8279,8291,14596.0,72,122094104.7668457,91517970.08514404,384636905.670166,109739908.2183838
8280,8280,8292,11851.0,64,92602229.11834715,59343816.75720215,220842210.7696533,61665891.64733887
8281,8281,8293,11525.0,59,95966135.97869872,63557966.232299805,245402338.9816284,62358727.45513916
8282,8282,8294,12158.0,74,81502366.065979,63466039.65759277,292297647.4761963,63284708.976745605
8283,8283,8295,13291.0,62,95476514.81628418,70973737.7166748,252904981.6131592,73885192.87109375
8284,8284,8296,12970.0,55,84429718.01757812,73245926.85699463,231715650.55847168,73260005.95092773
8285,8285,8297,13321.0,79,86580666.54205322,75860606.19354248,266744750.02288815,78554142.95196533
8286,8286,8298,14016.0,62,103703672.40905762,77840397.83477783,356508244.51446533,88356676.10168457
8287,8287,8299,14438.0,61,102526570.3201294,81339161.87286377,329894250.869751,94012476.92108154
8288,8288,8300,14628.0,71,114415178.2989502,85930398.94104004,382289120.6741333,99819437.02697754
8289,8289,8301,13582.0,53,100222011.56616212,76863306.04553223,306152651.7868042,84949125.28991699
8290,8290,8302,12345.0,60,45919598.57940674,60949033.73718262,172736577.03399658,63076512.33673096
8291,8291,8303,12923.0,63,58966101.64642334,54642435.07385254,218216684.34143063,54557367.3248291
8292,8292,8304,12920.0,68,49526130.67626953,54230887.4130249,184259086.60888672,56912186.62261963
8293,8293,8305,14446.0,84,85895098.68621826,59366261.48223877,315599348.0682373,69159746.17004395
8294,8294,8306,15364.0,62,106171847.34344482,77119058.60900879,316551152.2293091,76745011.32965088
8295,8295,8307,15304.0,74,65853818.89343262,69920071.60186768,305374746.32263184,75451034.54589844
8296,8296,8308,15246.0,89,103921324.72991943,78430093.76525879,315109776.4968872,84743500.70953369
8297,8297,8309,13481.0,67,38170540.80963135,52358715.05737305,220315705.29937744,50520951.27105713
8298,8298,8310,17064.0,86,94174948.69232178,96839520.45440674,384077301.97906494,113098844.52819824
8299,8299,8311,16175.0,63,120628006.93511964,108532802.58178712,370625614.16625977,117166170.12023926
8300,8300,8312,15467.0,81,126463108.06274414,110699579.2388916,358677585.60180664,115318348.88458252
8301,8301,8313,16062.0,92,150496685.02807617,120886677.7420044,545077716.8273926,142764443.39752197
8302,8302,8314,16220.0,72,124997299.19433594,91420765.87677002,495296285.62927246,127248119.35424805
8303,8303,8315,16057.0,64,106234656.33392334,79786697.38769531,409806013.1072998,111371118.54553224
8304,8304,8316,16792.0,64,154601825.71411133,113174192.42858888,656004379.2724609,133468219.75708008
8305,8305,8317,16145.0,62,144425717.3538208,98880133.6288452,460273777.96173096,109321759.223938
8306,8306,8318,17544.0,85,109516629.21905518,95712799.07226562,461633956.9091797,140569529.53338623
8307,8307,8319,16444.0,65,146288957.5958252,112722824.09667967,453107946.395874,116723346.71020508
8308,8308,8320,14806.0,98,59246562.95776367,62466639.51873779,284067064.2852783,73140568.73321533
8309,8309,8321,16459.0,86,47699199.67651367,57129809.37957764,281502044.6777344,64853248.596191406
8310,8310,8322,17037.0,133,88304165.84014893,84257056.23626709,335279406.5475464,106344453.81164552
8311,8311,8323,14045.0,81,77716529.8461914,71120382.30895996,260126535.4156494,76397410.39276123
8312,8312,8324,15150.0,137,78533419.60906982,74747733.1161499,362844099.0447998,83879066.46728516
8313,8313,8325,16268.0,65,127673257.8277588,92414515.4953003,430621289.25323486,104211876.86920166
8314,8314,8326,16406.0,58,107386806.48803712,85446834.56420898,350289707.1838379,86687057.49511719
8315,8315,8327,16822.0,81,124148982.04803468,95233864.78424072,432033442.4972534,109986134.52911375
8316,8316,8328,17646.0,68,158276549.33929443,107966829.29992676,557941431.9992065,115785614.9673462
8317,8317,8329,17264.0,72,116287117.95806883,97760748.8632202,565796579.3609619,127599365.234375
8318,8318,8330,12653.0,105,117373402.59552002,100185322.76153564,451405076.9805908,111477299.69024658
8319,8319,8331,14413.0,73,151246468.54400635,102111559.86785889,490880741.1193848,104591608.04748537
8320,8320,8332,14611.0,81,135989668.84613037,96583280.56335448,440501605.0338745,110028572.08251952
8321,8321,8333,14796.0,94,145159658.43200684,106071494.10247804,473938183.78448486,119748991.96624756
8322,8322,8334,15107.0,69,152096642.49420166,113279425.62103271,570386829.3762207,134272317.88635254
8323,8323,8335,15404.0,75,150153233.5281372,92609481.81152344,505123864.1738892,129930443.76373293
8324,8324,8336,15673.0,69,147123863.22021484,94876982.6889038,545036989.2120361,128647027.96936037
8325,8325,8337,16136.0,57,162523382.18688965,113027234.0774536,606837806.7016602,133599994.65942384
8326,8326,8338,15698.0,61,121480614.6621704,71156567.57354736,470581624.0310669,102258208.27484132
8327,8327,8339,15810.0,59,122636126.51824953,69635405.54046631,422163667.678833,99667573.928833
8328,8328,8340,16526.0,70,109459162.71209715,77459107.39898682,481019932.7468872,112000241.27960204
8329,8329,8341,16736.0,62,146534879.68444824,96848591.8045044,589464080.8105469,120824067.11578368
8330,8330,8342,16877.0,63,161910647.39227295,104608493.80493164,495010227.20336914,124888654.7088623
8331,8331,8343,16872.0,63,142391726.49383545,91903326.0345459,458427677.154541,112006473.54125977
8332,8332,8344,16912.0,61,95255400.6576538,68203228.95050049,371256629.94384766,95914290.42816162
8333,8333,8345,17444.0,88,124589832.3059082,91732681.27441406,604788296.6995239,129829076.76696776
8334,8334,8346,17009.0,60,151264029.50286865,103205024.71923828,608816745.7580566,128846942.90161131
8335,8335,8347,16969.0,66,143373571.39587402,90751624.10736084,591301828.3843994,119261820.79315186
8336,8336,8348,17166.0,67,156904899.59716797,104786540.98510742,507656999.5880127,128473964.69116212
8337,8337,8349,16813.0,59,163553030.0140381,104219439.50653076,502924270.6298828,123655120.84960938
8338,8338,8350,16283.0,62,143555374.1455078,83340457.91625977,539839820.8618164,115134893.4173584
8339,8339,8351,16708.0,65,147791831.97021484,88960915.56549072,523594013.2141113,128099568.3670044
8340,8340,8352,17058.0,70,160745391.84570312,103652029.0374756,549431641.5786743,146188796.9970703
8341,8341,8353,15899.0,66,165044178.0090332,113251312.25585938,634198461.5325928,136933891.29638672
8342,8342,8354,16155.0,58,165895760.53619385,125862720.48950195,508794837.95166016,141071434.0209961
8343,8343,8355,15857.0,59,152110604.28619385,99147007.9421997,598363241.1956787,137191051.4831543
8344,8344,8356,16500.0,64,158288618.08776855,110466808.3190918,551476511.0015869,135549636.8408203
8345,8345,8357,16067.0,55,163463024.1394043,116362331.39038086,513710826.8737793,130469772.3388672
8346,8346,8358,16756.0,80,156099276.54266357,95553083.4197998,540095155.7159424,129484746.9329834
8347,8347,8359,17142.0,84,159006814.00299072,108260181.42700195,601169525.1464844,135741671.56219482
8348,8348,8360,16833.0,70,148457605.36193848,89052143.09692383,570340333.9385986,132227897.64404295
8349,8349,8361,16979.0,73,167594923.9730835,124219949.72229004,574496072.769165,149194549.56054688
8350,8350,8362,16405.0,72,166061079.02526855,108575336.45629884,769784248.3520508,143817712.78381348
8351,8351,8363,16436.0,63,167552971.8399048,118425268.17321776,521768465.0421143,145455295.56274414
8352,8352,8364,15550.0,70,155516957.28302002,90243796.34857178,644505531.3110352,134279664.03961182
8353,8353,8365,16344.0,71,148019579.88739014,89052791.59545898,571382851.600647,125749114.03656006
8354,8354,8366,17471.0,72,168350011.82556152,109021006.58416748,652814423.5610962,153708123.2070923
8355,8355,8367,15797.0,66,142946783.0657959,83557695.38879395,631310372.3526001,118191049.57580566
8356,8356,8368,16823.0,64,167475557.3272705,116040355.68237305,589227993.0114746,145962162.01782227
8357,8357,8369,16233.0,60,154594294.54803467,104947809.21936037,460708341.59851074,137499724.38812256
8358,8358,8370,15695.0,81,150914779.66308594,101106555.9387207,529823605.53741455,140592013.35906982
8359,8359,8371,16124.0,100,162565622.3297119,104332694.0536499,539917814.2547607,142302751.5411377
8360,8360,8372,15828.0,60,164051851.272583,138283615.1123047,515619842.5292969,157523483.2763672
8361,8361,8373,15881.0,62,158214348.7930298,109119753.83758543,611335452.079773,150434482.5744629
8362,8362,8374,16665.0,80,161879737.8540039,107810310.36376952,554290436.74469,128868879.3182373
8363,8363,8375,16407.0,66,146705525.3982544,97685947.41821288,535628748.8937378,136207633.01849365
8364,8364,8376,18135.0,92,169312500.0,121735824.58496094,684980218.8873291,153749326.70593262
8365,8365,8377,16563.0,93,160193348.88458252,135319380.76019287,527763270.3781128,152665401.45874023
8366,8366,8378,16400.0,94,159690454.48303223,127232604.02679443,596067074.7756958,150682123.1842041
8367,8367,8379,15576.0,70,156610957.14569092,128208167.07611084,618273459.4345093,153679774.2843628
8368,8368,8380,16891.0,85,143032242.77496338,101443202.97241212,594195138.9312744,140521387.10021973
8369,8369,8381,17034.0,81,143751463.89007568,124038314.81933594,699639505.3863525,167761938.09509277
8370,8370,8382,16102.0,61,168221309.66186523,151223666.19110107,544551256.1798096,163942578.31573486
8371,8371,8383,15382.0,77,163885435.10437012,126087681.7703247,585825942.0394897,149817121.5057373
8372,8372,8384,16305.0,89,149394093.51348877,117606369.01855467,608274004.9362183,145528674.1256714
8373,8373,8385,15819.0,74,164492483.1390381,140956362.7243042,486306994.4381714,154524141.3116455
8374,8374,8386,16855.0,64,155226365.0894165,122169552.80303957,552369180.6793213,155731591.2246704
8375,8375,8387,16668.0,74,149935308.4564209,113041404.7241211,578982350.3494263,142135586.73858643
8376,8376,8388,16487.0,76,114198845.86334229,102353540.42053224,536190310.4782105,135673052.78778076
8377,8377,8389,17469.0,71,162531311.98883057,135175514.2211914,611360804.5578003,160482466.69769287
8378,8378,8390,17099.0,69,139332833.2901001,128023784.63745116,561539169.3115234,157348068.2373047
8379,8379,8391,17716.0,66,157587285.04180908,131481254.57763672,531610315.322876,158761928.5583496
8380,8380,8392,17538.0,68,147167304.03900146,125294846.534729,572167933.4640503,146312320.70922852
8381,8381,8393,17592.0,75,136934999.46594238,124024758.33892822,593840056.4193726,157551868.4387207
8382,8382,8394,17808.0,88,128910290.7180786,119558382.03430176,607047362.3275757,141367525.100708
8383,8383,8395,17795.0,86,140919445.0378418,104182501.79290771,529154952.0492554,143744459.15222168
8384,8384,8396,18733.0,78,160712125.77819824,148635234.83276367,658595335.0067139,169976640.70129395
8385,8385,8397,17508.0,60,141085319.51904297,118897953.03344728,537905067.4438477,145240760.80322266
8386,8386,8398,18120.0,81,130307075.50048828,104800907.13500977,496754470.8251953,134568734.16900635
8387,8387,8399,17696.0,93,116293800.3540039,100178246.49810793,581540163.9938354,139748185.15777588
8388,8388,8400,17266.0,80,145609367.37060547,124848073.00567628,580599127.7694702,151381431.57958984
8389,8389,8401,17341.0,70,136929998.39782715,121764840.1260376,595334672.9278564,152651471.1380005
8390,8390,8402,17250.0,69,141391603.46984863,105920135.49804688,632095134.7351074,147209768.2952881
8391,8391,8403,17067.0,78,168497919.0826416,135782648.08654785,515933928.48968506,159295707.70263672
8392,8392,8404,16798.0,78,156458847.99957275,111396595.0012207,702480857.8491211,146030623.43597412
8393,8393,8405,16436.0,82,156908451.08032227,132660829.54406738,608511480.3314209,164251324.6536255
8394,8394,8406,16280.0,61,155207897.1862793,145776397.70507812,477341793.06030273,163927108.76464844
8395,8395,8407,16384.0,61,160391351.6998291,138277915.00091553,589259811.4013672,165673266.41082764
8396,8396,8408,16824.0,75,162340850.83007812,131113201.14135742,556921007.1563721,151141288.75732422
8397,8397,8409,16927.0,66,144572909.35516357,125753758.43048096,586038855.5526733,159727746.00982666
8398,8398,8410,16596.0,80,156269589.4241333,122987115.85998537,653820054.0542603,148467368.12591553
8399,8399,8411,16767.0,85,163482439.994812,137386196.1364746,528106593.13201904,160106725.69274902
8400,8400,8412,16918.0,69,152872782.70721436,116978075.98114014,613222338.6764526,157686618.80493164
8401,8401,8413,16036.0,66,148180401.802063,103004109.3826294,632494871.1395264,136200127.60162354
8402,8402,8414,14778.0,85,149537962.91351318,104904867.1722412,586320107.460022,133224120.14007568
8403,8403,8415,14466.0,94,117160503.38745116,79813280.10559082,532816030.50231934,112133759.4985962
8404,8404,8416,14749.0,89,152840519.90509033,97370435.71472168,522562275.8865357,126305566.78771973
8405,8405,8417,15400.0,72,159653811.45477295,107419098.85406494,543130511.2838745,138531080.24597168
8406,8406,8418,15047.0,57,154130437.85095215,120462199.2111206,455102491.3787842,147073020.9350586
8407,8407,8419,15453.0,60,155447090.14892578,92885782.24182127,572885219.5739746,136861968.99414062
8408,8408,8420,15819.0,64,145087538.71917725,121008087.15820312,492667743.6828613,139020395.27893066
8409,8409,8421,16832.0,78,146356051.44500732,110460444.45037842,644678865.4327393,143884008.40759277
8410,8410,8422,16217.0,65,156119448.6618042,123893143.65386964,531560123.4436035,147307250.02288818
8411,8411,8423,16116.0,102,142992674.82757568,93180476.18865968,573802321.434021,127913891.79229736
8412,8412,8424,16829.0,69,154223667.1447754,125007725.7156372,613407573.6999512,145932005.88226318
8413,8413,8425,16248.0,75,139542684.5550537,95008908.27178957,497885492.3248291,122225995.06378174
8414,8414,8426,15253.0,103,87485897.06420898,73711576.46179199,413260378.8375855,106242032.05108644
8415,8415,8427,16879.0,101,156934747.69592285,116603652.95410156,602949796.6766357,153359704.97131348
8416,8416,8428,16279.0,68,160770462.98980713,121826549.5300293,582546941.7572021,154128550.52947998
8417,8417,8429,17092.0,78,138306818.96209717,109423927.3071289,593322655.6777954,164881583.21380615
8418,8418,8430,16727.0,69,147060349.4644165,128453770.6375122,550487747.1923828,154254318.2373047
8419,8419,8431,17022.0,78,155448745.72753906,131127570.15228271,1392613549.232483,167722496.03271484
8420,8420,8432,16330.0,62,158710035.32409668,132107019.42443848,571194691.65802,162722651.48162842
8421,8421,8433,16698.0,65,156422298.43139648,130013948.44055176,611943656.9213867,158527314.1860962
8422,8422,8434,16358.0,71,150507677.07824707,119993492.12646484,566738981.2469482,148794247.6272583
8423,8423,8435,17245.0,74,122090536.11755373,79245427.13165283,542043300.6286621,138232456.2072754
8424,8424,8436,15693.0,64,65561945.91522217,57430891.99066162,423016855.23986816,87114858.62731934
8425,8425,8437,16727.0,118,146265088.08135986,84991416.93115234,553397037.5061035,122895150.18463136
8426,8426,8438,14515.0,94,154714798.92730713,97257519.72198486,578469275.4745483,130705963.13476562
8427,8427,8439,14388.0,107,162740140.914917,116459103.58428957,563981115.3411865,133946094.51293944
8428,8428,8440,12997.0,96,102646684.64660645,70234388.35144043,483390252.1133423,111021322.2503662
8429,8429,8441,15613.0,110,111487493.51501463,79702884.67407227,620793315.8874512,114671768.18847656
8430,8430,8442,15394.0,62,137891510.96343994,119574193.00079346,572919121.7422485,132055892.94433594
8431,8431,8443,14957.0,77,135031872.7493286,110835359.57336426,531151802.0629883,125143826.48468018
8432,8432,8444,11114.0,109,94147003.17382812,61267664.90936279,337079340.9347534,76043447.49450684
8433,8433,8445,10219.0,57,69065333.36639404,47438079.833984375,258686417.57965088,62727132.79724121
8434,8434,8446,9995.0,54,88117024.4216919,52288090.70587158,267212958.3358765,63606437.68310547
8435,8435,8447,10039.0,37,77701103.21044922,50907526.01623535,271270288.4674072,66951960.56365967
8436,8436,8448,9900.0,35,70467411.04125977,51294114.112854,270924251.5563965,64426857.94830322
8437,8437,8449,9900.0,34,80299850.46386719,54908454.89501953,298843673.7060547,68111194.6105957
8438,8438,8450,9485.0,34,80435585.02197266,52002674.1027832,321963127.13623047,65615966.796875
8439,8439,8451,10777.0,59,65418224.3347168,46984644.88983154,253932880.40161133,59991704.9407959
8440,8440,8452,10500.0,35,56214237.213134766,47011470.79467773,249928665.1611328,58573436.73706055
8441,8441,8453,11601.0,41,34077384.94873047,44539015.769958496,184434358.59680176,55126523.97155762
8442,8442,8454,11276.0,44,37398980.14068604,42944550.51422119,173899554.2526245,49285951.61437988
8443,8443,8455,12257.0,54,29513809.20410156,40703768.73016357,160530749.3209839,54258451.46179199
8444,8444,8456,12972.0,67,64304955.48248291,49190253.257751465,247525700.56915283,59028226.85241699
8445,8445,8457,13781.0,48,45746089.935302734,54659926.41448975,253906570.4345703,71625497.81799316
8446,8446,8458,14023.0,53,65586351.39465332,60611226.08184815,286907411.5753174,73436192.5125122
8447,8447,8459,15532.0,59,98411548.61450195,69184170.72296143,411807085.03723145,88833802.22320557
8448,8448,8460,14560.0,58,80862111.09161377,64514800.07171631,282106266.0217285,77061712.26501465
8449,8449,8461,13099.0,60,52723493.576049805,46926996.2310791,209920378.6849976,54870238.30413818
8450,8450,8462,12660.0,46,55140719.41375733,45260722.16033936,189205084.8007202,52004714.012146
8451,8451,8463,13631.0,50,68737725.25787354,48816132.54547119,240384646.41571045,57530463.218688965
8452,8452,8464,13702.0,62,82301787.37640381,54998115.53955078,346253397.94158936,73096477.50854492
8453,8453,8465,14410.0,54,90268871.30737305,61513197.898864746,312395606.9946289,79768857.0022583
8454,8454,8466,14007.0,48,69505619.04907227,52339351.654052734,306926445.0073242,65836849.21264648
8455,8455,8467,14198.0,49,87868412.01782227,62023525.23803711,319331050.87280273,72071941.37573242
8456,8456,8468,15076.0,57,88339449.88250732,59875520.70617676,341431591.03393555,79836026.19171143
8457,8457,8469,15989.0,71,114932801.24664308,75595297.81341553,358192320.82366943,88291713.71459961
8458,8458,8470,15808.0,64,108801795.00579834,73159996.03271484,409267604.82788086,93810647.96447754
8459,8459,8471,14213.0,80,92286565.78063963,60541240.69213867,325700288.772583,72373513.22174072
8460,8460,8472,13585.0,49,99197812.0803833,68078260.42175293,221759499.5498657,78974955.55877686
8461,8461,8473,11838.0,83,100771871.56677246,64847207.06939697,221775215.14892575,74644310.95123291
8462,8462,8474,10521.0,51,89856675.14801025,59322643.2800293,183300796.50878903,66833367.347717285
8463,8463,8475,11114.0,49,95043336.86828612,64115137.10021973,182301282.88269043,74175438.88092041
8464,8464,8476,10816.0,46,95415704.72717284,62062065.12451172,252137485.5041504,70923866.27197266
8465,8465,8477,10235.0,60,87672574.99694824,59811898.23150635,210751104.3548584,67293964.38598633
8466,8466,8478,10204.0,48,95310260.77270508,63188369.75097656,206224412.9180908,72396935.46295166
8467,8467,8479,10396.0,56,107154238.7008667,66954977.98919678,189373008.7280273,77485772.13287354
8468,8468,8480,9845.0,33,102156715.3930664,66742105.48400879,226937236.78588867,75701236.72485352
8469,8469,8481,9605.0,37,100321008.68225098,67365437.5076294,188488876.34277344,76025055.88531494
8470,8470,8482,9438.0,44,86790079.11682129,61544816.01715088,245287380.21850583,72709551.81121826
8471,8471,8483,9540.0,43,85231324.19586182,60667419.43359375,153407724.38049316,68524624.82452393
8472,8472,8484,9832.0,40,89619096.75598145,63447549.81994629,195383380.88989255,73119018.5546875
8473,8473,8485,9900.0,41,89711886.40594482,63166468.62030029,175607803.34472656,71683005.33294678
8474,8474,8486,9596.0,56,91001860.61859132,60926383.01849365,202890575.40893555,70841892.24243164
8475,8475,8487,9486.0,46,90676874.1607666,60776525.49743652,228169357.2998047,72568979.26330566
8476,8476,8488,9839.0,41,89760403.63311768,60742780.685424805,208859237.67089844,70290742.87414551
8477,8477,8489,9478.0,42,86706096.64916992,58120149.61242676,210031382.56073,67475762.36724854
8478,8478,8490,9943.0,47,92204219.81811523,60521006.58416748,206110229.4921875,70691972.73254395
8479,8479,8491,9840.0,37,91859754.56237791,60785303.11584473,192913391.11328125,69037687.30163574
8480,8480,8492,9603.0,43,89813390.73181152,60325913.429260254,184087030.4107666,72382229.80499268
8481,8481,8493,9557.0,36,97569538.11645508,64116338.7298584,176694236.7553711,72983301.16271973
8482,8482,8494,9754.0,55,97407346.72546388,64489706.03942871,186058988.571167,73519653.3203125
8483,8483,8495,9463.0,38,92942449.56970216,62752859.115600586,180146514.89257807,71097427.36816406
8484,8484,8496,9615.0,44,91883152.00805664,60678898.81134033,158854375.8392334,70596114.15863037
8485,8485,8497,9581.0,44,96340452.19421388,62590487.48016357,198215721.1303711,72750344.27642822
8486,8486,8498,9595.0,35,97462562.56103516,65149175.6439209,194454620.36132807,73740896.22497559
8487,8487,8499,9675.0,62,90652181.6253662,61088342.66662598,250055836.67755127,69885536.19384766
8488,8488,8500,9966.0,60,93451101.3031006,59428012.84790039,241649122.2381592,68097736.35864258
8489,8489,8501,11045.0,56,91624366.7602539,53746053.69567871,261325987.81585693,60893756.86645508
8490,8490,8502,11586.0,47,80250748.63433838,50396081.92443848,239793329.2388916,58917824.74517822
8491,8491,8503,12322.0,64,62097177.50549317,53052775.382995605,243144175.52948,66441069.60296631
8492,8492,8504,13089.0,55,48352958.67919922,39471879.959106445,208528208.73260495,46341986.656188965
8493,8493,8505,13651.0,56,78854215.62194824,39210977.55432129,219270277.02331543,47031178.47442627
8494,8494,8506,14075.0,98,80007031.44073486,39969030.38024902,257495972.63336185,44974390.02990723
8495,8495,8507,12889.0,60,71868464.46990967,37558444.02313232,188555196.76208496,41840835.57128906
8496,8496,8508,11467.0,148,79735245.70465088,48253355.97991943,221033820.1522827,59577980.99517822
8497,8497,8509,10800.0,36,97659873.96240234,61178112.0300293,219879627.2277832,70768260.95581055
8498,8498,8510,11210.0,38,99680385.5895996,64837036.1328125,190272579.19311523,72838859.55810547
8499,8499,8511,11100.0,37,99762153.62548828,65027046.20361328,213754749.2980957,74343109.13085938
8500,8500,8512,11100.0,37,98521041.8701172,67011451.721191406,183386421.20361328,75733852.38647461
8501,8501,8513,11100.0,37,82383155.8227539,66541099.54833984,203467941.2841797,75035190.58227539
8502,8502,8514,11100.0,37,91595649.71923828,64693164.82543945,254869937.8967285,73263931.27441406
8503,8503,8515,11100.0,37,86946773.52905273,64616203.30810547,232016086.57836917,72371864.31884766
8504,8504,8516,11386.0,40,95172275.54321288,61974351.88293457,229316772.4609375,71702482.22351074
8505,8505,8517,11295.0,39,96928749.08447266,65983560.56213379,222113903.0456543,75162827.49176025
8506,8506,8518,10106.0,55,89833166.12243652,62244433.40301514,220642455.1010132,71899990.08178711
8507,8507,8519,10365.0,66,94289028.1677246,61866976.73797608,278510301.5899658,75786336.89880371
8508,8508,8520,10144.0,40,94225109.1003418,63015066.146850586,264043525.6958008,72200238.22784424
8509,8509,8521,9472.0,59,85379592.89550781,55306936.264038086,210860342.02575684,64747645.37811279
8510,8510,8522,9823.0,58,92483329.77294922,56872364.99786377,219876517.2958374,64256587.02850342
8511,8511,8523,10226.0,54,91832540.51208496,57713749.88555908,296451873.7792969,67304047.58453369
8512,8512,8524,10950.0,60,89459620.47576904,56469781.87561035,271016765.5944824,64216753.95965576
8513,8513,8525,11278.0,49,77747939.10980225,49533960.34240723,265383842.4682617,55454865.45562744
8514,8514,8526,11374.0,48,69813550.94909668,46802977.56195068,273366426.4678955,53421280.86090088
8515,8515,8527,11989.0,57,86478023.52905273,42645530.7006836,247619211.1968994,49807629.58526611
8516,8516,8528,11995.0,49,56240023.61297608,39631462.09716797,221861152.64892575,45077929.49676514
8517,8517,8529,12261.0,68,59244009.017944336,46515837.66937256,203271095.2758789,55277688.98010254
8518,8518,8530,11140.0,119,86558334.35058594,49804893.49365234,326552953.7200928,64821555.13763428
8519,8519,8531,9750.0,68,76537248.6114502,43692360.87799072,276477902.4124145,57245930.671691895
8520,8520,8532,9569.0,33,91861293.7927246,58522502.89916992,204016563.4155273,67205993.65234375
8521,8521,8533,11111.0,55,106249081.6116333,71178954.12445068,337786882.4005127,82237844.46716309
8522,8522,8534,9965.0,42,102107556.3430786,67822875.02288818,200102310.1806641,77547980.30853271
8523,8523,8535,9679.0,36,94666353.225708,65961649.89471436,181393664.3600464,75053122.52044678
8524,8524,8536,9600.0,32,89927673.33984375,64498329.162597656,262789249.420166,73239612.5793457
8525,8525,8537,10116.0,34,94086284.63745116,66533346.17614746,252887260.4370117,75184158.32519531
8526,8526,8538,9604.0,43,95025605.2017212,63344720.8404541,239903179.1687012,72429648.39935303
8527,8527,8539,10505.0,40,96602230.07202148,67326331.13861084,270131278.9916992,78927994.72808838
8528,8528,8540,10500.0,37,104258220.67260742,72152496.33789062,274958091.73583984,80795337.67700195
8529,8529,8541,10500.0,35,93347740.17333984,69053649.90234375,213355636.5966797,82701587.67700195
8530,8530,8542,10200.0,38,98148345.94726562,64394109.72595215,289077423.0957031,74152265.54870605
8531,8531,8543,9747.0,38,94035422.32513428,63205066.6809082,317961452.48413086,70302950.85906982
8532,8532,8544,10503.0,60,95127362.25128174,60063862.80059815,326824641.22772217,68616027.83203125
8533,8533,8545,12500.0,62,104579842.56744383,64720856.66656494,347069578.1707764,80712859.15374756
8534,8534,8546,11772.0,56,106971614.83764648,61592595.10040283,328174400.32958984,72895682.3348999
8535,8535,8547,10999.0,56,96350756.64520264,46610612.869262695,301199564.93377686,55812991.14227295
8536,8536,8548,12771.0,62,119647257.8048706,61460111.61804199,337456748.008728,75216915.13061523
8537,8537,8549,10882.0,63,94953392.98248293,39390902.51922608,251611090.6600952,50185728.07312012
8538,8538,8550,10703.0,40,100350547.79052734,44507480.62133789,268187002.18200684,53431045.53222656
8539,8539,8551,11787.0,65,96713999.74822998,41378568.64929199,216954943.6569214,49954548.8357544
8540,8540,8552,12188.0,51,100994124.41253662,45831684.11254883,318167631.149292,57281949.043273926
8541,8541,8553,12344.0,42,105886283.87451172,55844116.2109375,294082328.7963867,65244052.88696289
8542,8542,8554,11315.0,47,97656757.35473631,51711086.27319336,250519363.4033203,58677516.93725586
8543,8543,8555,11677.0,79,98477869.9874878,53447955.13153076,329857148.1704712,65253540.0390625
8544,8544,8556,13100.0,64,98734857.5592041,66206657.40966797,456540100.09765625,80742838.8595581
8545,8545,8557,12644.0,73,93811655.99822998,65331135.749816895,322888256.07299805,76506661.4151001
8546,8546,8558,12420.0,70,99046645.16448976,58328318.59588623,361574748.9929199,70756011.00921631
8547,8547,8559,11821.0,50,96486684.79919434,54553116.79840088,311266772.27020264,64397367.47741699
8548,8548,8560,11950.0,64,102191868.78204346,51878524.78027344,343863001.8234253,63064285.27832031
8549,8549,8561,11853.0,53,105711417.19818117,53190452.5756836,272426363.9450073,61330986.02294922
8550,8550,8562,11667.0,55,98808553.69567873,46160494.80438232,273020164.4897461,53704607.009887695
8551,8551,8563,11851.0,49,96650867.4621582,46312555.31311035,267806869.50683597,55496173.85864258
8552,8552,8564,12083.0,42,100051556.58721924,45913474.08294678,231867429.7332764,55041409.49249268
8553,8553,8565,11959.0,42,96633519.17266846,48462416.648864746,231327590.9423828,55036984.44366455
8554,8554,8566,11393.0,45,84541959.76257324,47962754.249572754,251379020.690918,53683835.02960205
8555,8555,8567,11175.0,48,84664438.24768066,42090718.26934815,236491161.34643555,48821614.265441895
8556,8556,8568,9666.0,63,68252714.15710449,42133687.01934815,229430796.62323,49459795.95184326
8557,8557,8569,11529.0,82,92996397.97210692,56188140.86914063,265584302.90222168,67390884.39941406
8558,8558,8570,11520.0,39,95880468.36853027,62010815.62042236,234583992.00439453,70053826.33209229
8559,8559,8571,11400.0,38,93525981.90307616,63768768.31054688,217598533.6303711,72422218.3227539
8560,8560,8572,11405.0,39,95388231.27746582,63490791.32080078,310780487.0605469,71879811.28692627
8561,8561,8573,12213.0,50,92861787.79602052,65779075.622558594,274730812.0727539,77523123.7411499
8562,8562,8574,12000.0,40,97386074.06616212,67524719.23828125,314737701.4160156,77231884.00268555
8563,8563,8575,12000.0,40,94726753.23486328,68112373.35205078,251245021.8200684,75281524.65820312
8564,8564,8576,12195.0,43,91906288.14697266,63956779.47998047,249000553.13110352,75696786.88049316
8565,8565,8577,12859.0,61,89630246.16241455,66166382.78961182,370997436.5234375,75836162.56713867
8566,8566,8578,12272.0,46,63000068.66455078,64831574.44000244,260111133.57543945,78863496.78039551
8567,8567,8579,12599.0,80,58043057.44171143,59382208.82415772,229003135.68115237,66962290.76385498
8568,8568,8580,13229.0,74,39218555.45043945,54121121.406555176,177540598.86932373,63411706.92443848
8569,8569,8581,14961.0,105,112220531.46362305,67562993.04962158,388524356.842041,72212770.46203613
8570,8570,8582,15299.0,102,72923826.21765137,60967193.603515625,311946825.0274658,77583068.84765625
8571,8571,8583,15861.0,113,64388525.00915527,67977724.07531738,308958897.5906372,78468169.21234131
8572,8572,8584,16666.0,84,81316423.4161377,73328857.421875,300461874.0081787,84114133.83483887
8573,8573,8585,15918.0,82,100679656.98242188,67165440.5593872,408961610.7940674,75445233.34503174
8574,8574,8586,17276.0,94,119902400.97045898,82098459.24377441,454635639.1906738,91428973.197937
8575,8575,8587,17296.0,88,131281362.53356934,91718494.4152832,308331171.9894409,101980086.32659912
8576,8576,8588,17602.0,68,116000898.36120604,90699752.8076172,434253103.2562256,102631072.99804688
8577,8577,8589,18193.0,83,129336991.31011964,91464946.74682616,472403162.0025635,109437455.17730711
8578,8578,8590,17978.0,69,122528509.14001463,80710427.28424072,830955206.8710327,90908104.8965454
8579,8579,8591,18440.0,79,130489519.1192627,93129300.11749268,439735282.8979492,109047789.57366943
8580,8580,8592,17992.0,61,126534355.16357422,103985510.82611084,339598991.39404297,111943898.20098875
8581,8581,8593,18027.0,63,124446125.03051758,96603120.803833,399882527.3513794,106547440.52886964
8582,8582,8594,17886.0,62,128344497.68066406,96093126.29699709,348849723.815918,106372703.5522461
8583,8583,8595,17652.0,64,132672237.39624023,99868770.59936523,421333400.7263184,108741317.74902344
8584,8584,8596,16505.0,75,115059616.0888672,83950316.42913818,342483819.00787354,99003736.49597168
8585,8585,8597,14784.0,64,105601418.49517822,58241435.05096436,374380768.77594,63771460.53314209
8586,8586,8598,15742.0,71,117799671.1730957,69310614.58587646,417354413.98620605,81573318.48144531
8587,8587,8599,16874.0,71,125610125.541687,94666894.91271973,432433712.0056152,105158685.6842041
8588,8588,8600,16747.0,58,132189952.8503418,91793577.19421388,394947265.625,100629608.15429688
8589,8589,8601,16837.0,64,127704551.69677734,94113031.3873291,395107512.47406006,103458182.3348999
8590,8590,8602,17386.0,79,133391967.7734375,92920364.3798828,441457161.90338135,103385210.03723145
8591,8591,8603,17355.0,65,131799600.60119627,100316490.17333984,472469654.083252,106918787.00256348
8592,8592,8604,17717.0,92,127158206.93969728,93988600.730896,406003435.1348877,103898350.7156372
8593,8593,8605,17159.0,74,137658289.9093628,91447176.93328856,442939270.0195313,112214050.29296876
8594,8594,8606,17144.0,68,135402893.06640625,94297872.54333496,340326110.8398437,109527794.83795166
8595,8595,8607,17621.0,67,138308001.5182495,101094577.78930664,822787720.6802368,115821119.30847168
8596,8596,8608,17177.0,58,138856594.08569336,102445640.56396484,470334854.12597656,110703441.61987305
8597,8597,8609,17511.0,66,124275617.5994873,90824828.14788818,387907401.0848999,103576653.4805298
8598,8598,8610,16886.0,68,99163388.2522583,91509085.6552124,350881985.6643677,104678740.5014038
8599,8599,8611,16947.0,68,122325567.2454834,93648715.9729004,435602155.6854248,114040110.58807372
8600,8600,8612,18047.0,69,127504922.86682127,79847055.43518066,415320599.5559693,98733722.68676758
8601,8601,8613,16898.0,80,122918430.32836914,83922564.50653076,399709713.93585205,99318661.6897583
8602,8602,8614,17624.0,74,123606884.95635986,98314845.08514404,413207183.8378906,105775444.98443604
8603,8603,8615,17165.0,61,133537925.72021484,99515245.43762209,429459879.8751831,103872741.69921876
8604,8604,8616,17647.0,68,131209818.84002686,100438771.24786375,451115687.3703003,112581733.70361328
8605,8605,8617,17227.0,67,132554849.6246338,102815717.69714355,484681912.4221802,112918003.0822754
8606,8606,8618,17510.0,67,130285350.79956056,97992655.75408936,378081489.5629883,109102180.48095705
8607,8607,8619,17435.0,68,131500067.71087646,98133514.40429688,477077061.6531372,111558625.22125244
8608,8608,8620,17005.0,67,136875998.49700928,95393405.91430664,403441064.8345947,108184631.34765624
8609,8609,8621,17195.0,62,126221225.7385254,89248098.37341309,398502342.2241211,111981208.80126952
8610,8610,8622,17263.0,73,140043530.46417236,104139406.20422363,453371762.2756958,118686177.25372314
8611,8611,8623,17275.0,62,131820626.2588501,106482625.96130373,402147727.9663086,119746102.33306883
8612,8612,8624,16981.0,68,136878753.66210938,100402042.38891602,403437806.1294556,114209273.33831789
8613,8613,8625,17269.0,63,132486577.03399658,96728425.97961426,414612393.3792114,108173652.64892578
8614,8614,8626,16711.0,64,121645871.16241457,89395365.71502686,440307573.3184815,102711881.63757324
8615,8615,8627,16840.0,69,121867942.8100586,98876672.74475098,397531863.2125855,112429259.30023192
8616,8616,8628,17280.0,69,128295951.84326172,98418940.54412842,345052883.14819336,107239704.13208008
8617,8617,8629,17009.0,64,120903626.44195557,89046197.89123535,344744092.9412842,103630130.76782228
8618,8618,8630,16749.0,79,118817301.7501831,87970717.43011475,317196609.4970703,102323012.35198976
8619,8619,8631,16993.0,73,132811719.89440918,103850319.86236572,359492651.9393921,109545819.28253174
8620,8620,8632,16322.0,59,120774404.52575684,92826127.05230711,395915878.2958984,102096792.22106934
8621,8621,8633,17039.0,64,127484636.3067627,84402163.5055542,418087066.6503906,98045384.40704346
8622,8622,8634,17404.0,72,123340677.26135254,87852604.86602783,535051342.9641724,101222247.12371826
8623,8623,8635,16984.0,60,130729903.22113036,90518182.7545166,500654923.4390259,102688205.71899414
8624,8624,8636,17383.0,63,133526676.17797852,92801175.11749268,459635549.5452881,109334807.39593506
8625,8625,8637,17229.0,72,115485176.08642578,99278109.55047607,406998823.1658936,112880147.93395996
8626,8626,8638,14866.0,74,87484297.75238037,81745032.31048584,340588131.90460205,100106791.49627686
8627,8627,8639,12611.0,133,151180150.98571777,89236926.07879639,567406002.998352,108747816.08581544
8628,8628,8640,14612.0,69,154406779.2892456,105012489.31884766,604626867.2943115,124436074.25689696
8629,8629,8641,16536.0,65,160721742.63000488,121764144.89746094,615893863.6779785,137315572.73864746
8630,8630,8642,16854.0,67,153834313.39263916,115412776.94702148,656883358.001709,147161053.65753174
8631,8631,8643,16764.0,74,152394001.00708008,131269874.5727539,676432077.4078369,150634452.81982422
8632,8632,8644,16802.0,67,138104367.25616455,116424229.6218872,615341136.932373,147891572.9522705
8633,8633,8645,15806.0,88,140342302.3223877,125514702.79693604,674484647.7508545,151555460.9298706
8634,8634,8646,14873.0,60,155546386.71875,141075570.10650635,515598797.7981568,158694539.0701294
8635,8635,8647,13966.0,54,143368590.35491943,115174177.1697998,537301281.9290161,140998626.70898438
8636,8636,8648,14567.0,99,131842214.5843506,100533070.56427002,565523921.0128784,141547290.80200195
8637,8637,8649,14405.0,107,143124724.38812256,101800710.6781006,475466390.6097412,123909514.42718506
8638,8638,8650,13811.0,71,131123715.4006958,94137425.42266846,528964937.210083,136845216.75109863
8639,8639,8651,14849.0,67,151209856.9869995,129938184.73815918,529305013.6566162,154104994.77386475
8640,8640,8652,14189.0,52,158160760.8795166,135986857.4142456,585326908.1115723,154154065.1321411
8641,8641,8653,14548.0,64,153128577.23236084,139337771.41571045,592608695.0302124,152760830.87921143
8642,8642,8654,13312.0,56,152106786.72790527,105135926.24664308,628951070.7855225,126999434.47113036
8643,8643,8655,15764.0,73,159942274.09362793,120670360.56518556,639031281.4712524,149301309.5855713
8644,8644,8656,14699.0,60,162623379.70733643,120700291.63360596,637469464.302063,137919409.7518921
8645,8645,8657,15295.0,64,164116295.81451416,136167324.0661621,602585047.7218628,160542158.12683105
8646,8646,8658,14601.0,71,165015735.6262207,131251862.52593994,578675231.9335938,155095275.87890625
8647,8647,8659,14671.0,59,158389234.54284668,122270797.7294922,590692673.6831665,141937358.85620117
8648,8648,8660,15764.0,64,162351480.4840088,123805902.4810791,481830863.9526367,150241054.5349121
8649,8649,8661,15908.0,65,152141689.3005371,142274579.04815674,487780830.3833008,153164366.72210693
8650,8650,8662,15264.0,63,160146326.06506348,122446307.182312,554312619.2092896,148584589.95819092
8651,8651,8663,14936.0,87,165692277.9083252,121016061.78283691,614881634.7122192,147249967.57507324
8652,8652,8664,15097.0,97,145449324.60784912,89478185.65368652,528096941.947937,115683725.35705566
8653,8653,8665,15659.0,76,139869770.05004883,100347643.85223389,660319242.477417,130140894.88983154
8654,8654,8666,16206.0,59,139640268.32580566,117312779.4265747,600118190.7653809,152990561.48529053
8655,8655,8667,14989.0,76,148718745.23162842,136396050.45318604,485515461.9216919,157458758.354187
8656,8656,8668,13478.0,60,153770713.80615234,133690376.28173828,471740450.8590698,145685809.135437
8657,8657,8669,14384.0,72,152654123.3062744,123946637.15362547,516076922.416687,143156812.66784668
8658,8658,8670,14918.0,73,145957284.92736816,111494366.645813,502157171.2493897,133106551.17034912
8659,8659,8671,16099.0,71,154006772.0413208,124079054.8324585,628889145.8511353,150484819.41223145
8660,8660,8672,16023.0,59,149098907.47070312,120865057.94525146,494078636.1694336,139639283.18023682
8661,8661,8673,15964.0,63,159786134.71984863,127913445.47271729,660911221.5042114,151736028.67126465
8662,8662,8674,15572.0,80,147449856.75811768,125832124.710083,448027769.0887451,140578687.66784668
8663,8663,8675,16592.0,61,159282752.99072266,130579652.78625488,574892776.4892578,156074218.75
8664,8664,8676,14821.0,77,150382186.88964844,116124265.67077637,577469219.2077637,146620091.43829346
8665,8665,8677,15703.0,79,111951078.414917,93100126.26647948,344577196.1212158,104152594.5663452
8666,8666,8678,15082.0,57,84879908.56170654,73027405.73883057,300886932.3730469,81110058.78448486
8667,8667,8679,17928.0,96,70754078.86505127,77347107.88726807,335795186.99646,111700449.94354248
8668,8668,8680,18048.0,89,98363688.4689331,124275663.37585448,654237362.8616333,173866192.817688
8669,8669,8681,17163.0,73,156917659.75952148,149048565.864563,695693756.1035156,171849068.6416626
8670,8670,8682,15314.0,72,153679584.50317383,142331566.8106079,536651854.5150757,156938495.63598633
8671,8671,8683,15661.0,81,162096497.53570557,126402425.7659912,671004914.2837524,163134829.5211792
8672,8672,8684,15067.0,77,159492694.85473633,126351366.04309082,643402729.9880981,149371549.60632324
8673,8673,8685,16225.0,86,159885440.82641602,110139739.03656006,723957993.5073853,151532682.41882324
8674,8674,8686,16663.0,65,168746433.25805664,134883247.37548828,651979038.2385254,165598219.871521
8675,8675,8687,15699.0,80,158598959.92279053,89796615.60058594,689367411.6134644,134859043.1213379
8676,8676,8688,14805.0,74,163695102.6916504,106121278.76281738,571573647.4990845,131570507.04956056
8677,8677,8689,14648.0,88,140387421.6079712,84291883.46862793,480018063.5452271,111199845.31402588
8678,8678,8690,13789.0,79,119693005.5618286,70413960.45684814,490640649.7955322,93782691.9555664
8679,8679,8691,16305.0,143,133721060.75286864,86566576.95770264,532359553.3370972,106607355.11779784
8680,8680,8692,16884.0,93,153027266.50238037,104022989.27307127,476675619.1253662,123080978.39355467
8681,8681,8693,16868.0,76,148421601.2954712,99063325.881958,500600604.057312,125207289.69573976
8682,8682,8694,17969.0,70,148396467.2088623,108578465.46173096,570949823.3795166,139727984.42840576
8683,8683,8695,17697.0,81,142722411.15570068,126877280.23529053,550161258.6975098,143882886.88659668
8684,8684,8696,17068.0,70,152201446.53320312,126204823.49395752,558177560.8062744,147541483.87908936
8685,8685,8697,17167.0,61,153248272.895813,120956253.0517578,570188518.5241699,149234546.66137695
8686,8686,8698,18417.0,86,147892812.72888184,122209883.68988036,625134690.284729,146177147.8652954
8687,8687,8699,17504.0,107,125736898.4222412,99116603.85131836,685825974.4644165,136497562.40844727
8688,8688,8700,17918.0,74,151972786.90338135,126173574.44763184,577156805.9921265,150229814.52941895
8689,8689,8701,17624.0,73,148314650.5355835,122787469.8638916,596072560.3103638,139064925.19378662
8690,8690,8702,17782.0,85,151022115.70739746,135388099.67041016,498612611.7706299,156951128.00598145
8691,8691,8703,15179.0,88,148215321.54083252,102140598.29711914,505822528.8391113,128024054.52728271
8692,8692,8704,15771.0,102,141657469.74945068,85839910.50720215,502763272.2854614,109803755.76019289
8693,8693,8705,16127.0,87,142557625.77056885,109275924.6826172,554053233.1466675,128582960.12878418
8694,8694,8706,16206.0,108,152801733.01696777,110658669.47174072,596993950.843811,130662544.25048828
8695,8695,8707,15338.0,63,130040793.41888428,107041385.65063477,466163181.3049317,120975093.84155272
8696,8696,8708,16423.0,109,162991719.24591064,126205127.71606444,634277872.0855713,156492596.62628174
8697,8697,8709,15159.0,65,153167198.18115234,135222903.25164795,478125289.9169922,145476917.2668457
8698,8698,8710,15604.0,72,148069965.36254883,125489927.29187012,592773310.6613159,148592961.31134033
8699,8699,8711,14847.0,76,110404895.7824707,79116999.62615967,504146102.90527344,130799286.8423462
8700,8700,8712,15868.0,81,141591809.2727661,140784693.71795654,660180555.3436279,156013133.04901123
8701,8701,8713,13950.0,73,128681307.79266356,126161867.14172363,633593617.43927,136139753.3416748
8702,8702,8714,15128.0,78,116664593.69659424,123342633.24737547,591788323.4024048,147373080.25360107
8703,8703,8715,15568.0,88,124624765.39611816,127843667.9840088,616584375.3814697,145012400.62713623
8704,8704,8716,15949.0,71,138241685.86730957,120076431.27441406,696529750.8239746,145260493.27850342
8705,8705,8717,16304.0,78,144544881.8206787,126094692.2302246,666005977.6306152,148781184.19647217
8706,8706,8718,17318.0,75,140416522.026062,132938684.46350098,674930290.222168,158391808.50982666
8707,8707,8719,16721.0,79,123726613.99841309,110919351.5777588,939434296.6079712,146392791.74804688
8708,8708,8720,17045.0,76,142288889.88494873,114967691.4215088,678546727.180481,149486067.77191162
8709,8709,8721,17462.0,68,146430710.7925415,125007082.93914796,596489446.6400146,156297517.77648926
8710,8710,8722,17214.0,72,157856663.70391846,129697249.41253662,565441400.5279541,150097991.94335938
8711,8711,8723,17860.0,91,146544988.63220215,112720831.87103271,561749745.3689575,140889230.7281494
8712,8712,8724,17931.0,68,155326548.57635498,122617087.36419678,594410302.1621704,144144901.27563477
8713,8713,8725,18500.0,89,154516617.77496338,125323951.7211914,597449042.3202515,154252519.60754395
8714,8714,8726,17982.0,76,142799471.85516357,103391981.12487791,821220263.4811401,142018779.75463867
8715,8715,8727,19087.0,82,153106117.24853516,125082520.48492432,562339526.1764526,153493953.70483398
8716,8716,8728,18955.0,76,156253891.94488525,119498824.11956789,593060326.5762329,153275193.2144165
8717,8717,8729,19064.0,89,149353149.4140625,115537276.26800536,632604339.5996094,146950334.5489502
8718,8718,8730,17616.0,76,140432578.08685303,93336394.30999756,577669732.093811,127896551.13220216
8719,8719,8731,18238.0,127,159165991.7831421,106558552.7420044,669678622.2457886,140719502.44903564
8720,8720,8732,16664.0,115,149815967.55981445,106863028.52630617,496411708.8317871,137065725.3265381
8721,8721,8733,16394.0,71,145385126.1138916,108358291.62597656,572163330.078125,142462892.53234863
8722,8722,8734,16358.0,116,144235224.72381592,97366623.878479,616179596.90094,135926175.11749268
8723,8723,8735,15791.0,85,142400663.3758545,108143875.12207033,475083109.8556519,135165954.58984375
8724,8724,8736,15808.0,71,157166527.7481079,122639026.6418457,541001393.3181763,142530239.1052246
8725,8725,8737,15530.0,69,152281325.340271,118480900.76446532,553372239.112854,140724310.87493896
8726,8726,8738,14726.0,73,141538792.61016846,96390451.4312744,562381074.9053955,126842676.16271973
8727,8727,8739,12594.0,70,127125323.29559326,73486450.1953125,657518628.1204224,94516210.55603027
8728,8728,8740,14549.0,83,141611731.52923584,90872651.10015868,518908269.88220215,113948537.82653809
8729,8729,8741,11825.0,90,119213586.80725098,63982181.549072266,383706383.7051392,79653902.05383301
8730,8730,8742,10941.0,153,94234852.79083252,45204034.80529785,449174661.6363525,57704135.89477539
8731,8731,8743,11355.0,44,109073577.88085938,63696666.7175293,269707229.6142578,75076381.68334961
8732,8732,8744,10284.0,51,98520274.16229248,42738875.38909912,245119695.66345212,49667476.654052734
8733,8733,8745,11478.0,74,67512225.15106201,46959481.23931885,225044001.57928467,57734223.36578369
8734,8734,8746,11400.0,69,67317687.03460693,44908636.09313965,144024596.21429443,53411711.69281006
8735,8735,8747,11655.0,41,59197166.44287109,44829963.68408203,199613098.14453125,54320217.13256836
8736,8736,8748,13708.0,80,98496315.0024414,63835212.70751953,376225989.34173584,79155288.69628906
8737,8737,8749,14333.0,86,102621744.1558838,54775074.95880127,313720673.5610962,65924937.24822998
8738,8738,8750,12848.0,74,87944517.13562012,51859260.55908203,235470100.40283203,60154232.9788208
8739,8739,8751,13019.0,51,82796720.50476074,50150003.43322754,193051696.77734372,60709512.71057129
8740,8740,8752,13394.0,51,92797381.401062,52998018.26477051,250253232.95593265,64417860.03112793
8741,8741,8753,13249.0,51,93896436.69128418,52967717.17071533,246565176.01013184,61521740.91339111
8742,8742,8754,14142.0,91,109152986.52648926,61979052.54364014,336012344.3603516,75275059.7000122
8743,8743,8755,12921.0,58,94494145.39337158,51192019.46258545,292802000.9994507,65262790.67993164
8744,8744,8756,13491.0,47,96535758.97216795,55654164.31427002,278474693.29833984,68436947.8225708
8745,8745,8757,12986.0,44,78269755.36346436,48479167.93823242,259620128.6315918,60105571.74682617
8746,8746,8758,13654.0,62,91634786.60583496,60114864.349365234,302014807.70111084,72898650.16937256
8747,8747,8759,13159.0,54,94979315.75775146,60220823.28796387,233160817.14630127,70451772.68981934
8748,8748,8760,12673.0,49,90186086.65466309,54987391.47186279,263754408.83636475,66513106.34613037
8749,8749,8761,12600.0,43,76830744.74334717,50698065.757751465,230135107.04040527,60611677.169799805
8750,8750,8762,12341.0,44,78102186.20300293,50337117.1951294,253600915.90881348,60460124.96948242
8751,8751,8763,12383.0,42,88621593.4753418,50046878.81469727,237528064.7277832,60540348.05297852
8752,8752,8764,12603.0,44,82100456.23779297,50649623.87084961,250728336.3342285,61306224.82299805
8753,8753,8765,12198.0,52,82404422.76000977,50628081.32171631,270971603.3935547,61661062.240600586
8754,8754,8766,13268.0,64,118624747.27630617,75574048.99597168,355796817.779541,89405836.10534668
8755,8755,8767,13250.0,54,117687315.94085692,75851840.01922607,356794988.63220215,92387648.5824585
8756,8756,8768,13075.0,47,111136131.2866211,73919572.8302002,403121032.71484375,91372264.86206056
8757,8757,8769,13188.0,47,113761233.32977296,77080863.95263672,386717610.3591919,95837024.6887207
8758,8758,8770,13346.0,48,122052764.89257812,74711566.92504883,394799755.0964356,91639450.0732422
8759,8759,8771,12953.0,48,102888681.41174316,68970390.31982422,378018413.5437012,89165916.4428711
8760,8760,8772,13310.0,47,113712970.73364258,78674377.44140625,387676631.92749023,94492347.71728516
8761,8761,8773,13337.0,46,121438644.40917967,82028675.0793457,353528068.54248047,94259475.7080078
8762,8762,8774,12996.0,45,113756778.71704102,72374597.54943848,356767955.7800293,88132846.83227539
8763,8763,8775,12951.0,58,107061087.6083374,66872616.7678833,355535716.05682373,83002984.04693604
8764,8764,8776,12077.0,47,92190124.51171876,60877590.17944336,276190655.708313,72466680.5267334
8765,8765,8777,11977.0,47,74857059.47875977,55374179.84008789,260208309.173584,66577573.77624512
8766,8766,8778,11651.0,39,86751583.09936523,56040794.372558594,307163444.51904297,65562564.84985352
8767,8767,8779,14063.0,65,97750387.19177246,67635046.95892334,359445456.5048218,91629377.3651123
8768,8768,8780,13967.0,61,124366536.1404419,82389821.05255127,424848193.16864014,94260199.54681396
8769,8769,8781,13200.0,46,116490834.23614502,75701259.61303711,322008592.6055908,86956209.18273926
8770,8770,8782,13082.0,46,102315612.79296876,68968241.69158936,330613098.14453125,86996559.1430664
8771,8771,8783,13318.0,46,113742351.53198242,75285949.70703125,308092533.11157227,89672462.4633789
8772,8772,8784,13171.0,45,108914024.35302734,75427843.09387207,351464759.82666016,90354310.98937988
8773,8773,8785,13065.0,46,110514778.13720705,65390628.81469727,318467842.1020508,82530782.69958496
8774,8774,8786,13038.0,50,109381937.98065186,75920808.79211426,326583789.82543945,89572902.67944336
8775,8775,8787,12926.0,45,112929248.80981444,77797530.17425537,332943534.8510742,88133213.9968872
8776,8776,8788,12754.0,43,110518989.56298828,65840991.97387695,397670719.1467285,82967819.21386719
8777,8777,8789,12872.0,45,97790241.24145508,66728126.525878906,314068206.7871094,83450969.69604492
8778,8778,8790,13554.0,61,102977159.50012209,62359496.11663818,360266553.8787842,81795633.31604004
8779,8779,8791,13171.0,52,110008696.55609132,69420592.30804443,346347619.05670166,83157655.71594238
8780,8780,8792,13122.0,54,113694770.81298828,73022731.78100586,349166003.2272339,87385882.37762451
8781,8781,8793,13239.0,55,112151947.97515868,68816045.7611084,370719719.8867798,87916730.8807373
8782,8782,8794,13049.0,50,96776747.70355225,64710210.8001709,331275115.9667969,82065192.22259521
8783,8783,8795,12330.0,84,100740639.68658447,62343526.84020996,652849027.633667,76159953.1173706
8784,8784,8796,11317.0,53,99414618.49212646,54780554.77142334,558598744.392395,66889830.58929443
8785,8785,8797,12155.0,52,95321441.65039062,56321322.441101074,330362964.6301269,69205254.55474854
8786,8786,8798,11625.0,44,93776571.27380373,55390104.29382324,365255691.5283203,68187303.54309082
8787,8787,8799,12061.0,43,100593391.41845705,60923667.90771485,462164154.0527344,73600364.6850586
8788,8788,8800,11520.0,44,95227834.70153809,56768349.64752197,293950723.6480713,70050752.63977051
8789,8789,8801,11558.0,44,94582811.35559082,57125332.832336426,263230161.6668701,68702809.33380127
8790,8790,8802,11436.0,43,97592812.53814696,58126108.169555664,328301686.28692627,70513889.31274414
8791,8791,8803,11412.0,59,82524401.66473389,55909306.52618408,280235980.0338745,67193640.70892334
8792,8792,8804,11400.0,38,90369129.1809082,54810619.35424805,277978706.3598633,66757392.88330078
8793,8793,8805,11305.0,39,87444287.30010986,52762711.52496338,292174824.71466064,64960014.34326172
8794,8794,8806,11452.0,49,85044807.43408203,53460227.01263428,279292324.0661621,65182803.1539917
8795,8795,8807,11629.0,55,85153642.65441895,54218357.08618164,271813817.9779053,65522727.01263428
8796,8796,8808,11571.0,51,86178709.98382568,55780236.24420166,247637893.6767578,66153247.83325195
8797,8797,8809,11689.0,57,77314328.19366455,54521189.68963623,272546257.01904297,65955993.65234375
8798,8798,8810,12034.0,48,74557259.55963135,52654481.88781738,262699554.44335935,64824826.24053955
8799,8799,8811,12126.0,42,84605452.53753662,54645750.04577637,242070144.6533203,65235706.3293457
8800,8800,8812,12156.0,47,85463591.57562256,55879645.347595215,275005295.753479,68738142.0135498
8801,8801,8813,12078.0,42,85989002.2277832,57994853.97338867,245191719.05517575,69201824.18823242
8802,8802,8814,12265.0,48,87963257.78961182,57751966.47644043,267521325.1113892,68023825.64544678
8803,8803,8815,12401.0,47,84843284.6069336,55790119.17114258,268044183.7310791,71961694.71740723
8804,8804,8816,12099.0,43,73660068.51196289,65005290.98510742,257773891.4489746,78548871.99401855
8805,8805,8817,11877.0,41,66132266.998291016,62893173.21777344,200112186.4318848,69280754.08935547
8806,8806,8818,12952.0,64,64601153.37371826,46972850.79956055,228317341.8045044,51940645.21789551
8807,8807,8819,15054.0,71,95700957.2982788,61580784.79766846,560709870.33844,75266540.52734375
8808,8808,8820,15424.0,77,124816987.991333,79481935.50109863,342287672.996521,86817546.84448242
8809,8809,8821,15742.0,70,118992815.97137453,79272830.00946045,347089778.9001465,91042094.23065186
8810,8810,8822,15616.0,70,111511619.5678711,73115834.23614502,426765894.88983154,95143005.37109376
8811,8811,8823,16473.0,78,131659350.39520264,80004587.17346191,452119842.5292969,95512060.16540527
8812,8812,8824,16542.0,68,130583450.3173828,87955867.76733398,396457511.90185547,105810971.2600708
8813,8813,8825,13786.0,72,95350668.90716553,63018180.84716797,313463266.37268066,72708359.71832275
8814,8814,8826,14326.0,55,98220598.2208252,57904522.89581299,337458195.68634033,66949534.41619873
8815,8815,8827,14814.0,92,80583646.77429199,54308959.00726318,289984448.4329224,64619402.88543701
8816,8816,8828,13862.0,76,67185657.5012207,50540109.63439941,235668413.16223145,58736017.22717285
8817,8817,8829,15445.0,81,97653876.30462646,61762273.78845215,333581029.8919678,74035546.30279541
8818,8818,8830,16924.0,76,108899014.47296144,65473862.648010254,354881998.0621338,81784895.89691162
8819,8819,8831,16295.0,71,128650111.1984253,70506720.54290771,310889757.1563721,75486176.49078369
8820,8820,8832,14715.0,77,70180897.71270752,49428144.454956055,237401926.0406494,55129088.40179443
8821,8821,8833,14662.0,61,82238910.67504883,53607735.6338501,242802438.7359619,59444222.45025635
8822,8822,8834,16821.0,79,119272399.90234376,71119859.69543457,402686140.0604248,78088129.0435791
8823,8823,8835,14492.0,80,74243278.50341797,50428258.89587402,263040863.9907837,54973679.542541504
8824,8824,8836,14755.0,57,77491223.33526611,54494058.60900879,214930935.85968015,60343242.64526367
8825,8825,8837,17329.0,68,101860219.95544434,64695136.070251465,346800910.94970703,78663567.54302979
8826,8826,8838,17107.0,69,91456768.03588869,68147708.89282227,338256883.6212158,80844689.36920166
8827,8827,8839,17792.0,83,107952566.1468506,81761743.54553223,411339564.3234253,96385471.34399414
8828,8828,8840,17180.0,63,110898129.4631958,84600058.55560303,379352430.3436279,92771934.50927734
8829,8829,8841,16769.0,72,131410580.6350708,87831124.3057251,432537339.2105103,98978004.4555664
8830,8830,8842,16885.0,62,132095373.15368652,93279186.2487793,401889263.1530762,106226064.68200684
8831,8831,8843,16944.0,70,130179374.69482422,92341723.44207764,427657470.703125,109049887.65716553
8832,8832,8844,16945.0,66,131879178.04718018,92930095.67260742,378762256.62231445,107191842.0791626
8833,8833,8845,16924.0,62,105537355.42297363,74381702.4230957,316369694.70977783,83369527.81677246
8834,8834,8846,16117.0,68,114252600.66986084,76073345.18432617,444738492.96569824,87211808.20465088
8835,8835,8847,16069.0,95,99061706.54296876,68926738.73901367,428717102.0507813,91898959.15985107
8836,8836,8848,15622.0,92,93541626.93023682,72453107.8338623,401125255.5847168,87782414.43634033
8837,8837,8849,15407.0,97,97254487.03765868,74539741.51611328,291068388.9389038,86681345.93963623
8838,8838,8850,11987.0,76,16206173.89678955,41085660.93444824,94778477.6687622,42270394.32525635
8839,8839,8851,16305.0,78,113101884.84191896,56882105.82733154,386705423.35510254,78797763.82446289
8840,8840,8852,15874.0,69,125830863.95263672,79775662.42218018,446395471.572876,86988942.14630127
8841,8841,8853,16022.0,66,128571471.21429443,80237318.99261475,421392015.4571533,85759845.73364258
8842,8842,8854,15207.0,69,110399073.60076904,71406106.94885254,416077037.8112793,87227292.06085205
8843,8843,8855,16364.0,70,128293489.45617676,90143534.66033936,427183839.7979736,102925561.90490724
8844,8844,8856,15464.0,62,112958581.92443848,66535850.52490234,420724817.276001,94824146.27075195
8845,8845,8857,15923.0,57,133309746.74224854,93894363.40332033,483539063.4536743,106215662.00256348
8846,8846,8858,15582.0,58,133285285.94970705,87990135.1928711,418118190.76538086,100757648.46801758
8847,8847,8859,15681.0,62,132305865.28778076,86257605.55267334,374837806.70166016,97599547.38616943
8848,8848,8860,16176.0,66,133368494.9874878,87167277.3361206,443478497.505188,105385545.73059082
8849,8849,8861,16339.0,58,134269966.12548828,96306474.68566896,405260747.9095459,115174661.63635254
8850,8850,8862,14185.0,63,126408350.94451904,85529430.3894043,365684473.0377197,95108873.36730956
8851,8851,8863,11678.0,121,87736279.48760986,37137574.19586182,288500994.682312,45942502.97546387
8852,8852,8864,13039.0,47,99082057.95288086,39261936.18774414,253327007.2937012,49728561.40136719
8853,8853,8865,14057.0,66,112872423.17199709,52024258.613586426,329026874.5422363,72604688.64440918
8854,8854,8866,14967.0,54,132647319.79370116,70367206.57348633,380282661.4379883,84885629.65393066
8855,8855,8867,15341.0,66,125687703.1326294,71296883.58306885,413524581.9091797,88785463.33312988
8856,8856,8868,15757.0,59,132396813.39263916,82436848.6404419,423241185.1882935,94030527.11486816
8857,8857,8869,15776.0,58,127078952.78930664,76299023.62823486,412737333.2977295,89412807.46459961
8858,8858,8870,15910.0,70,134633064.27001953,89927148.81896973,484284425.7354736,109786071.77734376
8859,8859,8871,15996.0,58,135461940.76538086,91865144.72961426,452124250.4119873,105913046.83685304
8860,8860,8872,14848.0,56,118552974.70092772,74495995.52154541,387091499.3286133,91265860.55755617
8861,8861,8873,16995.0,77,146522218.70422363,105104353.90472412,450303927.4215698,119303740.5014038
8862,8862,8874,15417.0,55,125610112.19024658,95501041.41235352,472487098.69384766,117463073.73046876
8863,8863,8875,14612.0,148,140466646.194458,102723308.56323242,493378175.7354736,125069302.55889893
8864,8864,8876,14471.0,57,145419879.91333008,115304446.22039796,424236315.7272339,136364112.8540039
8865,8865,8877,14838.0,54,144131275.17700195,117511383.05664062,397668472.2900391,136179931.640625
8866,8866,8878,14206.0,63,132234417.91534424,88188807.4874878,437469411.8499756,123146731.37664796
8867,8867,8879,15027.0,63,148105355.26275635,111624019.62280272,488684020.99609375,128064688.68255617
8868,8868,8880,14811.0,54,143101802.82592773,90285673.14147948,491621307.3730469,126162384.03320312
8869,8869,8881,13936.0,58,135208921.43249512,88560547.82867432,448623987.197876,119432065.96374512
8870,8870,8882,15966.0,71,161706555.3665161,121893054.9621582,510702629.08935547,138743546.48590088
8871,8871,8883,14728.0,66,150233676.9104004,106940801.6204834,460882686.61499023,126152581.2149048
8872,8872,8884,15457.0,67,146557972.90802002,99017554.28314207,543698493.9575195,132459496.49810793
8873,8873,8885,15649.0,59,150250457.76367188,114037538.52844238,632469673.1567383,138262248.99291992
8874,8874,8886,15987.0,60,150132987.97607422,118510318.75610352,498106094.3603516,136730911.2548828
8875,8875,8887,16189.0,62,145162603.3782959,103834838.8671875,517668388.3666992,143728982.92541504
8876,8876,8888,16671.0,76,148806949.61547852,123880602.83660889,531383210.18218994,156009928.7033081
8877,8877,8889,15099.0,105,141720717.43011475,98113804.8171997,484343639.3737793,131495206.83288574
8878,8878,8890,16439.0,92,155267012.59613037,112830985.0692749,505571012.4969482,133706768.03588869
8879,8879,8891,16518.0,71,156151767.7307129,112041540.14587402,519878491.4016724,140599446.2966919
8880,8880,8892,16760.0,71,154651812.55340576,124330382.34710692,556616961.479187,141810626.98364258
8881,8881,8893,16105.0,64,148694942.47436523,102658779.14428712,552683537.4832153,141049118.9956665
8882,8882,8894,15995.0,78,141573489.18914795,105491097.45025636,495710812.56866455,135283252.71606445
8883,8883,8895,15682.0,83,152133203.50646973,104576768.87512209,498764699.9359131,136239398.0026245
8884,8884,8896,16055.0,74,146784255.027771,112831906.31866457,617215785.9802246,140525089.26391602
8885,8885,8897,13867.0,71,137909429.5501709,103478013.03863524,565999270.439148,120259654.04510498
8886,8886,8898,14799.0,86,144243716.2399292,97565612.79296876,416385639.1906738,114171737.67089844
8887,8887,8899,14658.0,75,131630207.06176758,100972210.88409424,473202572.8225708,114697673.79760742
8888,8888,8900,14690.0,53,135387783.0505371,102474052.42919922,441982830.0476074,113338592.52929688
8889,8889,8901,14733.0,63,139934145.9274292,101062253.95202637,411438582.4203491,121166467.66662598
8890,8890,8902,15455.0,94,134719661.71264648,94000669.47937012,483418870.9259033,120847695.35064696
8891,8891,8903,14403.0,95,129129815.10162354,78335893.63098145,505158798.21777344,91650817.87109376
8892,8892,8904,14641.0,80,129995492.93518066,86552037.2390747,485799902.9159546,107913867.95043944
8893,8893,8905,14393.0,66,136366777.42004395,94508758.54492188,480298325.53863525,110900767.32635498
8894,8894,8906,14990.0,62,141829858.77990723,106673788.07067873,534141758.9187622,119146245.00274658
8895,8895,8907,13728.0,57,123529809.95178224,89206686.97357178,432925186.15722656,108297700.881958
8896,8896,8908,14896.0,80,146883555.41229248,85252454.75769043,501990385.055542,108601531.98242188
8897,8897,8909,15214.0,63,143642974.85351562,105471434.59320068,475723369.5983887,125409034.7290039
8898,8898,8910,14842.0,53,146320293.42651367,114590744.01855467,670259384.1552734,124608623.50463869
8899,8899,8911,14373.0,64,137429810.52398682,91869567.87109376,474560029.9835205,116977993.0114746
8900,8900,8912,15208.0,60,148941055.29785156,89777561.18774414,452717422.4853516,108446140.28930664
8901,8901,8913,14779.0,86,141776743.88885498,81324868.20220947,550769436.8362427,101614423.75183104
8902,8902,8914,15224.0,86,142776134.4909668,85972639.0838623,563477292.060852,119804105.758667
8903,8903,8915,15880.0,57,152058398.24676514,116924640.65551758,582678676.6052246,132593433.38012695
8904,8904,8916,15612.0,55,149036919.59381104,112599647.52197266,450270483.9706421,132084251.4038086
8905,8905,8917,16433.0,65,155330594.06280518,114561059.95178224,584685179.7103882,148243014.33563232
8906,8906,8918,15518.0,63,150503454.20837402,111294038.772583,505398050.30822754,141624505.9967041
8907,8907,8919,16220.0,66,150934476.852417,115059008.59832764,525440518.3792114,143341166.49627686
8908,8908,8920,15292.0,72,144047767.63916016,102289747.23815918,520080367.0883179,128153726.5777588
8909,8909,8921,14635.0,93,133765041.35131836,106134696.0067749,716776420.5932617,142140048.02703857
8910,8910,8922,13395.0,67,159676894.18792725,127628547.66845705,482135644.9127197,139448601.7227173
8911,8911,8923,13741.0,58,158677009.58251953,132073973.65570068,498420211.7919922,144419187.54577637
8912,8912,8924,13181.0,58,158079266.54815674,123423497.2000122,491351341.2475586,140274925.2319336
8913,8913,8925,14245.0,71,156921753.88336182,116843139.6484375,542693632.1258545,140374779.7012329
8914,8914,8926,13407.0,67,163904829.97894287,121201601.9821167,463592623.7106323,137712511.06262207
8915,8915,8927,13639.0,76,153712758.06427002,118655602.45513916,2778857878.6849976,138054080.96313477
8916,8916,8928,14888.0,62,158569279.67071533,128698627.47192384,567482608.795166,148442659.37805176
